2, 21702.jpg,1,649,347,54,101,-1,-1,-1,-1
2, 21702.jpg,2,608,340,69,110,-1,-1,-1,-1
2, 21702.jpg,3,908,351,37,115,-1,-1,-1,-1
2, 21702.jpg,4,303,368,37,86,-1,-1,-1,-1
2, 21702.jpg,5,345,305,46,84,-1,-1,-1,-1
2, 21702.jpg,6,576,322,42,100,-1,-1,-1,-1
2, 21702.jpg,7,139,333,44,99,-1,-1,-1,-1
2, 21702.jpg,8,991,289,45,95,-1,-1,-1,-1
2, 21702.jpg,9,780,355,33,96,-1,-1,-1,-1
2, 21702.jpg,10,498,326,38,83,-1,-1,-1,-1
2, 21702.jpg,11,237,426,71,95,-1,-1,-1,-1
3, 21703.jpg,1,649,345,55,103,-1,-1,-1,-1
3, 21703.jpg,2,614,339,68,110,-1,-1,-1,-1
3, 21703.jpg,3,914,351,37,117,-1,-1,-1,-1
3, 21703.jpg,4,311,370,37,85,-1,-1,-1,-1
3, 21703.jpg,5,353,308,45,83,-1,-1,-1,-1
3, 21703.jpg,6,577,322,42,101,-1,-1,-1,-1
3, 21703.jpg,7,145,332,45,100,-1,-1,-1,-1
3, 21703.jpg,8,994,293,45,94,-1,-1,-1,-1
3, 21703.jpg,9,786,354,34,99,-1,-1,-1,-1
3, 21703.jpg,10,503,329,37,79,-1,-1,-1,-1
3, 21703.jpg,11,245,426,69,93,-1,-1,-1,-1
4, 21704.jpg,1,658,346,54,101,-1,-1,-1,-1
4, 21704.jpg,2,618,339,68,111,-1,-1,-1,-1
4, 21704.jpg,3,921,351,37,118,-1,-1,-1,-1
4, 21704.jpg,4,318,374,35,81,-1,-1,-1,-1
4, 21704.jpg,5,359,305,46,86,-1,-1,-1,-1
4, 21704.jpg,6,579,321,42,102,-1,-1,-1,-1
4, 21704.jpg,7,151,332,45,99,-1,-1,-1,-1
4, 21704.jpg,8,998,300,42,87,-1,-1,-1,-1
4, 21704.jpg,9,794,354,35,101,-1,-1,-1,-1
4, 21704.jpg,10,507,329,36,79,-1,-1,-1,-1
4, 21704.jpg,11,252,425,70,95,-1,-1,-1,-1
5, 21705.jpg,1,660,347,53,101,-1,-1,-1,-1
5, 21705.jpg,2,621,339,65,111,-1,-1,-1,-1
5, 21705.jpg,3,927,351,37,116,-1,-1,-1,-1
5, 21705.jpg,4,323,375,34,78,-1,-1,-1,-1
5, 21705.jpg,5,364,305,47,86,-1,-1,-1,-1
5, 21705.jpg,6,582,323,42,102,-1,-1,-1,-1
5, 21705.jpg,7,158,332,44,99,-1,-1,-1,-1
5, 21705.jpg,8,1002,307,39,80,-1,-1,-1,-1
5, 21705.jpg,9,801,355,34,99,-1,-1,-1,-1
5, 21705.jpg,10,508,331,37,78,-1,-1,-1,-1
5, 21705.jpg,11,258,424,69,96,-1,-1,-1,-1
6, 21706.jpg,1,668,341,56,106,-1,-1,-1,-1
6, 21706.jpg,2,623,339,65,111,-1,-1,-1,-1
6, 21706.jpg,3,931,351,37,115,-1,-1,-1,-1
6, 21706.jpg,4,330,378,33,75,-1,-1,-1,-1
6, 21706.jpg,5,371,303,47,85,-1,-1,-1,-1
6, 21706.jpg,6,588,325,41,103,-1,-1,-1,-1
6, 21706.jpg,7,164,331,44,99,-1,-1,-1,-1
6, 21706.jpg,8,1005,312,38,78,-1,-1,-1,-1
6, 21706.jpg,9,808,355,35,100,-1,-1,-1,-1
6, 21706.jpg,10,507,332,39,79,-1,-1,-1,-1
6, 21706.jpg,11,262,421,70,98,-1,-1,-1,-1
7, 21707.jpg,1,667,342,54,106,-1,-1,-1,-1
7, 21707.jpg,3,936,351,37,115,-1,-1,-1,-1
7, 21707.jpg,4,335,379,33,73,-1,-1,-1,-1
7, 21707.jpg,5,378,300,47,85,-1,-1,-1,-1
7, 21707.jpg,6,593,329,41,100,-1,-1,-1,-1
7, 21707.jpg,7,169,328,46,103,-1,-1,-1,-1
7, 21707.jpg,8,1006,315,38,78,-1,-1,-1,-1
7, 21707.jpg,9,814,357,33,98,-1,-1,-1,-1
7, 21707.jpg,10,508,333,41,80,-1,-1,-1,-1
7, 21707.jpg,11,265,417,73,103,-1,-1,-1,-1
8, 21708.jpg,1,674,343,53,106,-1,-1,-1,-1
8, 21708.jpg,2,635,336,66,115,-1,-1,-1,-1
8, 21708.jpg,3,942,351,37,115,-1,-1,-1,-1
8, 21708.jpg,4,338,378,34,74,-1,-1,-1,-1
8, 21708.jpg,5,384,297,48,87,-1,-1,-1,-1
8, 21708.jpg,6,597,332,40,99,-1,-1,-1,-1
8, 21708.jpg,7,173,327,45,102,-1,-1,-1,-1
8, 21708.jpg,8,1008,316,39,78,-1,-1,-1,-1
8, 21708.jpg,9,820,358,34,98,-1,-1,-1,-1
8, 21708.jpg,10,508,333,43,81,-1,-1,-1,-1
8, 21708.jpg,11,269,415,72,103,-1,-1,-1,-1
9, 21709.jpg,1,674,339,56,113,-1,-1,-1,-1
9, 21709.jpg,2,638,336,67,115,-1,-1,-1,-1
9, 21709.jpg,3,947,350,37,115,-1,-1,-1,-1
9, 21709.jpg,4,344,380,33,71,-1,-1,-1,-1
9, 21709.jpg,5,390,294,49,89,-1,-1,-1,-1
9, 21709.jpg,6,603,333,39,99,-1,-1,-1,-1
9, 21709.jpg,7,176,326,46,103,-1,-1,-1,-1
9, 21709.jpg,8,1012,318,38,77,-1,-1,-1,-1
9, 21709.jpg,9,826,360,33,96,-1,-1,-1,-1
9, 21709.jpg,10,508,331,45,82,-1,-1,-1,-1
9, 21709.jpg,11,271,412,71,103,-1,-1,-1,-1
10, 21710.jpg,1,671,337,58,117,-1,-1,-1,-1
10, 21710.jpg,2,648,336,62,111,-1,-1,-1,-1
10, 21710.jpg,3,951,350,37,115,-1,-1,-1,-1
10, 21710.jpg,4,349,380,33,71,-1,-1,-1,-1
10, 21710.jpg,5,397,293,48,87,-1,-1,-1,-1
10, 21710.jpg,6,607,334,39,99,-1,-1,-1,-1
10, 21710.jpg,7,181,323,46,104,-1,-1,-1,-1
10, 21710.jpg,8,1013,318,38,79,-1,-1,-1,-1
10, 21710.jpg,9,831,360,33,96,-1,-1,-1,-1
10, 21710.jpg,10,509,330,48,82,-1,-1,-1,-1
10, 21710.jpg,11,274,410,68,101,-1,-1,-1,-1
11, 21711.jpg,1,670,339,56,116,-1,-1,-1,-1
11, 21711.jpg,2,653,337,58,109,-1,-1,-1,-1
11, 21711.jpg,3,955,349,38,115,-1,-1,-1,-1
11, 21711.jpg,4,352,381,35,74,-1,-1,-1,-1
11, 21711.jpg,5,404,291,47,85,-1,-1,-1,-1
11, 21711.jpg,6,610,336,38,98,-1,-1,-1,-1
11, 21711.jpg,7,184,321,48,108,-1,-1,-1,-1
11, 21711.jpg,8,1012,318,40,82,-1,-1,-1,-1
11, 21711.jpg,9,837,361,34,95,-1,-1,-1,-1
11, 21711.jpg,10,511,331,50,81,-1,-1,-1,-1
11, 21711.jpg,11,276,407,66,101,-1,-1,-1,-1
12, 21712.jpg,1,685,335,57,117,-1,-1,-1,-1
12, 21712.jpg,2,656,338,57,111,-1,-1,-1,-1
12, 21712.jpg,3,961,350,37,113,-1,-1,-1,-1
12, 21712.jpg,4,355,383,36,75,-1,-1,-1,-1
12, 21712.jpg,5,409,288,48,87,-1,-1,-1,-1
12, 21712.jpg,6,614,337,38,101,-1,-1,-1,-1
12, 21712.jpg,7,188,321,48,109,-1,-1,-1,-1
12, 21712.jpg,8,1012,318,41,84,-1,-1,-1,-1
12, 21712.jpg,9,842,362,34,95,-1,-1,-1,-1
12, 21712.jpg,10,510,332,52,83,-1,-1,-1,-1
12, 21712.jpg,11,279,406,63,98,-1,-1,-1,-1
13, 21713.jpg,1,689,335,57,118,-1,-1,-1,-1
13, 21713.jpg,2,660,338,57,111,-1,-1,-1,-1
13, 21713.jpg,3,965,351,37,113,-1,-1,-1,-1
13, 21713.jpg,4,359,386,35,74,-1,-1,-1,-1
13, 21713.jpg,5,415,285,48,90,-1,-1,-1,-1
13, 21713.jpg,6,617,338,39,105,-1,-1,-1,-1
13, 21713.jpg,7,191,322,49,108,-1,-1,-1,-1
13, 21713.jpg,8,1013,319,40,86,-1,-1,-1,-1
13, 21713.jpg,9,846,361,33,96,-1,-1,-1,-1
13, 21713.jpg,10,507,332,53,84,-1,-1,-1,-1
13, 21713.jpg,11,282,404,59,96,-1,-1,-1,-1
14, 21714.jpg,1,693,336,56,117,-1,-1,-1,-1
14, 21714.jpg,2,676,346,52,105,-1,-1,-1,-1
14, 21714.jpg,3,967,350,38,116,-1,-1,-1,-1
14, 21714.jpg,4,362,389,35,71,-1,-1,-1,-1
14, 21714.jpg,5,421,282,46,90,-1,-1,-1,-1
14, 21714.jpg,6,623,341,38,103,-1,-1,-1,-1
14, 21714.jpg,7,193,323,49,108,-1,-1,-1,-1
14, 21714.jpg,8,1011,319,42,90,-1,-1,-1,-1
14, 21714.jpg,9,851,361,33,96,-1,-1,-1,-1
14, 21714.jpg,10,505,333,55,86,-1,-1,-1,-1
14, 21714.jpg,11,283,404,57,91,-1,-1,-1,-1
15, 21715.jpg,1,691,337,57,120,-1,-1,-1,-1
15, 21715.jpg,2,681,347,52,104,-1,-1,-1,-1
15, 21715.jpg,3,968,350,38,115,-1,-1,-1,-1
15, 21715.jpg,4,365,391,35,70,-1,-1,-1,-1
15, 21715.jpg,5,425,279,45,89,-1,-1,-1,-1
15, 21715.jpg,6,625,343,38,101,-1,-1,-1,-1
15, 21715.jpg,7,195,325,50,108,-1,-1,-1,-1
15, 21715.jpg,8,1013,321,41,87,-1,-1,-1,-1
15, 21715.jpg,9,855,360,34,99,-1,-1,-1,-1
15, 21715.jpg,10,503,336,53,85,-1,-1,-1,-1
15, 21715.jpg,11,284,403,54,89,-1,-1,-1,-1
16, 21716.jpg,1,694,335,55,115,-1,-1,-1,-1
16, 21716.jpg,3,971,350,37,113,-1,-1,-1,-1
16, 21716.jpg,4,367,392,36,70,-1,-1,-1,-1
16, 21716.jpg,5,430,276,44,89,-1,-1,-1,-1
16, 21716.jpg,6,627,345,37,100,-1,-1,-1,-1
16, 21716.jpg,7,198,328,50,110,-1,-1,-1,-1
16, 21716.jpg,8,1011,321,40,88,-1,-1,-1,-1
16, 21716.jpg,9,858,360,33,99,-1,-1,-1,-1
16, 21716.jpg,10,502,338,51,83,-1,-1,-1,-1
16, 21716.jpg,11,283,402,53,89,-1,-1,-1,-1
17, 21717.jpg,1,689,340,50,111,-1,-1,-1,-1
17, 21717.jpg,2,709,324,52,108,-1,-1,-1,-1
17, 21717.jpg,3,975,351,37,111,-1,-1,-1,-1
17, 21717.jpg,4,370,394,35,68,-1,-1,-1,-1
17, 21717.jpg,5,435,274,43,89,-1,-1,-1,-1
17, 21717.jpg,6,629,344,38,102,-1,-1,-1,-1
17, 21717.jpg,7,200,331,50,108,-1,-1,-1,-1
17, 21717.jpg,8,1009,321,40,89,-1,-1,-1,-1
17, 21717.jpg,9,860,360,34,101,-1,-1,-1,-1
17, 21717.jpg,10,501,338,52,86,-1,-1,-1,-1
17, 21717.jpg,11,281,402,53,88,-1,-1,-1,-1
18, 21718.jpg,1,690,345,52,114,-1,-1,-1,-1
18, 21718.jpg,2,716,319,50,109,-1,-1,-1,-1
18, 21718.jpg,3,978,352,37,108,-1,-1,-1,-1
18, 21718.jpg,4,370,394,36,67,-1,-1,-1,-1
18, 21718.jpg,5,439,273,42,87,-1,-1,-1,-1
18, 21718.jpg,6,632,344,37,102,-1,-1,-1,-1
18, 21718.jpg,7,201,333,50,107,-1,-1,-1,-1
18, 21718.jpg,8,1008,320,40,89,-1,-1,-1,-1
18, 21718.jpg,9,863,363,33,98,-1,-1,-1,-1
18, 21718.jpg,10,500,339,52,88,-1,-1,-1,-1
18, 21718.jpg,11,278,401,54,90,-1,-1,-1,-1
19, 21719.jpg,1,695,352,49,111,-1,-1,-1,-1
19, 21719.jpg,2,718,318,44,99,-1,-1,-1,-1
19, 21719.jpg,3,989,342,37,104,-1,-1,-1,-1
19, 21719.jpg,4,371,393,37,68,-1,-1,-1,-1
19, 21719.jpg,5,441,272,41,86,-1,-1,-1,-1
19, 21719.jpg,6,633,342,39,106,-1,-1,-1,-1
19, 21719.jpg,7,201,334,50,106,-1,-1,-1,-1
19, 21719.jpg,8,1008,321,41,89,-1,-1,-1,-1
19, 21719.jpg,9,865,366,33,96,-1,-1,-1,-1
19, 21719.jpg,10,498,338,52,92,-1,-1,-1,-1
19, 21719.jpg,11,274,399,57,92,-1,-1,-1,-1
20, 21720.jpg,1,705,357,47,107,-1,-1,-1,-1
20, 21720.jpg,2,725,316,43,97,-1,-1,-1,-1
20, 21720.jpg,3,983,347,37,105,-1,-1,-1,-1
20, 21720.jpg,4,373,395,38,66,-1,-1,-1,-1
20, 21720.jpg,5,445,271,40,85,-1,-1,-1,-1
20, 21720.jpg,6,635,344,40,109,-1,-1,-1,-1
20, 21720.jpg,7,202,335,49,106,-1,-1,-1,-1
20, 21720.jpg,8,1008,322,39,85,-1,-1,-1,-1
20, 21720.jpg,9,866,367,33,100,-1,-1,-1,-1
20, 21720.jpg,10,498,337,53,96,-1,-1,-1,-1
20, 21720.jpg,11,271,398,58,92,-1,-1,-1,-1
21, 21721.jpg,1,699,351,48,111,-1,-1,-1,-1
21, 21721.jpg,2,722,315,40,91,-1,-1,-1,-1
21, 21721.jpg,3,981,349,38,107,-1,-1,-1,-1
21, 21721.jpg,4,371,395,38,65,-1,-1,-1,-1
21, 21721.jpg,5,448,272,39,83,-1,-1,-1,-1
21, 21721.jpg,6,637,347,39,109,-1,-1,-1,-1
21, 21721.jpg,7,203,335,49,105,-1,-1,-1,-1
21, 21721.jpg,8,1007,322,38,85,-1,-1,-1,-1
21, 21721.jpg,9,867,369,34,100,-1,-1,-1,-1
21, 21721.jpg,10,497,337,54,99,-1,-1,-1,-1
21, 21721.jpg,11,269,397,59,93,-1,-1,-1,-1
22, 21722.jpg,1,698,353,49,111,-1,-1,-1,-1
22, 21722.jpg,2,727,313,39,89,-1,-1,-1,-1
22, 21722.jpg,3,979,348,40,109,-1,-1,-1,-1
22, 21722.jpg,4,370,395,39,65,-1,-1,-1,-1
22, 21722.jpg,5,451,272,39,80,-1,-1,-1,-1
22, 21722.jpg,6,637,352,39,105,-1,-1,-1,-1
22, 21722.jpg,7,205,334,49,107,-1,-1,-1,-1
22, 21722.jpg,8,1003,320,39,86,-1,-1,-1,-1
22, 21722.jpg,9,868,370,34,101,-1,-1,-1,-1
22, 21722.jpg,10,496,336,55,101,-1,-1,-1,-1
22, 21722.jpg,11,266,398,61,94,-1,-1,-1,-1
23, 21723.jpg,1,695,353,50,111,-1,-1,-1,-1
23, 21723.jpg,3,984,345,39,105,-1,-1,-1,-1
23, 21723.jpg,4,369,393,39,67,-1,-1,-1,-1
23, 21723.jpg,5,454,271,39,80,-1,-1,-1,-1
23, 21723.jpg,6,637,354,39,105,-1,-1,-1,-1
23, 21723.jpg,7,208,336,49,106,-1,-1,-1,-1
23, 21723.jpg,8,1002,321,39,86,-1,-1,-1,-1
23, 21723.jpg,9,869,370,35,101,-1,-1,-1,-1
23, 21723.jpg,10,497,336,56,104,-1,-1,-1,-1
23, 21723.jpg,11,265,397,62,95,-1,-1,-1,-1
24, 21724.jpg,1,701,337,47,106,-1,-1,-1,-1
24, 21724.jpg,2,720,315,34,81,-1,-1,-1,-1
24, 21724.jpg,3,982,350,38,104,-1,-1,-1,-1
24, 21724.jpg,4,367,391,41,69,-1,-1,-1,-1
24, 21724.jpg,5,455,269,41,82,-1,-1,-1,-1
24, 21724.jpg,6,638,357,39,106,-1,-1,-1,-1
24, 21724.jpg,7,211,338,48,105,-1,-1,-1,-1
24, 21724.jpg,9,869,369,37,105,-1,-1,-1,-1
24, 21724.jpg,10,496,335,56,106,-1,-1,-1,-1
24, 21724.jpg,11,263,396,63,96,-1,-1,-1,-1
25, 21725.jpg,1,702,329,45,101,-1,-1,-1,-1
25, 21725.jpg,2,723,313,33,79,-1,-1,-1,-1
25, 21725.jpg,3,981,347,38,105,-1,-1,-1,-1
25, 21725.jpg,4,367,389,42,71,-1,-1,-1,-1
25, 21725.jpg,5,454,267,44,85,-1,-1,-1,-1
25, 21725.jpg,6,637,360,40,106,-1,-1,-1,-1
25, 21725.jpg,7,215,342,47,99,-1,-1,-1,-1
25, 21725.jpg,9,870,369,37,105,-1,-1,-1,-1
25, 21725.jpg,10,495,336,54,102,-1,-1,-1,-1
25, 21725.jpg,11,260,395,63,97,-1,-1,-1,-1
26, 21726.jpg,1,710,319,40,91,-1,-1,-1,-1
26, 21726.jpg,3,982,339,38,106,-1,-1,-1,-1
26, 21726.jpg,4,368,388,42,72,-1,-1,-1,-1
26, 21726.jpg,5,455,267,44,84,-1,-1,-1,-1
26, 21726.jpg,6,638,364,40,105,-1,-1,-1,-1
26, 21726.jpg,7,217,342,48,99,-1,-1,-1,-1
26, 21726.jpg,9,870,371,38,102,-1,-1,-1,-1
26, 21726.jpg,10,493,337,53,100,-1,-1,-1,-1
26, 21726.jpg,11,259,393,61,99,-1,-1,-1,-1
27, 21727.jpg,1,711,315,40,91,-1,-1,-1,-1
27, 21727.jpg,3,983,349,35,100,-1,-1,-1,-1
27, 21727.jpg,4,367,386,42,73,-1,-1,-1,-1
27, 21727.jpg,5,458,265,45,84,-1,-1,-1,-1
27, 21727.jpg,6,638,365,40,104,-1,-1,-1,-1
27, 21727.jpg,7,220,345,48,95,-1,-1,-1,-1
27, 21727.jpg,8,984,325,33,75,-1,-1,-1,-1
27, 21727.jpg,9,872,372,37,101,-1,-1,-1,-1
27, 21727.jpg,10,491,338,54,104,-1,-1,-1,-1
27, 21727.jpg,11,258,394,60,98,-1,-1,-1,-1
28, 21728.jpg,1,711,314,40,93,-1,-1,-1,-1
28, 21728.jpg,3,983,358,33,93,-1,-1,-1,-1
28, 21728.jpg,4,367,384,43,74,-1,-1,-1,-1
28, 21728.jpg,5,462,265,44,81,-1,-1,-1,-1
28, 21728.jpg,6,639,365,40,105,-1,-1,-1,-1
28, 21728.jpg,7,224,345,50,95,-1,-1,-1,-1
28, 21728.jpg,8,975,325,33,73,-1,-1,-1,-1
28, 21728.jpg,9,873,373,37,100,-1,-1,-1,-1
28, 21728.jpg,10,491,340,53,103,-1,-1,-1,-1
28, 21728.jpg,11,256,394,60,100,-1,-1,-1,-1
28, 21728.jpg,17,690,355,48,107,-1,-1,-1,-1
29, 21729.jpg,1,707,315,34,80,-1,-1,-1,-1
29, 21729.jpg,3,984,359,33,91,-1,-1,-1,-1
29, 21729.jpg,4,367,381,44,77,-1,-1,-1,-1
29, 21729.jpg,5,464,264,45,82,-1,-1,-1,-1
29, 21729.jpg,6,639,366,41,104,-1,-1,-1,-1
29, 21729.jpg,7,227,346,52,95,-1,-1,-1,-1
29, 21729.jpg,8,970,326,36,77,-1,-1,-1,-1
29, 21729.jpg,9,875,375,37,99,-1,-1,-1,-1
29, 21729.jpg,10,490,343,52,101,-1,-1,-1,-1
29, 21729.jpg,11,254,395,60,103,-1,-1,-1,-1
29, 21729.jpg,17,699,343,44,97,-1,-1,-1,-1
30, 21730.jpg,1,709,315,31,71,-1,-1,-1,-1
30, 21730.jpg,3,977,338,39,104,-1,-1,-1,-1
30, 21730.jpg,4,366,379,45,80,-1,-1,-1,-1
30, 21730.jpg,5,468,263,44,81,-1,-1,-1,-1
30, 21730.jpg,6,640,366,40,104,-1,-1,-1,-1
30, 21730.jpg,7,228,345,56,98,-1,-1,-1,-1
30, 21730.jpg,8,967,327,36,77,-1,-1,-1,-1
30, 21730.jpg,9,878,376,37,98,-1,-1,-1,-1
30, 21730.jpg,10,488,346,52,99,-1,-1,-1,-1
30, 21730.jpg,11,256,400,56,100,-1,-1,-1,-1
30, 21730.jpg,17,701,333,45,98,-1,-1,-1,-1
31, 21731.jpg,1,710,313,29,67,-1,-1,-1,-1
31, 21731.jpg,3,982,343,39,105,-1,-1,-1,-1
31, 21731.jpg,4,366,379,46,81,-1,-1,-1,-1
31, 21731.jpg,5,471,262,43,78,-1,-1,-1,-1
31, 21731.jpg,6,640,367,40,103,-1,-1,-1,-1
31, 21731.jpg,7,231,346,58,97,-1,-1,-1,-1
31, 21731.jpg,8,959,325,42,86,-1,-1,-1,-1
31, 21731.jpg,9,882,378,36,97,-1,-1,-1,-1
31, 21731.jpg,10,488,348,51,98,-1,-1,-1,-1
31, 21731.jpg,11,255,403,53,97,-1,-1,-1,-1
31, 21731.jpg,17,701,321,44,97,-1,-1,-1,-1
32, 21732.jpg,3,974,338,40,100,-1,-1,-1,-1
32, 21732.jpg,4,365,378,46,83,-1,-1,-1,-1
32, 21732.jpg,5,476,262,41,76,-1,-1,-1,-1
32, 21732.jpg,6,640,368,40,104,-1,-1,-1,-1
32, 21732.jpg,7,234,345,58,96,-1,-1,-1,-1
32, 21732.jpg,8,956,326,42,86,-1,-1,-1,-1
32, 21732.jpg,9,885,379,36,97,-1,-1,-1,-1
32, 21732.jpg,10,487,350,50,97,-1,-1,-1,-1
32, 21732.jpg,11,253,406,52,96,-1,-1,-1,-1
32, 21732.jpg,17,703,314,43,94,-1,-1,-1,-1
33, 21733.jpg,3,974,337,40,100,-1,-1,-1,-1
33, 21733.jpg,4,364,377,47,84,-1,-1,-1,-1
33, 21733.jpg,5,478,263,41,75,-1,-1,-1,-1
33, 21733.jpg,6,638,367,42,109,-1,-1,-1,-1
33, 21733.jpg,7,237,345,58,96,-1,-1,-1,-1
33, 21733.jpg,8,960,332,46,91,-1,-1,-1,-1
33, 21733.jpg,9,887,380,36,96,-1,-1,-1,-1
33, 21733.jpg,10,487,352,47,94,-1,-1,-1,-1
33, 21733.jpg,11,247,384,56,103,-1,-1,-1,-1
33, 21733.jpg,18,697,341,41,108,-1,-1,-1,-1
34, 21734.jpg,3,982,344,42,105,-1,-1,-1,-1
34, 21734.jpg,4,362,375,48,87,-1,-1,-1,-1
34, 21734.jpg,5,481,263,39,73,-1,-1,-1,-1
34, 21734.jpg,6,637,369,42,109,-1,-1,-1,-1
34, 21734.jpg,7,244,348,58,92,-1,-1,-1,-1
34, 21734.jpg,8,950,332,43,83,-1,-1,-1,-1
34, 21734.jpg,9,887,380,38,97,-1,-1,-1,-1
34, 21734.jpg,10,487,355,46,91,-1,-1,-1,-1
34, 21734.jpg,11,248,403,52,95,-1,-1,-1,-1
34, 21734.jpg,18,699,345,42,112,-1,-1,-1,-1
35, 21735.jpg,3,984,345,43,108,-1,-1,-1,-1
35, 21735.jpg,4,361,373,48,89,-1,-1,-1,-1
35, 21735.jpg,5,483,263,38,72,-1,-1,-1,-1
35, 21735.jpg,6,636,370,41,108,-1,-1,-1,-1
35, 21735.jpg,7,248,351,57,87,-1,-1,-1,-1
35, 21735.jpg,8,942,332,43,81,-1,-1,-1,-1
35, 21735.jpg,9,888,382,39,96,-1,-1,-1,-1
35, 21735.jpg,10,487,357,44,89,-1,-1,-1,-1
35, 21735.jpg,11,246,409,54,96,-1,-1,-1,-1
35, 21735.jpg,18,700,343,39,104,-1,-1,-1,-1
36, 21736.jpg,3,986,345,43,110,-1,-1,-1,-1
36, 21736.jpg,4,360,372,48,90,-1,-1,-1,-1
36, 21736.jpg,5,486,266,36,68,-1,-1,-1,-1
36, 21736.jpg,6,632,373,41,104,-1,-1,-1,-1
36, 21736.jpg,7,255,352,56,85,-1,-1,-1,-1
36, 21736.jpg,8,935,331,42,80,-1,-1,-1,-1
36, 21736.jpg,9,888,385,39,94,-1,-1,-1,-1
36, 21736.jpg,10,486,359,44,91,-1,-1,-1,-1
36, 21736.jpg,11,245,411,54,96,-1,-1,-1,-1
36, 21736.jpg,18,699,329,38,98,-1,-1,-1,-1
37, 21737.jpg,3,987,346,42,110,-1,-1,-1,-1
37, 21737.jpg,4,358,371,46,89,-1,-1,-1,-1
37, 21737.jpg,5,487,267,36,66,-1,-1,-1,-1
37, 21737.jpg,6,631,375,40,105,-1,-1,-1,-1
37, 21737.jpg,7,256,350,62,94,-1,-1,-1,-1
37, 21737.jpg,8,930,333,42,79,-1,-1,-1,-1
37, 21737.jpg,9,887,386,40,94,-1,-1,-1,-1
37, 21737.jpg,10,485,360,45,92,-1,-1,-1,-1
37, 21737.jpg,11,242,413,53,95,-1,-1,-1,-1
37, 21737.jpg,18,698,330,38,98,-1,-1,-1,-1
38, 21738.jpg,3,989,347,41,109,-1,-1,-1,-1
38, 21738.jpg,4,355,372,46,90,-1,-1,-1,-1
38, 21738.jpg,5,487,267,37,67,-1,-1,-1,-1
38, 21738.jpg,6,628,375,41,105,-1,-1,-1,-1
38, 21738.jpg,7,254,351,66,100,-1,-1,-1,-1
38, 21738.jpg,8,923,333,42,79,-1,-1,-1,-1
38, 21738.jpg,9,886,388,41,92,-1,-1,-1,-1
38, 21738.jpg,10,483,363,45,93,-1,-1,-1,-1
38, 21738.jpg,11,239,415,53,93,-1,-1,-1,-1
38, 21738.jpg,18,695,333,32,82,-1,-1,-1,-1
38, 21738.jpg,21,697,378,39,107,-1,-1,-1,-1
39, 21739.jpg,3,988,347,40,107,-1,-1,-1,-1
39, 21739.jpg,4,352,372,46,92,-1,-1,-1,-1
39, 21739.jpg,5,488,266,39,67,-1,-1,-1,-1
39, 21739.jpg,6,623,374,41,104,-1,-1,-1,-1
39, 21739.jpg,7,259,354,64,93,-1,-1,-1,-1
39, 21739.jpg,8,918,333,41,78,-1,-1,-1,-1
39, 21739.jpg,9,886,389,41,92,-1,-1,-1,-1
39, 21739.jpg,10,481,366,45,92,-1,-1,-1,-1
39, 21739.jpg,11,235,414,55,95,-1,-1,-1,-1
39, 21739.jpg,17,694,318,34,73,-1,-1,-1,-1
39, 21739.jpg,18,691,343,32,83,-1,-1,-1,-1
39, 21739.jpg,21,693,380,39,108,-1,-1,-1,-1
40, 21740.jpg,3,987,347,40,106,-1,-1,-1,-1
40, 21740.jpg,4,348,373,46,93,-1,-1,-1,-1
40, 21740.jpg,5,486,267,40,66,-1,-1,-1,-1
40, 21740.jpg,6,618,373,41,104,-1,-1,-1,-1
40, 21740.jpg,7,261,355,64,91,-1,-1,-1,-1
40, 21740.jpg,8,912,334,41,77,-1,-1,-1,-1
40, 21740.jpg,9,885,389,42,91,-1,-1,-1,-1
40, 21740.jpg,10,481,370,42,87,-1,-1,-1,-1
40, 21740.jpg,11,230,415,59,98,-1,-1,-1,-1
40, 21740.jpg,17,692,316,36,76,-1,-1,-1,-1
40, 21740.jpg,18,689,342,31,80,-1,-1,-1,-1
40, 21740.jpg,21,690,384,40,110,-1,-1,-1,-1
