2, 44142.jpg,1,696,283,59,113,-1,-1,-1,-1
2, 44142.jpg,2,554,271,49,114,-1,-1,-1,-1
2, 44142.jpg,3,866,287,46,108,-1,-1,-1,-1
2, 44142.jpg,4,601,329,51,113,-1,-1,-1,-1
2, 44142.jpg,5,315,304,49,108,-1,-1,-1,-1
2, 44142.jpg,6,826,353,46,111,-1,-1,-1,-1
2, 44142.jpg,7,449,263,38,99,-1,-1,-1,-1
2, 44142.jpg,8,882,405,51,53,-1,-1,-1,-1
2, 44142.jpg,9,405,339,46,114,-1,-1,-1,-1
3, 44143.jpg,1,695,276,58,111,-1,-1,-1,-1
3, 44143.jpg,2,549,273,53,123,-1,-1,-1,-1
3, 44143.jpg,3,863,285,46,108,-1,-1,-1,-1
3, 44143.jpg,4,600,329,50,110,-1,-1,-1,-1
3, 44143.jpg,5,316,297,50,112,-1,-1,-1,-1
3, 44143.jpg,6,825,351,45,111,-1,-1,-1,-1
3, 44143.jpg,7,450,257,37,98,-1,-1,-1,-1
3, 44143.jpg,8,880,401,52,56,-1,-1,-1,-1
3, 44143.jpg,9,408,340,43,109,-1,-1,-1,-1
4, 44144.jpg,1,688,268,53,102,-1,-1,-1,-1
4, 44144.jpg,2,544,270,52,121,-1,-1,-1,-1
4, 44144.jpg,3,859,282,45,106,-1,-1,-1,-1
4, 44144.jpg,4,597,328,50,110,-1,-1,-1,-1
4, 44144.jpg,5,318,289,51,117,-1,-1,-1,-1
4, 44144.jpg,6,822,348,46,113,-1,-1,-1,-1
4, 44144.jpg,7,452,252,37,97,-1,-1,-1,-1
4, 44144.jpg,8,881,403,51,54,-1,-1,-1,-1
4, 44144.jpg,9,409,341,44,107,-1,-1,-1,-1
5, 44145.jpg,1,695,277,56,107,-1,-1,-1,-1
5, 44145.jpg,2,546,283,49,116,-1,-1,-1,-1
5, 44145.jpg,3,855,280,45,107,-1,-1,-1,-1
5, 44145.jpg,4,595,328,50,109,-1,-1,-1,-1
5, 44145.jpg,5,321,282,52,121,-1,-1,-1,-1
5, 44145.jpg,6,820,347,46,115,-1,-1,-1,-1
5, 44145.jpg,7,453,247,38,99,-1,-1,-1,-1
5, 44145.jpg,8,880,404,52,54,-1,-1,-1,-1
5, 44145.jpg,9,412,341,44,108,-1,-1,-1,-1
5, 44145.jpg,10,719,299,37,103,-1,-1,-1,-1
6, 44146.jpg,1,692,269,50,99,-1,-1,-1,-1
6, 44146.jpg,2,540,277,49,117,-1,-1,-1,-1
6, 44146.jpg,3,852,278,44,105,-1,-1,-1,-1
6, 44146.jpg,4,593,329,50,107,-1,-1,-1,-1
6, 44146.jpg,5,326,280,51,120,-1,-1,-1,-1
6, 44146.jpg,6,817,346,46,115,-1,-1,-1,-1
6, 44146.jpg,7,455,243,38,101,-1,-1,-1,-1
6, 44146.jpg,8,878,403,54,56,-1,-1,-1,-1
6, 44146.jpg,9,414,342,44,107,-1,-1,-1,-1
6, 44146.jpg,10,721,302,36,99,-1,-1,-1,-1
7, 44147.jpg,1,695,265,52,99,-1,-1,-1,-1
7, 44147.jpg,2,534,269,47,110,-1,-1,-1,-1
7, 44147.jpg,3,849,275,45,110,-1,-1,-1,-1
7, 44147.jpg,4,591,330,51,106,-1,-1,-1,-1
7, 44147.jpg,5,330,279,49,119,-1,-1,-1,-1
7, 44147.jpg,6,817,346,46,112,-1,-1,-1,-1
7, 44147.jpg,7,455,242,39,102,-1,-1,-1,-1
7, 44147.jpg,8,877,402,55,58,-1,-1,-1,-1
7, 44147.jpg,9,416,342,45,109,-1,-1,-1,-1
7, 44147.jpg,10,723,303,35,97,-1,-1,-1,-1
8, 44148.jpg,1,696,263,50,96,-1,-1,-1,-1
8, 44148.jpg,2,524,256,44,100,-1,-1,-1,-1
8, 44148.jpg,3,846,274,45,111,-1,-1,-1,-1
8, 44148.jpg,4,590,329,52,108,-1,-1,-1,-1
8, 44148.jpg,5,333,278,49,117,-1,-1,-1,-1
8, 44148.jpg,6,816,346,45,110,-1,-1,-1,-1
8, 44148.jpg,7,455,242,39,103,-1,-1,-1,-1
8, 44148.jpg,8,874,402,56,58,-1,-1,-1,-1
8, 44148.jpg,9,418,345,44,108,-1,-1,-1,-1
8, 44148.jpg,10,711,279,44,121,-1,-1,-1,-1
9, 44149.jpg,2,520,252,41,95,-1,-1,-1,-1
9, 44149.jpg,3,842,270,47,113,-1,-1,-1,-1
9, 44149.jpg,4,588,329,53,108,-1,-1,-1,-1
9, 44149.jpg,5,336,280,49,114,-1,-1,-1,-1
9, 44149.jpg,6,812,344,46,112,-1,-1,-1,-1
9, 44149.jpg,7,457,246,38,100,-1,-1,-1,-1
9, 44149.jpg,8,873,401,57,61,-1,-1,-1,-1
9, 44149.jpg,9,419,350,43,103,-1,-1,-1,-1
9, 44149.jpg,10,714,292,40,108,-1,-1,-1,-1
10, 44150.jpg,2,516,252,40,90,-1,-1,-1,-1
10, 44150.jpg,3,839,270,49,117,-1,-1,-1,-1
10, 44150.jpg,4,586,328,54,108,-1,-1,-1,-1
10, 44150.jpg,5,340,280,48,114,-1,-1,-1,-1
10, 44150.jpg,6,811,344,47,113,-1,-1,-1,-1
10, 44150.jpg,7,458,249,38,100,-1,-1,-1,-1
10, 44150.jpg,8,873,400,58,62,-1,-1,-1,-1
10, 44150.jpg,9,421,353,43,103,-1,-1,-1,-1
10, 44150.jpg,10,716,300,36,99,-1,-1,-1,-1
10, 44150.jpg,14,521,306,54,96,-1,-1,-1,-1
11, 44151.jpg,2,514,256,37,83,-1,-1,-1,-1
11, 44151.jpg,3,837,270,50,116,-1,-1,-1,-1
11, 44151.jpg,4,582,328,54,107,-1,-1,-1,-1
11, 44151.jpg,5,343,284,47,112,-1,-1,-1,-1
11, 44151.jpg,6,809,343,48,115,-1,-1,-1,-1
11, 44151.jpg,7,458,252,38,100,-1,-1,-1,-1
11, 44151.jpg,8,872,399,60,64,-1,-1,-1,-1
11, 44151.jpg,9,421,356,43,102,-1,-1,-1,-1
11, 44151.jpg,10,716,304,35,95,-1,-1,-1,-1
11, 44151.jpg,14,519,308,53,94,-1,-1,-1,-1
12, 44152.jpg,1,702,267,42,83,-1,-1,-1,-1
12, 44152.jpg,2,508,259,37,82,-1,-1,-1,-1
12, 44152.jpg,3,834,269,51,117,-1,-1,-1,-1
12, 44152.jpg,4,577,328,54,106,-1,-1,-1,-1
12, 44152.jpg,5,345,287,47,111,-1,-1,-1,-1
12, 44152.jpg,6,808,342,48,116,-1,-1,-1,-1
12, 44152.jpg,7,460,256,37,97,-1,-1,-1,-1
12, 44152.jpg,8,871,398,60,65,-1,-1,-1,-1
12, 44152.jpg,9,419,357,45,104,-1,-1,-1,-1
12, 44152.jpg,10,714,305,34,94,-1,-1,-1,-1
12, 44152.jpg,14,517,308,55,95,-1,-1,-1,-1
13, 44153.jpg,1,703,267,40,79,-1,-1,-1,-1
13, 44153.jpg,2,505,262,39,84,-1,-1,-1,-1
13, 44153.jpg,3,832,267,52,118,-1,-1,-1,-1
13, 44153.jpg,4,573,326,53,107,-1,-1,-1,-1
13, 44153.jpg,5,347,291,46,109,-1,-1,-1,-1
13, 44153.jpg,6,808,341,47,115,-1,-1,-1,-1
13, 44153.jpg,7,460,261,38,98,-1,-1,-1,-1
13, 44153.jpg,8,869,398,60,64,-1,-1,-1,-1
13, 44153.jpg,9,419,358,45,102,-1,-1,-1,-1
13, 44153.jpg,10,714,305,34,94,-1,-1,-1,-1
13, 44153.jpg,14,514,297,59,105,-1,-1,-1,-1
14, 44154.jpg,1,712,278,42,83,-1,-1,-1,-1
14, 44154.jpg,2,503,266,37,79,-1,-1,-1,-1
14, 44154.jpg,3,830,267,51,114,-1,-1,-1,-1
14, 44154.jpg,4,569,323,53,109,-1,-1,-1,-1
14, 44154.jpg,5,349,295,44,106,-1,-1,-1,-1
14, 44154.jpg,6,807,340,47,115,-1,-1,-1,-1
14, 44154.jpg,7,460,266,38,97,-1,-1,-1,-1
14, 44154.jpg,8,868,397,61,66,-1,-1,-1,-1
14, 44154.jpg,9,417,357,46,103,-1,-1,-1,-1
14, 44154.jpg,10,713,305,34,94,-1,-1,-1,-1
14, 44154.jpg,14,509,295,59,106,-1,-1,-1,-1
15, 44155.jpg,1,714,280,40,81,-1,-1,-1,-1
15, 44155.jpg,2,500,269,35,76,-1,-1,-1,-1
15, 44155.jpg,3,828,268,51,112,-1,-1,-1,-1
15, 44155.jpg,4,564,324,51,108,-1,-1,-1,-1
15, 44155.jpg,5,351,300,44,103,-1,-1,-1,-1
15, 44155.jpg,6,807,340,45,114,-1,-1,-1,-1
15, 44155.jpg,7,461,272,37,96,-1,-1,-1,-1
15, 44155.jpg,8,867,397,60,65,-1,-1,-1,-1
15, 44155.jpg,9,415,356,47,103,-1,-1,-1,-1
15, 44155.jpg,14,507,291,60,108,-1,-1,-1,-1
16, 44156.jpg,1,715,281,38,80,-1,-1,-1,-1
16, 44156.jpg,2,496,270,34,73,-1,-1,-1,-1
16, 44156.jpg,3,826,269,49,109,-1,-1,-1,-1
16, 44156.jpg,4,560,323,51,109,-1,-1,-1,-1
16, 44156.jpg,5,353,303,42,101,-1,-1,-1,-1
16, 44156.jpg,6,806,339,45,113,-1,-1,-1,-1
16, 44156.jpg,7,461,278,36,92,-1,-1,-1,-1
16, 44156.jpg,8,867,396,60,66,-1,-1,-1,-1
16, 44156.jpg,9,415,354,46,103,-1,-1,-1,-1
16, 44156.jpg,14,499,285,55,102,-1,-1,-1,-1
17, 44157.jpg,1,715,279,38,80,-1,-1,-1,-1
17, 44157.jpg,2,502,267,35,79,-1,-1,-1,-1
17, 44157.jpg,3,825,268,47,106,-1,-1,-1,-1
17, 44157.jpg,4,558,323,50,110,-1,-1,-1,-1
17, 44157.jpg,5,355,307,41,97,-1,-1,-1,-1
17, 44157.jpg,6,805,339,44,112,-1,-1,-1,-1
17, 44157.jpg,7,462,281,35,88,-1,-1,-1,-1
17, 44157.jpg,8,866,396,59,65,-1,-1,-1,-1
17, 44157.jpg,9,412,352,46,101,-1,-1,-1,-1
17, 44157.jpg,10,717,316,32,86,-1,-1,-1,-1
17, 44157.jpg,14,499,297,51,95,-1,-1,-1,-1
18, 44158.jpg,1,716,277,37,79,-1,-1,-1,-1
18, 44158.jpg,2,499,267,35,77,-1,-1,-1,-1
18, 44158.jpg,3,823,267,46,104,-1,-1,-1,-1
18, 44158.jpg,4,554,322,51,111,-1,-1,-1,-1
18, 44158.jpg,5,356,304,42,101,-1,-1,-1,-1
18, 44158.jpg,6,805,338,43,109,-1,-1,-1,-1
18, 44158.jpg,7,472,279,37,87,-1,-1,-1,-1
18, 44158.jpg,8,867,395,59,65,-1,-1,-1,-1
18, 44158.jpg,9,410,346,46,104,-1,-1,-1,-1
18, 44158.jpg,10,717,318,32,85,-1,-1,-1,-1
18, 44158.jpg,14,500,301,49,94,-1,-1,-1,-1
19, 44159.jpg,1,718,272,36,78,-1,-1,-1,-1
19, 44159.jpg,3,821,265,45,105,-1,-1,-1,-1
19, 44159.jpg,4,550,322,51,111,-1,-1,-1,-1
19, 44159.jpg,5,358,300,43,103,-1,-1,-1,-1
19, 44159.jpg,6,805,338,42,107,-1,-1,-1,-1
19, 44159.jpg,7,478,281,38,85,-1,-1,-1,-1
19, 44159.jpg,8,868,394,58,65,-1,-1,-1,-1
19, 44159.jpg,9,408,340,48,109,-1,-1,-1,-1
19, 44159.jpg,10,718,317,33,87,-1,-1,-1,-1
19, 44159.jpg,14,498,304,46,91,-1,-1,-1,-1
20, 44160.jpg,1,718,268,37,81,-1,-1,-1,-1
20, 44160.jpg,2,499,262,33,74,-1,-1,-1,-1
20, 44160.jpg,3,819,264,45,106,-1,-1,-1,-1
20, 44160.jpg,4,545,322,52,110,-1,-1,-1,-1
20, 44160.jpg,5,359,291,45,110,-1,-1,-1,-1
20, 44160.jpg,6,803,339,44,110,-1,-1,-1,-1
20, 44160.jpg,7,465,283,39,85,-1,-1,-1,-1
20, 44160.jpg,8,867,393,59,66,-1,-1,-1,-1
20, 44160.jpg,9,407,336,48,111,-1,-1,-1,-1
20, 44160.jpg,10,719,320,32,83,-1,-1,-1,-1
20, 44160.jpg,14,497,304,46,93,-1,-1,-1,-1
21, 44161.jpg,1,718,266,37,82,-1,-1,-1,-1
21, 44161.jpg,2,497,261,32,72,-1,-1,-1,-1
21, 44161.jpg,3,818,263,44,106,-1,-1,-1,-1
21, 44161.jpg,4,541,321,55,112,-1,-1,-1,-1
21, 44161.jpg,5,361,284,46,114,-1,-1,-1,-1
21, 44161.jpg,6,803,339,43,109,-1,-1,-1,-1
21, 44161.jpg,7,466,284,38,85,-1,-1,-1,-1
21, 44161.jpg,8,868,393,58,66,-1,-1,-1,-1
21, 44161.jpg,9,406,330,48,116,-1,-1,-1,-1
21, 44161.jpg,10,721,319,32,80,-1,-1,-1,-1
21, 44161.jpg,14,480,297,48,94,-1,-1,-1,-1
22, 44162.jpg,1,719,265,37,82,-1,-1,-1,-1
22, 44162.jpg,2,494,262,39,86,-1,-1,-1,-1
22, 44162.jpg,3,817,264,43,102,-1,-1,-1,-1
22, 44162.jpg,4,537,318,58,117,-1,-1,-1,-1
22, 44162.jpg,5,363,280,46,115,-1,-1,-1,-1
22, 44162.jpg,6,802,339,44,109,-1,-1,-1,-1
22, 44162.jpg,7,456,284,41,90,-1,-1,-1,-1
22, 44162.jpg,8,867,394,56,64,-1,-1,-1,-1
22, 44162.jpg,9,407,325,48,117,-1,-1,-1,-1
22, 44162.jpg,10,719,298,37,93,-1,-1,-1,-1
22, 44162.jpg,14,485,301,46,93,-1,-1,-1,-1
23, 44163.jpg,1,720,264,37,86,-1,-1,-1,-1
23, 44163.jpg,2,494,259,37,81,-1,-1,-1,-1
23, 44163.jpg,3,813,264,44,103,-1,-1,-1,-1
23, 44163.jpg,4,534,318,59,118,-1,-1,-1,-1
23, 44163.jpg,5,365,276,46,117,-1,-1,-1,-1
23, 44163.jpg,6,802,339,43,107,-1,-1,-1,-1
23, 44163.jpg,7,456,285,41,90,-1,-1,-1,-1
23, 44163.jpg,8,867,394,55,63,-1,-1,-1,-1
23, 44163.jpg,9,407,321,48,117,-1,-1,-1,-1
23, 44163.jpg,10,721,312,35,85,-1,-1,-1,-1
23, 44163.jpg,14,477,296,47,92,-1,-1,-1,-1
24, 44164.jpg,1,722,267,36,82,-1,-1,-1,-1
24, 44164.jpg,2,495,259,35,77,-1,-1,-1,-1
24, 44164.jpg,3,811,263,44,104,-1,-1,-1,-1
24, 44164.jpg,4,530,318,57,115,-1,-1,-1,-1
24, 44164.jpg,5,367,275,45,114,-1,-1,-1,-1
24, 44164.jpg,6,802,339,43,106,-1,-1,-1,-1
24, 44164.jpg,8,868,393,55,65,-1,-1,-1,-1
24, 44164.jpg,9,408,319,47,115,-1,-1,-1,-1
24, 44164.jpg,10,722,314,36,83,-1,-1,-1,-1
24, 44164.jpg,14,466,292,50,95,-1,-1,-1,-1
25, 44165.jpg,1,722,271,35,79,-1,-1,-1,-1
25, 44165.jpg,2,492,263,38,85,-1,-1,-1,-1
25, 44165.jpg,3,811,262,44,103,-1,-1,-1,-1
25, 44165.jpg,4,526,318,56,113,-1,-1,-1,-1
25, 44165.jpg,5,370,271,45,116,-1,-1,-1,-1
25, 44165.jpg,6,802,336,44,109,-1,-1,-1,-1
25, 44165.jpg,8,866,392,57,67,-1,-1,-1,-1
25, 44165.jpg,9,410,318,44,111,-1,-1,-1,-1
25, 44165.jpg,10,722,314,37,85,-1,-1,-1,-1
25, 44165.jpg,14,454,287,47,91,-1,-1,-1,-1
26, 44166.jpg,1,722,266,38,85,-1,-1,-1,-1
26, 44166.jpg,2,490,263,39,85,-1,-1,-1,-1
26, 44166.jpg,3,810,260,45,105,-1,-1,-1,-1
26, 44166.jpg,4,522,319,53,109,-1,-1,-1,-1
26, 44166.jpg,5,374,270,44,113,-1,-1,-1,-1
26, 44166.jpg,6,802,335,44,109,-1,-1,-1,-1
26, 44166.jpg,8,866,391,56,70,-1,-1,-1,-1
26, 44166.jpg,9,410,318,43,107,-1,-1,-1,-1
26, 44166.jpg,10,722,313,39,87,-1,-1,-1,-1
26, 44166.jpg,14,462,293,47,89,-1,-1,-1,-1
27, 44167.jpg,1,722,265,39,87,-1,-1,-1,-1
27, 44167.jpg,3,809,260,45,102,-1,-1,-1,-1
27, 44167.jpg,4,516,318,51,108,-1,-1,-1,-1
27, 44167.jpg,5,378,270,43,111,-1,-1,-1,-1
27, 44167.jpg,6,801,332,46,112,-1,-1,-1,-1
27, 44167.jpg,8,866,391,56,70,-1,-1,-1,-1
27, 44167.jpg,9,410,319,41,106,-1,-1,-1,-1
27, 44167.jpg,10,722,314,40,86,-1,-1,-1,-1
27, 44167.jpg,14,464,288,51,96,-1,-1,-1,-1
28, 44168.jpg,1,725,265,40,88,-1,-1,-1,-1
28, 44168.jpg,2,481,277,43,97,-1,-1,-1,-1
28, 44168.jpg,3,809,260,43,97,-1,-1,-1,-1
28, 44168.jpg,4,504,312,53,110,-1,-1,-1,-1
28, 44168.jpg,5,382,271,42,107,-1,-1,-1,-1
28, 44168.jpg,6,800,328,47,117,-1,-1,-1,-1
28, 44168.jpg,8,866,391,54,70,-1,-1,-1,-1
28, 44168.jpg,9,414,323,40,100,-1,-1,-1,-1
28, 44168.jpg,10,722,314,41,87,-1,-1,-1,-1
28, 44168.jpg,14,453,288,49,94,-1,-1,-1,-1
29, 44169.jpg,1,723,263,38,83,-1,-1,-1,-1
29, 44169.jpg,2,474,286,42,98,-1,-1,-1,-1
29, 44169.jpg,3,808,258,44,98,-1,-1,-1,-1
29, 44169.jpg,4,505,315,51,109,-1,-1,-1,-1
29, 44169.jpg,5,387,273,42,102,-1,-1,-1,-1
29, 44169.jpg,6,801,325,46,116,-1,-1,-1,-1
29, 44169.jpg,8,866,391,53,72,-1,-1,-1,-1
29, 44169.jpg,9,412,326,40,99,-1,-1,-1,-1
29, 44169.jpg,10,724,312,42,91,-1,-1,-1,-1
29, 44169.jpg,14,447,288,48,92,-1,-1,-1,-1
30, 44170.jpg,1,721,264,38,85,-1,-1,-1,-1
30, 44170.jpg,2,473,285,42,97,-1,-1,-1,-1
30, 44170.jpg,3,805,273,46,106,-1,-1,-1,-1
30, 44170.jpg,4,491,300,51,108,-1,-1,-1,-1
30, 44170.jpg,5,389,276,42,101,-1,-1,-1,-1
30, 44170.jpg,6,801,324,46,117,-1,-1,-1,-1
30, 44170.jpg,8,868,391,52,72,-1,-1,-1,-1
30, 44170.jpg,9,411,327,41,101,-1,-1,-1,-1
30, 44170.jpg,10,724,309,45,95,-1,-1,-1,-1
30, 44170.jpg,14,447,288,51,94,-1,-1,-1,-1
31, 44171.jpg,1,720,265,38,86,-1,-1,-1,-1
31, 44171.jpg,2,458,286,46,89,-1,-1,-1,-1
31, 44171.jpg,3,806,263,44,101,-1,-1,-1,-1
31, 44171.jpg,4,495,310,51,108,-1,-1,-1,-1
31, 44171.jpg,5,399,283,44,102,-1,-1,-1,-1
31, 44171.jpg,6,802,327,43,108,-1,-1,-1,-1
31, 44171.jpg,8,867,391,51,73,-1,-1,-1,-1
31, 44171.jpg,9,418,316,43,105,-1,-1,-1,-1
31, 44171.jpg,10,726,306,46,98,-1,-1,-1,-1
31, 44171.jpg,14,451,291,49,88,-1,-1,-1,-1
32, 44172.jpg,1,720,265,39,89,-1,-1,-1,-1
32, 44172.jpg,2,462,287,47,95,-1,-1,-1,-1
32, 44172.jpg,3,805,279,43,98,-1,-1,-1,-1
32, 44172.jpg,4,498,319,48,100,-1,-1,-1,-1
32, 44172.jpg,5,395,284,41,96,-1,-1,-1,-1
32, 44172.jpg,6,802,326,43,108,-1,-1,-1,-1
32, 44172.jpg,8,869,391,49,72,-1,-1,-1,-1
32, 44172.jpg,9,420,311,45,109,-1,-1,-1,-1
32, 44172.jpg,10,729,305,46,99,-1,-1,-1,-1
32, 44172.jpg,14,451,286,53,93,-1,-1,-1,-1
33, 44173.jpg,1,720,265,39,89,-1,-1,-1,-1
33, 44173.jpg,2,470,288,49,100,-1,-1,-1,-1
33, 44173.jpg,3,803,265,43,98,-1,-1,-1,-1
33, 44173.jpg,4,494,318,51,104,-1,-1,-1,-1
33, 44173.jpg,5,400,290,45,104,-1,-1,-1,-1
33, 44173.jpg,6,804,328,41,103,-1,-1,-1,-1
33, 44173.jpg,8,867,391,49,73,-1,-1,-1,-1
33, 44173.jpg,9,423,307,46,110,-1,-1,-1,-1
33, 44173.jpg,10,727,290,46,101,-1,-1,-1,-1
33, 44173.jpg,14,448,285,53,93,-1,-1,-1,-1
34, 44174.jpg,2,468,290,49,101,-1,-1,-1,-1
34, 44174.jpg,3,802,265,42,97,-1,-1,-1,-1
34, 44174.jpg,4,491,319,50,103,-1,-1,-1,-1
34, 44174.jpg,5,403,291,45,105,-1,-1,-1,-1
34, 44174.jpg,6,804,327,41,103,-1,-1,-1,-1
34, 44174.jpg,8,867,391,49,73,-1,-1,-1,-1
34, 44174.jpg,9,424,304,47,112,-1,-1,-1,-1
34, 44174.jpg,10,727,288,47,102,-1,-1,-1,-1
