2, 19567.jpg,1,1027,640,89,172,-1,-1,-1,-1
2, 19567.jpg,2,1858,726,51,148,-1,-1,-1,-1
2, 19567.jpg,3,1086,523,60,110,-1,-1,-1,-1
2, 19567.jpg,4,1310,598,71,130,-1,-1,-1,-1
2, 19567.jpg,5,975,559,80,125,-1,-1,-1,-1
2, 19567.jpg,6,1097,595,58,138,-1,-1,-1,-1
2, 19567.jpg,7,438,634,63,152,-1,-1,-1,-1
2, 19567.jpg,8,729,500,60,148,-1,-1,-1,-1
2, 19567.jpg,9,643,556,69,136,-1,-1,-1,-1
2, 19567.jpg,10,846,588,50,150,-1,-1,-1,-1
2, 19567.jpg,12,519,554,55,165,-1,-1,-1,-1
2, 19567.jpg,13,756,640,90,166,-1,-1,-1,-1
3, 19568.jpg,1,1022,640,89,175,-1,-1,-1,-1
3, 19568.jpg,2,1854,729,49,142,-1,-1,-1,-1
3, 19568.jpg,3,1079,529,61,113,-1,-1,-1,-1
3, 19568.jpg,4,1297,595,74,133,-1,-1,-1,-1
3, 19568.jpg,5,960,560,79,125,-1,-1,-1,-1
3, 19568.jpg,6,1089,582,61,144,-1,-1,-1,-1
3, 19568.jpg,7,428,636,63,151,-1,-1,-1,-1
3, 19568.jpg,8,725,503,60,147,-1,-1,-1,-1
3, 19568.jpg,9,629,557,70,137,-1,-1,-1,-1
3, 19568.jpg,10,838,587,50,151,-1,-1,-1,-1
3, 19568.jpg,12,509,565,55,163,-1,-1,-1,-1
3, 19568.jpg,13,747,639,92,169,-1,-1,-1,-1
4, 19569.jpg,1,1016,643,89,175,-1,-1,-1,-1
4, 19569.jpg,2,1844,727,51,144,-1,-1,-1,-1
4, 19569.jpg,3,1072,531,63,115,-1,-1,-1,-1
4, 19569.jpg,4,1284,589,75,134,-1,-1,-1,-1
4, 19569.jpg,5,947,561,78,123,-1,-1,-1,-1
4, 19569.jpg,6,1087,595,60,141,-1,-1,-1,-1
4, 19569.jpg,7,421,638,62,151,-1,-1,-1,-1
4, 19569.jpg,8,723,505,60,146,-1,-1,-1,-1
4, 19569.jpg,9,614,555,69,136,-1,-1,-1,-1
4, 19569.jpg,10,828,585,52,153,-1,-1,-1,-1
4, 19569.jpg,12,502,577,54,160,-1,-1,-1,-1
4, 19569.jpg,13,740,636,93,172,-1,-1,-1,-1
5, 19570.jpg,1,1012,646,88,175,-1,-1,-1,-1
5, 19570.jpg,2,1831,725,53,143,-1,-1,-1,-1
5, 19570.jpg,3,1066,533,63,114,-1,-1,-1,-1
5, 19570.jpg,4,1274,591,69,123,-1,-1,-1,-1
5, 19570.jpg,5,928,559,79,126,-1,-1,-1,-1
5, 19570.jpg,6,1081,597,62,146,-1,-1,-1,-1
5, 19570.jpg,7,411,640,64,154,-1,-1,-1,-1
5, 19570.jpg,8,717,510,60,143,-1,-1,-1,-1
5, 19570.jpg,9,601,558,66,132,-1,-1,-1,-1
5, 19570.jpg,10,823,587,51,152,-1,-1,-1,-1
5, 19570.jpg,12,499,590,52,155,-1,-1,-1,-1
5, 19570.jpg,13,736,636,91,171,-1,-1,-1,-1
6, 19571.jpg,1,1010,648,86,176,-1,-1,-1,-1
6, 19571.jpg,2,1825,725,53,141,-1,-1,-1,-1
6, 19571.jpg,3,1059,533,62,113,-1,-1,-1,-1
6, 19571.jpg,4,1290,582,66,117,-1,-1,-1,-1
6, 19571.jpg,5,912,560,78,127,-1,-1,-1,-1
6, 19571.jpg,6,1079,599,63,147,-1,-1,-1,-1
6, 19571.jpg,7,403,644,64,152,-1,-1,-1,-1
6, 19571.jpg,8,712,513,61,143,-1,-1,-1,-1
6, 19571.jpg,9,586,557,67,135,-1,-1,-1,-1
6, 19571.jpg,10,816,584,52,155,-1,-1,-1,-1
6, 19571.jpg,12,491,600,52,153,-1,-1,-1,-1
6, 19571.jpg,13,728,634,91,171,-1,-1,-1,-1
7, 19572.jpg,1,1010,651,83,173,-1,-1,-1,-1
7, 19572.jpg,3,1052,533,59,107,-1,-1,-1,-1
7, 19572.jpg,4,1289,579,65,114,-1,-1,-1,-1
7, 19572.jpg,5,895,560,80,129,-1,-1,-1,-1
7, 19572.jpg,6,1077,601,64,152,-1,-1,-1,-1
7, 19572.jpg,7,397,648,65,152,-1,-1,-1,-1
7, 19572.jpg,8,708,517,59,138,-1,-1,-1,-1
7, 19572.jpg,9,572,558,66,136,-1,-1,-1,-1
7, 19572.jpg,10,808,583,51,153,-1,-1,-1,-1
7, 19572.jpg,12,486,610,50,144,-1,-1,-1,-1
7, 19572.jpg,13,724,634,89,171,-1,-1,-1,-1
8, 19573.jpg,1,1010,656,79,167,-1,-1,-1,-1
8, 19573.jpg,3,1044,533,60,108,-1,-1,-1,-1
8, 19573.jpg,4,1281,577,66,116,-1,-1,-1,-1
8, 19573.jpg,5,881,563,78,127,-1,-1,-1,-1
8, 19573.jpg,6,1073,599,66,157,-1,-1,-1,-1
8, 19573.jpg,7,390,653,65,150,-1,-1,-1,-1
8, 19573.jpg,8,702,519,60,135,-1,-1,-1,-1
8, 19573.jpg,9,562,558,66,137,-1,-1,-1,-1
8, 19573.jpg,10,801,585,52,154,-1,-1,-1,-1
8, 19573.jpg,12,481,618,49,137,-1,-1,-1,-1
8, 19573.jpg,13,721,634,89,171,-1,-1,-1,-1
8, 19573.jpg,14,1186,592,79,127,-1,-1,-1,-1
9, 19574.jpg,1,1009,658,78,168,-1,-1,-1,-1
9, 19574.jpg,2,1799,720,56,145,-1,-1,-1,-1
9, 19574.jpg,3,1040,537,59,105,-1,-1,-1,-1
9, 19574.jpg,4,1275,576,66,117,-1,-1,-1,-1
9, 19574.jpg,5,869,565,77,126,-1,-1,-1,-1
9, 19574.jpg,6,1069,598,67,163,-1,-1,-1,-1
9, 19574.jpg,7,384,656,67,151,-1,-1,-1,-1
9, 19574.jpg,8,698,521,61,136,-1,-1,-1,-1
9, 19574.jpg,9,550,557,65,139,-1,-1,-1,-1
9, 19574.jpg,10,794,586,52,155,-1,-1,-1,-1
9, 19574.jpg,12,478,621,48,135,-1,-1,-1,-1
9, 19574.jpg,13,720,634,86,171,-1,-1,-1,-1
9, 19574.jpg,14,1174,591,77,124,-1,-1,-1,-1
10, 19575.jpg,1,1011,656,81,176,-1,-1,-1,-1
10, 19575.jpg,2,1790,719,60,147,-1,-1,-1,-1
10, 19575.jpg,3,1033,539,59,105,-1,-1,-1,-1
10, 19575.jpg,4,1271,577,66,116,-1,-1,-1,-1
10, 19575.jpg,5,858,566,75,122,-1,-1,-1,-1
10, 19575.jpg,6,1068,599,67,161,-1,-1,-1,-1
10, 19575.jpg,7,379,659,69,153,-1,-1,-1,-1
10, 19575.jpg,8,696,521,63,138,-1,-1,-1,-1
10, 19575.jpg,9,541,557,65,138,-1,-1,-1,-1
10, 19575.jpg,10,785,587,51,150,-1,-1,-1,-1
10, 19575.jpg,12,472,622,51,137,-1,-1,-1,-1
10, 19575.jpg,13,720,635,84,170,-1,-1,-1,-1
10, 19575.jpg,14,1160,591,75,119,-1,-1,-1,-1
11, 19576.jpg,1,1010,661,80,174,-1,-1,-1,-1
11, 19576.jpg,2,1783,717,62,147,-1,-1,-1,-1
11, 19576.jpg,3,1028,554,71,127,-1,-1,-1,-1
11, 19576.jpg,4,1265,576,66,117,-1,-1,-1,-1
11, 19576.jpg,5,846,567,76,125,-1,-1,-1,-1
11, 19576.jpg,6,1067,600,65,159,-1,-1,-1,-1
11, 19576.jpg,7,376,662,70,153,-1,-1,-1,-1
11, 19576.jpg,8,692,522,65,141,-1,-1,-1,-1
11, 19576.jpg,9,534,556,64,138,-1,-1,-1,-1
11, 19576.jpg,10,780,586,50,147,-1,-1,-1,-1
11, 19576.jpg,12,469,623,52,138,-1,-1,-1,-1
11, 19576.jpg,13,721,637,79,165,-1,-1,-1,-1
11, 19576.jpg,14,1147,593,72,117,-1,-1,-1,-1
12, 19577.jpg,1,1014,672,78,170,-1,-1,-1,-1
12, 19577.jpg,2,1776,716,62,146,-1,-1,-1,-1
12, 19577.jpg,3,1022,552,70,128,-1,-1,-1,-1
12, 19577.jpg,4,1261,576,66,117,-1,-1,-1,-1
12, 19577.jpg,5,841,567,74,123,-1,-1,-1,-1
12, 19577.jpg,6,1067,602,64,158,-1,-1,-1,-1
12, 19577.jpg,7,374,664,70,153,-1,-1,-1,-1
12, 19577.jpg,8,695,523,65,142,-1,-1,-1,-1
12, 19577.jpg,9,524,554,66,142,-1,-1,-1,-1
12, 19577.jpg,10,773,586,50,147,-1,-1,-1,-1
12, 19577.jpg,12,466,625,55,141,-1,-1,-1,-1
12, 19577.jpg,13,735,627,76,162,-1,-1,-1,-1
12, 19577.jpg,14,1134,594,71,115,-1,-1,-1,-1
13, 19578.jpg,1,1021,680,76,167,-1,-1,-1,-1
13, 19578.jpg,3,1018,560,63,115,-1,-1,-1,-1
13, 19578.jpg,4,1257,577,66,117,-1,-1,-1,-1
13, 19578.jpg,5,837,569,70,116,-1,-1,-1,-1
13, 19578.jpg,6,1072,601,65,156,-1,-1,-1,-1
13, 19578.jpg,7,373,666,70,153,-1,-1,-1,-1
13, 19578.jpg,8,700,524,66,145,-1,-1,-1,-1
13, 19578.jpg,9,515,556,65,140,-1,-1,-1,-1
13, 19578.jpg,10,772,586,50,148,-1,-1,-1,-1
13, 19578.jpg,12,462,635,52,131,-1,-1,-1,-1
13, 19578.jpg,13,729,641,73,158,-1,-1,-1,-1
13, 19578.jpg,14,1115,595,73,118,-1,-1,-1,-1
14, 19579.jpg,1,1028,690,73,162,-1,-1,-1,-1
14, 19579.jpg,3,1017,566,62,115,-1,-1,-1,-1
14, 19579.jpg,4,1257,576,66,119,-1,-1,-1,-1
14, 19579.jpg,5,835,568,67,115,-1,-1,-1,-1
14, 19579.jpg,6,1089,601,63,148,-1,-1,-1,-1
14, 19579.jpg,7,373,668,70,155,-1,-1,-1,-1
14, 19579.jpg,8,706,523,64,145,-1,-1,-1,-1
14, 19579.jpg,9,509,556,62,138,-1,-1,-1,-1
14, 19579.jpg,10,770,588,50,148,-1,-1,-1,-1
14, 19579.jpg,12,460,640,52,127,-1,-1,-1,-1
14, 19579.jpg,13,731,640,74,163,-1,-1,-1,-1
14, 19579.jpg,14,1103,595,72,118,-1,-1,-1,-1
15, 19580.jpg,1,1037,698,71,157,-1,-1,-1,-1
15, 19580.jpg,3,1011,570,64,116,-1,-1,-1,-1
15, 19580.jpg,4,1258,576,67,119,-1,-1,-1,-1
15, 19580.jpg,5,834,565,66,116,-1,-1,-1,-1
15, 19580.jpg,6,1072,598,66,144,-1,-1,-1,-1
15, 19580.jpg,7,375,667,71,157,-1,-1,-1,-1
15, 19580.jpg,8,710,526,62,144,-1,-1,-1,-1
15, 19580.jpg,9,503,556,61,134,-1,-1,-1,-1
15, 19580.jpg,10,764,588,50,148,-1,-1,-1,-1
15, 19580.jpg,12,459,642,53,126,-1,-1,-1,-1
15, 19580.jpg,13,745,626,73,164,-1,-1,-1,-1
16, 19581.jpg,1,1047,697,73,162,-1,-1,-1,-1
16, 19581.jpg,3,1020,580,59,109,-1,-1,-1,-1
16, 19581.jpg,4,1259,575,66,119,-1,-1,-1,-1
16, 19581.jpg,5,833,563,66,118,-1,-1,-1,-1
16, 19581.jpg,6,1080,596,74,157,-1,-1,-1,-1
16, 19581.jpg,7,378,666,72,162,-1,-1,-1,-1
16, 19581.jpg,8,714,530,60,140,-1,-1,-1,-1
16, 19581.jpg,9,500,552,61,137,-1,-1,-1,-1
16, 19581.jpg,10,770,586,46,135,-1,-1,-1,-1
16, 19581.jpg,12,460,643,54,126,-1,-1,-1,-1
16, 19581.jpg,13,743,647,66,150,-1,-1,-1,-1
17, 19582.jpg,1,1057,693,77,169,-1,-1,-1,-1
17, 19582.jpg,3,1022,585,56,102,-1,-1,-1,-1
17, 19582.jpg,4,1262,577,67,119,-1,-1,-1,-1
17, 19582.jpg,5,834,562,65,117,-1,-1,-1,-1
17, 19582.jpg,6,1082,599,77,159,-1,-1,-1,-1
17, 19582.jpg,7,381,665,72,166,-1,-1,-1,-1
17, 19582.jpg,8,718,530,58,139,-1,-1,-1,-1
17, 19582.jpg,9,498,551,60,135,-1,-1,-1,-1
17, 19582.jpg,10,773,588,46,134,-1,-1,-1,-1
17, 19582.jpg,12,465,643,56,127,-1,-1,-1,-1
17, 19582.jpg,13,746,654,64,145,-1,-1,-1,-1
18, 19583.jpg,1,1071,673,83,177,-1,-1,-1,-1
18, 19583.jpg,3,1027,589,53,98,-1,-1,-1,-1
18, 19583.jpg,4,1264,577,67,119,-1,-1,-1,-1
18, 19583.jpg,5,837,561,62,114,-1,-1,-1,-1
18, 19583.jpg,6,1082,599,78,161,-1,-1,-1,-1
18, 19583.jpg,7,387,667,70,164,-1,-1,-1,-1
18, 19583.jpg,8,722,532,55,132,-1,-1,-1,-1
18, 19583.jpg,9,498,550,58,134,-1,-1,-1,-1
18, 19583.jpg,10,761,590,47,132,-1,-1,-1,-1
18, 19583.jpg,12,467,641,57,129,-1,-1,-1,-1
18, 19583.jpg,13,748,654,64,148,-1,-1,-1,-1
19, 19584.jpg,1,1081,689,82,171,-1,-1,-1,-1
19, 19584.jpg,3,1040,595,52,96,-1,-1,-1,-1
19, 19584.jpg,4,1270,577,68,121,-1,-1,-1,-1
19, 19584.jpg,5,839,560,61,112,-1,-1,-1,-1
19, 19584.jpg,6,1094,606,76,151,-1,-1,-1,-1
19, 19584.jpg,7,392,668,68,162,-1,-1,-1,-1
19, 19584.jpg,8,722,533,55,132,-1,-1,-1,-1
19, 19584.jpg,9,499,552,55,128,-1,-1,-1,-1
19, 19584.jpg,10,754,570,50,139,-1,-1,-1,-1
19, 19584.jpg,12,468,639,58,131,-1,-1,-1,-1
19, 19584.jpg,13,752,656,62,146,-1,-1,-1,-1
20, 19585.jpg,1,1091,671,87,181,-1,-1,-1,-1
20, 19585.jpg,3,1046,596,53,95,-1,-1,-1,-1
20, 19585.jpg,4,1275,577,68,121,-1,-1,-1,-1
20, 19585.jpg,5,843,559,59,111,-1,-1,-1,-1
20, 19585.jpg,6,1080,608,68,134,-1,-1,-1,-1
20, 19585.jpg,7,396,671,66,160,-1,-1,-1,-1
20, 19585.jpg,9,499,554,53,123,-1,-1,-1,-1
20, 19585.jpg,10,754,557,52,135,-1,-1,-1,-1
20, 19585.jpg,12,471,639,58,129,-1,-1,-1,-1
20, 19585.jpg,13,757,661,60,143,-1,-1,-1,-1
21, 19586.jpg,1,1102,690,84,175,-1,-1,-1,-1
21, 19586.jpg,3,1044,599,53,87,-1,-1,-1,-1
21, 19586.jpg,4,1281,575,68,122,-1,-1,-1,-1
21, 19586.jpg,5,847,560,58,110,-1,-1,-1,-1
21, 19586.jpg,6,1099,605,74,146,-1,-1,-1,-1
21, 19586.jpg,7,405,675,65,160,-1,-1,-1,-1
21, 19586.jpg,9,499,556,53,119,-1,-1,-1,-1
21, 19586.jpg,10,749,548,52,134,-1,-1,-1,-1
21, 19586.jpg,12,472,638,59,129,-1,-1,-1,-1
21, 19586.jpg,13,759,657,62,148,-1,-1,-1,-1
22, 19587.jpg,1,1111,698,86,176,-1,-1,-1,-1
22, 19587.jpg,3,1041,597,57,90,-1,-1,-1,-1
22, 19587.jpg,4,1290,575,67,123,-1,-1,-1,-1
22, 19587.jpg,5,851,557,58,113,-1,-1,-1,-1
22, 19587.jpg,6,1109,605,73,146,-1,-1,-1,-1
22, 19587.jpg,7,411,677,65,160,-1,-1,-1,-1
22, 19587.jpg,9,500,558,52,118,-1,-1,-1,-1
22, 19587.jpg,10,751,545,51,128,-1,-1,-1,-1
22, 19587.jpg,12,472,639,59,127,-1,-1,-1,-1
22, 19587.jpg,13,764,650,63,157,-1,-1,-1,-1
23, 19588.jpg,1,1119,703,86,175,-1,-1,-1,-1
23, 19588.jpg,3,1053,595,65,98,-1,-1,-1,-1
23, 19588.jpg,4,1299,576,66,123,-1,-1,-1,-1
23, 19588.jpg,5,854,555,60,118,-1,-1,-1,-1
23, 19588.jpg,6,1093,604,73,133,-1,-1,-1,-1
23, 19588.jpg,7,415,674,64,162,-1,-1,-1,-1
23, 19588.jpg,8,768,581,55,135,-1,-1,-1,-1
23, 19588.jpg,9,501,560,52,117,-1,-1,-1,-1
23, 19588.jpg,10,748,541,50,126,-1,-1,-1,-1
23, 19588.jpg,12,474,640,60,126,-1,-1,-1,-1
23, 19588.jpg,13,769,648,63,162,-1,-1,-1,-1
24, 19589.jpg,1,1131,705,86,177,-1,-1,-1,-1
24, 19589.jpg,3,1047,591,67,100,-1,-1,-1,-1
24, 19589.jpg,4,1305,575,66,125,-1,-1,-1,-1
24, 19589.jpg,5,858,556,59,117,-1,-1,-1,-1
24, 19589.jpg,6,1105,600,80,147,-1,-1,-1,-1
24, 19589.jpg,7,423,678,63,160,-1,-1,-1,-1
24, 19589.jpg,8,773,587,55,134,-1,-1,-1,-1
24, 19589.jpg,9,497,560,52,116,-1,-1,-1,-1
24, 19589.jpg,10,770,550,50,125,-1,-1,-1,-1
24, 19589.jpg,12,484,614,64,135,-1,-1,-1,-1
24, 19589.jpg,13,772,648,63,164,-1,-1,-1,-1
25, 19590.jpg,1,1142,704,88,181,-1,-1,-1,-1
25, 19590.jpg,3,1057,583,71,107,-1,-1,-1,-1
25, 19590.jpg,4,1312,574,66,126,-1,-1,-1,-1
25, 19590.jpg,5,862,555,59,118,-1,-1,-1,-1
25, 19590.jpg,6,1111,598,81,152,-1,-1,-1,-1
25, 19590.jpg,7,429,678,63,161,-1,-1,-1,-1
25, 19590.jpg,10,775,543,54,135,-1,-1,-1,-1
25, 19590.jpg,12,489,603,64,133,-1,-1,-1,-1
25, 19590.jpg,13,779,648,61,162,-1,-1,-1,-1
26, 19591.jpg,1,1153,704,86,179,-1,-1,-1,-1
26, 19591.jpg,3,1055,578,69,104,-1,-1,-1,-1
26, 19591.jpg,4,1321,573,66,128,-1,-1,-1,-1
26, 19591.jpg,5,866,554,59,119,-1,-1,-1,-1
26, 19591.jpg,6,1115,598,80,148,-1,-1,-1,-1
26, 19591.jpg,7,449,664,64,158,-1,-1,-1,-1
26, 19591.jpg,8,786,578,59,145,-1,-1,-1,-1
26, 19591.jpg,10,775,540,54,135,-1,-1,-1,-1
26, 19591.jpg,12,492,597,65,134,-1,-1,-1,-1
26, 19591.jpg,13,788,647,59,157,-1,-1,-1,-1
27, 19592.jpg,1,1167,705,83,176,-1,-1,-1,-1
27, 19592.jpg,3,1061,573,70,105,-1,-1,-1,-1
27, 19592.jpg,4,1332,573,65,127,-1,-1,-1,-1
27, 19592.jpg,5,871,555,57,117,-1,-1,-1,-1
27, 19592.jpg,6,1122,597,80,150,-1,-1,-1,-1
27, 19592.jpg,7,450,675,64,158,-1,-1,-1,-1
27, 19592.jpg,8,796,588,56,141,-1,-1,-1,-1
27, 19592.jpg,9,498,555,59,126,-1,-1,-1,-1
27, 19592.jpg,12,494,594,65,134,-1,-1,-1,-1
27, 19592.jpg,13,791,647,59,157,-1,-1,-1,-1
28, 19593.jpg,1,1179,707,82,172,-1,-1,-1,-1
28, 19593.jpg,3,1063,569,72,109,-1,-1,-1,-1
28, 19593.jpg,4,1341,573,67,129,-1,-1,-1,-1
28, 19593.jpg,5,877,553,56,115,-1,-1,-1,-1
28, 19593.jpg,6,1130,599,78,146,-1,-1,-1,-1
28, 19593.jpg,7,456,673,65,161,-1,-1,-1,-1
28, 19593.jpg,8,801,592,57,141,-1,-1,-1,-1
28, 19593.jpg,9,499,555,61,126,-1,-1,-1,-1
28, 19593.jpg,10,793,546,54,138,-1,-1,-1,-1
28, 19593.jpg,13,799,652,57,156,-1,-1,-1,-1
29, 19594.jpg,1,1191,708,83,172,-1,-1,-1,-1
29, 19594.jpg,3,1075,567,72,112,-1,-1,-1,-1
29, 19594.jpg,4,1350,574,67,129,-1,-1,-1,-1
29, 19594.jpg,5,881,552,57,119,-1,-1,-1,-1
29, 19594.jpg,6,1136,599,81,149,-1,-1,-1,-1
29, 19594.jpg,7,460,674,65,161,-1,-1,-1,-1
29, 19594.jpg,9,502,556,62,128,-1,-1,-1,-1
29, 19594.jpg,10,800,543,57,149,-1,-1,-1,-1
29, 19594.jpg,13,803,648,58,160,-1,-1,-1,-1
29, 19594.jpg,20,456,653,104,119,-1,-1,-1,-1
30, 19595.jpg,1,1203,711,84,174,-1,-1,-1,-1
30, 19595.jpg,3,1089,574,84,128,-1,-1,-1,-1
30, 19595.jpg,4,1357,576,67,127,-1,-1,-1,-1
30, 19595.jpg,5,886,553,57,119,-1,-1,-1,-1
30, 19595.jpg,6,1140,601,83,148,-1,-1,-1,-1
30, 19595.jpg,7,473,681,61,151,-1,-1,-1,-1
30, 19595.jpg,9,503,554,61,128,-1,-1,-1,-1
30, 19595.jpg,10,812,557,57,150,-1,-1,-1,-1
30, 19595.jpg,12,480,631,58,122,-1,-1,-1,-1
30, 19595.jpg,13,808,643,59,164,-1,-1,-1,-1
30, 19595.jpg,20,455,652,106,122,-1,-1,-1,-1
31, 19596.jpg,1,1212,715,84,174,-1,-1,-1,-1
31, 19596.jpg,2,1826,707,69,158,-1,-1,-1,-1
31, 19596.jpg,3,1094,573,85,132,-1,-1,-1,-1
31, 19596.jpg,4,1367,580,66,125,-1,-1,-1,-1
31, 19596.jpg,5,890,555,56,120,-1,-1,-1,-1
31, 19596.jpg,6,1125,585,85,151,-1,-1,-1,-1
31, 19596.jpg,7,477,673,65,164,-1,-1,-1,-1
31, 19596.jpg,9,503,554,57,118,-1,-1,-1,-1
31, 19596.jpg,10,819,580,55,142,-1,-1,-1,-1
31, 19596.jpg,12,478,622,58,125,-1,-1,-1,-1
31, 19596.jpg,13,812,642,59,166,-1,-1,-1,-1
32, 19597.jpg,1,1224,724,78,160,-1,-1,-1,-1
32, 19597.jpg,2,1828,707,69,158,-1,-1,-1,-1
32, 19597.jpg,3,1107,567,88,135,-1,-1,-1,-1
32, 19597.jpg,4,1376,581,66,124,-1,-1,-1,-1
32, 19597.jpg,5,896,555,55,119,-1,-1,-1,-1
32, 19597.jpg,6,1138,586,90,160,-1,-1,-1,-1
32, 19597.jpg,7,484,680,63,160,-1,-1,-1,-1
32, 19597.jpg,9,505,552,53,111,-1,-1,-1,-1
32, 19597.jpg,10,820,561,54,139,-1,-1,-1,-1
32, 19597.jpg,12,476,624,60,130,-1,-1,-1,-1
32, 19597.jpg,13,820,644,57,164,-1,-1,-1,-1
33, 19598.jpg,1,1238,730,80,163,-1,-1,-1,-1
33, 19598.jpg,3,1125,559,78,124,-1,-1,-1,-1
33, 19598.jpg,4,1383,581,68,123,-1,-1,-1,-1
33, 19598.jpg,5,904,558,52,113,-1,-1,-1,-1
33, 19598.jpg,6,1143,586,92,162,-1,-1,-1,-1
33, 19598.jpg,7,486,665,66,169,-1,-1,-1,-1
33, 19598.jpg,9,505,551,52,109,-1,-1,-1,-1
33, 19598.jpg,10,831,567,54,141,-1,-1,-1,-1
33, 19598.jpg,12,474,623,61,131,-1,-1,-1,-1
33, 19598.jpg,13,826,647,55,161,-1,-1,-1,-1
34, 19599.jpg,1,1251,735,82,164,-1,-1,-1,-1
34, 19599.jpg,3,1131,558,78,125,-1,-1,-1,-1
34, 19599.jpg,4,1389,580,70,126,-1,-1,-1,-1
34, 19599.jpg,5,908,558,53,116,-1,-1,-1,-1
34, 19599.jpg,6,1136,579,85,149,-1,-1,-1,-1
34, 19599.jpg,7,499,682,65,161,-1,-1,-1,-1
34, 19599.jpg,9,505,550,54,111,-1,-1,-1,-1
34, 19599.jpg,10,831,556,52,138,-1,-1,-1,-1
34, 19599.jpg,12,469,620,63,134,-1,-1,-1,-1
34, 19599.jpg,13,833,651,54,156,-1,-1,-1,-1
35, 19600.jpg,1,1262,741,86,169,-1,-1,-1,-1
35, 19600.jpg,2,1844,709,72,163,-1,-1,-1,-1
35, 19600.jpg,4,1396,582,71,126,-1,-1,-1,-1
35, 19600.jpg,5,912,560,53,117,-1,-1,-1,-1
35, 19600.jpg,6,1147,582,89,158,-1,-1,-1,-1
35, 19600.jpg,7,495,659,64,156,-1,-1,-1,-1
35, 19600.jpg,9,504,549,57,116,-1,-1,-1,-1
35, 19600.jpg,10,834,553,50,131,-1,-1,-1,-1
35, 19600.jpg,12,468,620,63,135,-1,-1,-1,-1
35, 19600.jpg,13,835,652,54,156,-1,-1,-1,-1
36, 19601.jpg,1,1271,742,93,183,-1,-1,-1,-1
36, 19601.jpg,2,1848,709,71,163,-1,-1,-1,-1
36, 19601.jpg,3,1141,560,64,105,-1,-1,-1,-1
36, 19601.jpg,4,1407,586,72,125,-1,-1,-1,-1
36, 19601.jpg,5,915,560,55,120,-1,-1,-1,-1
36, 19601.jpg,6,1154,596,87,151,-1,-1,-1,-1
36, 19601.jpg,7,507,683,63,151,-1,-1,-1,-1
36, 19601.jpg,8,846,588,52,131,-1,-1,-1,-1
36, 19601.jpg,9,507,551,56,113,-1,-1,-1,-1
36, 19601.jpg,10,838,552,50,130,-1,-1,-1,-1
36, 19601.jpg,12,463,623,63,134,-1,-1,-1,-1
36, 19601.jpg,13,839,649,55,162,-1,-1,-1,-1
37, 19602.jpg,1,1280,748,98,186,-1,-1,-1,-1
37, 19602.jpg,3,1147,559,63,105,-1,-1,-1,-1
37, 19602.jpg,4,1412,590,72,121,-1,-1,-1,-1
37, 19602.jpg,5,920,561,55,123,-1,-1,-1,-1
37, 19602.jpg,6,1146,585,83,144,-1,-1,-1,-1
37, 19602.jpg,7,516,696,64,150,-1,-1,-1,-1
37, 19602.jpg,8,851,590,52,130,-1,-1,-1,-1
37, 19602.jpg,9,511,557,54,105,-1,-1,-1,-1
37, 19602.jpg,10,843,551,50,128,-1,-1,-1,-1
37, 19602.jpg,12,463,626,62,131,-1,-1,-1,-1
37, 19602.jpg,13,847,635,53,155,-1,-1,-1,-1
38, 19603.jpg,1,1287,753,101,186,-1,-1,-1,-1
38, 19603.jpg,3,1154,557,62,109,-1,-1,-1,-1
38, 19603.jpg,4,1416,593,74,119,-1,-1,-1,-1
38, 19603.jpg,5,927,563,54,121,-1,-1,-1,-1
38, 19603.jpg,6,1158,584,87,151,-1,-1,-1,-1
38, 19603.jpg,7,524,703,63,149,-1,-1,-1,-1
38, 19603.jpg,9,515,562,52,101,-1,-1,-1,-1
38, 19603.jpg,10,858,553,53,137,-1,-1,-1,-1
38, 19603.jpg,12,464,630,59,125,-1,-1,-1,-1
38, 19603.jpg,13,850,647,53,154,-1,-1,-1,-1
38, 19603.jpg,23,1211,559,54,117,-1,-1,-1,-1
39, 19604.jpg,1,1294,760,104,185,-1,-1,-1,-1
39, 19604.jpg,3,1160,556,62,109,-1,-1,-1,-1
39, 19604.jpg,4,1423,597,77,121,-1,-1,-1,-1
39, 19604.jpg,5,934,561,56,126,-1,-1,-1,-1
39, 19604.jpg,6,1151,591,79,138,-1,-1,-1,-1
39, 19604.jpg,7,533,706,63,147,-1,-1,-1,-1
39, 19604.jpg,9,514,566,54,104,-1,-1,-1,-1
39, 19604.jpg,10,855,556,54,137,-1,-1,-1,-1
39, 19604.jpg,12,477,621,60,122,-1,-1,-1,-1
39, 19604.jpg,13,857,629,53,156,-1,-1,-1,-1
39, 19604.jpg,23,1199,557,56,118,-1,-1,-1,-1
40, 19605.jpg,1,1301,764,105,183,-1,-1,-1,-1
40, 19605.jpg,2,1859,699,60,182,-1,-1,-1,-1
40, 19605.jpg,4,1426,601,79,120,-1,-1,-1,-1
40, 19605.jpg,5,937,559,58,132,-1,-1,-1,-1
40, 19605.jpg,6,1149,590,80,143,-1,-1,-1,-1
40, 19605.jpg,7,538,707,63,144,-1,-1,-1,-1
40, 19605.jpg,8,867,580,64,166,-1,-1,-1,-1
40, 19605.jpg,9,518,573,54,101,-1,-1,-1,-1
40, 19605.jpg,10,860,556,53,137,-1,-1,-1,-1
40, 19605.jpg,12,465,625,62,124,-1,-1,-1,-1
40, 19605.jpg,13,861,627,54,155,-1,-1,-1,-1
40, 19605.jpg,23,1213,557,60,129,-1,-1,-1,-1
