2, 25402.jpg,2,521,639,60,122,-1,-1,-1,-1
2, 25402.jpg,3,753,470,56,163,-1,-1,-1,-1
2, 25402.jpg,4,575,633,72,134,-1,-1,-1,-1
2, 25402.jpg,5,544,737,73,142,-1,-1,-1,-1
2, 25402.jpg,6,1284,613,68,133,-1,-1,-1,-1
2, 25402.jpg,7,498,552,50,122,-1,-1,-1,-1
2, 25402.jpg,8,683,597,63,125,-1,-1,-1,-1
2, 25402.jpg,9,655,484,65,104,-1,-1,-1,-1
2, 25402.jpg,10,1010,533,73,111,-1,-1,-1,-1
2, 25402.jpg,11,969,685,90,130,-1,-1,-1,-1
2, 25402.jpg,12,1058,695,100,117,-1,-1,-1,-1
3, 25403.jpg,2,536,640,60,120,-1,-1,-1,-1
3, 25403.jpg,3,749,475,54,159,-1,-1,-1,-1
3, 25403.jpg,4,571,634,71,134,-1,-1,-1,-1
3, 25403.jpg,5,547,736,72,140,-1,-1,-1,-1
3, 25403.jpg,6,1286,616,70,134,-1,-1,-1,-1
3, 25403.jpg,7,496,555,48,117,-1,-1,-1,-1
3, 25403.jpg,8,680,598,62,124,-1,-1,-1,-1
3, 25403.jpg,9,650,485,68,109,-1,-1,-1,-1
3, 25403.jpg,10,998,531,75,117,-1,-1,-1,-1
3, 25403.jpg,11,970,688,88,128,-1,-1,-1,-1
3, 25403.jpg,12,1059,697,97,113,-1,-1,-1,-1
4, 25404.jpg,2,540,644,60,119,-1,-1,-1,-1
4, 25404.jpg,3,745,478,55,160,-1,-1,-1,-1
4, 25404.jpg,5,545,731,74,144,-1,-1,-1,-1
4, 25404.jpg,6,1289,619,68,131,-1,-1,-1,-1
4, 25404.jpg,7,495,558,47,115,-1,-1,-1,-1
4, 25404.jpg,8,676,597,64,129,-1,-1,-1,-1
4, 25404.jpg,9,648,491,68,108,-1,-1,-1,-1
4, 25404.jpg,10,989,531,77,119,-1,-1,-1,-1
4, 25404.jpg,11,970,690,87,125,-1,-1,-1,-1
4, 25404.jpg,12,1054,696,98,115,-1,-1,-1,-1
5, 25405.jpg,2,552,647,63,125,-1,-1,-1,-1
5, 25405.jpg,3,738,473,58,170,-1,-1,-1,-1
5, 25405.jpg,4,497,645,67,128,-1,-1,-1,-1
5, 25405.jpg,5,545,733,71,136,-1,-1,-1,-1
5, 25405.jpg,6,1288,620,69,130,-1,-1,-1,-1
5, 25405.jpg,7,493,592,49,116,-1,-1,-1,-1
5, 25405.jpg,8,673,598,64,129,-1,-1,-1,-1
5, 25405.jpg,9,641,490,70,114,-1,-1,-1,-1
5, 25405.jpg,10,979,534,73,114,-1,-1,-1,-1
5, 25405.jpg,11,969,693,86,123,-1,-1,-1,-1
5, 25405.jpg,12,1050,694,98,117,-1,-1,-1,-1
5, 25405.jpg,13,1597,719,92,124,-1,-1,-1,-1
6, 25406.jpg,2,558,650,64,125,-1,-1,-1,-1
6, 25406.jpg,3,740,478,59,170,-1,-1,-1,-1
6, 25406.jpg,4,505,647,68,125,-1,-1,-1,-1
6, 25406.jpg,5,545,733,69,131,-1,-1,-1,-1
6, 25406.jpg,6,1290,621,68,128,-1,-1,-1,-1
6, 25406.jpg,7,488,571,45,108,-1,-1,-1,-1
6, 25406.jpg,8,669,596,64,129,-1,-1,-1,-1
6, 25406.jpg,9,638,499,70,111,-1,-1,-1,-1
6, 25406.jpg,10,975,535,70,113,-1,-1,-1,-1
6, 25406.jpg,11,967,694,85,121,-1,-1,-1,-1
6, 25406.jpg,12,1045,690,99,118,-1,-1,-1,-1
6, 25406.jpg,13,1594,720,91,123,-1,-1,-1,-1
7, 25407.jpg,3,740,487,57,164,-1,-1,-1,-1
7, 25407.jpg,4,503,647,70,127,-1,-1,-1,-1
7, 25407.jpg,5,546,714,69,132,-1,-1,-1,-1
7, 25407.jpg,6,1289,621,68,128,-1,-1,-1,-1
7, 25407.jpg,7,486,565,46,109,-1,-1,-1,-1
7, 25407.jpg,8,671,599,61,124,-1,-1,-1,-1
7, 25407.jpg,9,643,509,63,100,-1,-1,-1,-1
7, 25407.jpg,10,973,536,67,109,-1,-1,-1,-1
7, 25407.jpg,11,966,694,85,122,-1,-1,-1,-1
7, 25407.jpg,12,1044,685,103,125,-1,-1,-1,-1
7, 25407.jpg,13,1592,719,91,123,-1,-1,-1,-1
8, 25408.jpg,3,740,489,59,165,-1,-1,-1,-1
8, 25408.jpg,4,505,646,74,129,-1,-1,-1,-1
8, 25408.jpg,5,542,698,77,145,-1,-1,-1,-1
8, 25408.jpg,6,1289,621,69,130,-1,-1,-1,-1
8, 25408.jpg,7,485,563,47,110,-1,-1,-1,-1
8, 25408.jpg,8,670,600,62,125,-1,-1,-1,-1
8, 25408.jpg,9,651,521,65,101,-1,-1,-1,-1
8, 25408.jpg,10,974,537,65,107,-1,-1,-1,-1
8, 25408.jpg,11,967,697,84,120,-1,-1,-1,-1
8, 25408.jpg,12,1044,680,106,130,-1,-1,-1,-1
8, 25408.jpg,13,1593,719,90,123,-1,-1,-1,-1
9, 25409.jpg,3,741,496,58,157,-1,-1,-1,-1
9, 25409.jpg,4,505,644,76,130,-1,-1,-1,-1
9, 25409.jpg,5,549,687,74,141,-1,-1,-1,-1
9, 25409.jpg,6,1291,620,71,132,-1,-1,-1,-1
9, 25409.jpg,7,485,562,48,111,-1,-1,-1,-1
9, 25409.jpg,8,670,586,66,136,-1,-1,-1,-1
9, 25409.jpg,9,656,531,64,99,-1,-1,-1,-1
9, 25409.jpg,10,975,537,63,106,-1,-1,-1,-1
9, 25409.jpg,11,968,699,84,120,-1,-1,-1,-1
9, 25409.jpg,12,1044,673,110,137,-1,-1,-1,-1
9, 25409.jpg,13,1594,718,91,124,-1,-1,-1,-1
10, 25410.jpg,3,742,500,56,151,-1,-1,-1,-1
10, 25410.jpg,4,484,643,71,123,-1,-1,-1,-1
10, 25410.jpg,5,552,680,74,142,-1,-1,-1,-1
10, 25410.jpg,6,1292,618,72,135,-1,-1,-1,-1
10, 25410.jpg,7,486,561,49,111,-1,-1,-1,-1
10, 25410.jpg,8,670,579,70,144,-1,-1,-1,-1
10, 25410.jpg,9,659,543,67,108,-1,-1,-1,-1
10, 25410.jpg,10,977,538,63,108,-1,-1,-1,-1
10, 25410.jpg,11,971,701,82,118,-1,-1,-1,-1
10, 25410.jpg,12,1049,667,109,139,-1,-1,-1,-1
10, 25410.jpg,13,1595,717,91,125,-1,-1,-1,-1
11, 25411.jpg,3,743,498,56,153,-1,-1,-1,-1
11, 25411.jpg,4,473,635,76,134,-1,-1,-1,-1
11, 25411.jpg,5,552,677,77,149,-1,-1,-1,-1
11, 25411.jpg,6,1294,612,75,141,-1,-1,-1,-1
11, 25411.jpg,7,486,569,52,115,-1,-1,-1,-1
11, 25411.jpg,8,678,572,60,126,-1,-1,-1,-1
11, 25411.jpg,9,660,550,67,109,-1,-1,-1,-1
11, 25411.jpg,10,980,537,62,109,-1,-1,-1,-1
11, 25411.jpg,11,973,703,81,116,-1,-1,-1,-1
11, 25411.jpg,12,1050,660,111,144,-1,-1,-1,-1
11, 25411.jpg,13,1600,719,88,121,-1,-1,-1,-1
12, 25412.jpg,2,559,629,72,142,-1,-1,-1,-1
12, 25412.jpg,3,744,496,58,157,-1,-1,-1,-1
12, 25412.jpg,4,463,635,76,134,-1,-1,-1,-1
12, 25412.jpg,5,547,703,77,146,-1,-1,-1,-1
12, 25412.jpg,6,1295,607,77,147,-1,-1,-1,-1
12, 25412.jpg,7,486,576,57,128,-1,-1,-1,-1
12, 25412.jpg,8,679,556,57,123,-1,-1,-1,-1
12, 25412.jpg,10,981,536,62,110,-1,-1,-1,-1
12, 25412.jpg,11,977,705,78,113,-1,-1,-1,-1
12, 25412.jpg,12,1055,657,108,145,-1,-1,-1,-1
12, 25412.jpg,13,1599,718,88,122,-1,-1,-1,-1
13, 25413.jpg,2,560,625,75,146,-1,-1,-1,-1
13, 25413.jpg,3,747,498,56,155,-1,-1,-1,-1
13, 25413.jpg,5,550,714,78,145,-1,-1,-1,-1
13, 25413.jpg,6,1296,599,81,156,-1,-1,-1,-1
13, 25413.jpg,7,485,581,57,126,-1,-1,-1,-1
13, 25413.jpg,8,676,568,64,138,-1,-1,-1,-1
13, 25413.jpg,10,984,535,63,113,-1,-1,-1,-1
13, 25413.jpg,11,979,706,78,112,-1,-1,-1,-1
13, 25413.jpg,12,1057,653,105,146,-1,-1,-1,-1
13, 25413.jpg,13,1607,721,86,120,-1,-1,-1,-1
14, 25414.jpg,2,542,620,78,146,-1,-1,-1,-1
14, 25414.jpg,3,754,500,55,151,-1,-1,-1,-1
14, 25414.jpg,4,465,628,78,140,-1,-1,-1,-1
14, 25414.jpg,5,547,714,81,150,-1,-1,-1,-1
14, 25414.jpg,6,1297,594,81,158,-1,-1,-1,-1
14, 25414.jpg,7,487,568,54,117,-1,-1,-1,-1
14, 25414.jpg,8,676,572,67,144,-1,-1,-1,-1
14, 25414.jpg,10,988,533,62,117,-1,-1,-1,-1
14, 25414.jpg,11,984,709,76,109,-1,-1,-1,-1
14, 25414.jpg,12,1059,653,102,144,-1,-1,-1,-1
14, 25414.jpg,13,1611,724,85,116,-1,-1,-1,-1
15, 25415.jpg,2,559,620,77,144,-1,-1,-1,-1
15, 25415.jpg,3,760,501,54,149,-1,-1,-1,-1
15, 25415.jpg,4,458,628,78,139,-1,-1,-1,-1
15, 25415.jpg,5,551,715,81,150,-1,-1,-1,-1
15, 25415.jpg,6,1297,589,82,162,-1,-1,-1,-1
15, 25415.jpg,7,488,586,61,130,-1,-1,-1,-1
15, 25415.jpg,8,678,574,66,146,-1,-1,-1,-1
15, 25415.jpg,10,993,534,60,114,-1,-1,-1,-1
15, 25415.jpg,11,988,712,74,106,-1,-1,-1,-1
15, 25415.jpg,12,1065,651,100,144,-1,-1,-1,-1
15, 25415.jpg,13,1615,723,85,118,-1,-1,-1,-1
16, 25416.jpg,2,568,621,77,144,-1,-1,-1,-1
16, 25416.jpg,3,762,500,55,151,-1,-1,-1,-1
16, 25416.jpg,5,553,713,83,152,-1,-1,-1,-1
16, 25416.jpg,6,1297,587,80,158,-1,-1,-1,-1
16, 25416.jpg,7,489,594,62,136,-1,-1,-1,-1
16, 25416.jpg,8,689,569,69,153,-1,-1,-1,-1
16, 25416.jpg,10,997,533,60,115,-1,-1,-1,-1
16, 25416.jpg,11,992,712,74,107,-1,-1,-1,-1
16, 25416.jpg,12,1070,649,98,145,-1,-1,-1,-1
16, 25416.jpg,13,1617,722,86,120,-1,-1,-1,-1
17, 25417.jpg,2,574,620,77,145,-1,-1,-1,-1
17, 25417.jpg,3,771,508,51,141,-1,-1,-1,-1
17, 25417.jpg,5,554,708,85,157,-1,-1,-1,-1
17, 25417.jpg,6,1300,585,80,160,-1,-1,-1,-1
17, 25417.jpg,7,493,596,60,129,-1,-1,-1,-1
17, 25417.jpg,8,687,566,72,157,-1,-1,-1,-1
17, 25417.jpg,10,1001,532,60,117,-1,-1,-1,-1
17, 25417.jpg,11,996,711,76,107,-1,-1,-1,-1
17, 25417.jpg,12,1074,647,99,148,-1,-1,-1,-1
17, 25417.jpg,13,1624,722,86,121,-1,-1,-1,-1
18, 25418.jpg,2,580,620,75,143,-1,-1,-1,-1
18, 25418.jpg,3,772,508,53,144,-1,-1,-1,-1
18, 25418.jpg,4,467,624,80,146,-1,-1,-1,-1
18, 25418.jpg,5,557,706,86,158,-1,-1,-1,-1
18, 25418.jpg,6,1302,584,79,158,-1,-1,-1,-1
18, 25418.jpg,7,498,580,54,110,-1,-1,-1,-1
18, 25418.jpg,8,687,565,72,159,-1,-1,-1,-1
18, 25418.jpg,10,1002,533,60,118,-1,-1,-1,-1
18, 25418.jpg,11,1001,711,74,106,-1,-1,-1,-1
18, 25418.jpg,12,1078,654,95,142,-1,-1,-1,-1
18, 25418.jpg,13,1626,722,87,121,-1,-1,-1,-1
19, 25419.jpg,2,585,619,75,143,-1,-1,-1,-1
19, 25419.jpg,3,781,504,54,146,-1,-1,-1,-1
19, 25419.jpg,4,468,618,83,154,-1,-1,-1,-1
19, 25419.jpg,5,562,708,85,157,-1,-1,-1,-1
19, 25419.jpg,6,1303,588,77,152,-1,-1,-1,-1
19, 25419.jpg,7,509,575,54,104,-1,-1,-1,-1
19, 25419.jpg,8,690,568,69,153,-1,-1,-1,-1
19, 25419.jpg,10,1005,532,62,123,-1,-1,-1,-1
19, 25419.jpg,11,1006,710,74,106,-1,-1,-1,-1
19, 25419.jpg,12,1087,658,92,138,-1,-1,-1,-1
19, 25419.jpg,13,1634,723,83,117,-1,-1,-1,-1
20, 25420.jpg,2,592,620,75,142,-1,-1,-1,-1
20, 25420.jpg,3,783,502,56,149,-1,-1,-1,-1
20, 25420.jpg,4,471,605,86,164,-1,-1,-1,-1
20, 25420.jpg,5,565,707,87,158,-1,-1,-1,-1
20, 25420.jpg,6,1305,590,78,153,-1,-1,-1,-1
20, 25420.jpg,7,518,578,51,94,-1,-1,-1,-1
20, 25420.jpg,8,693,566,69,153,-1,-1,-1,-1
20, 25420.jpg,10,1011,535,61,123,-1,-1,-1,-1
20, 25420.jpg,11,1012,712,73,105,-1,-1,-1,-1
20, 25420.jpg,12,1093,660,91,137,-1,-1,-1,-1
20, 25420.jpg,13,1636,723,84,117,-1,-1,-1,-1
21, 25421.jpg,2,598,618,76,146,-1,-1,-1,-1
21, 25421.jpg,3,793,505,56,148,-1,-1,-1,-1
21, 25421.jpg,4,475,601,85,168,-1,-1,-1,-1
21, 25421.jpg,5,571,706,87,157,-1,-1,-1,-1
21, 25421.jpg,6,1307,591,81,155,-1,-1,-1,-1
21, 25421.jpg,7,522,578,50,92,-1,-1,-1,-1
21, 25421.jpg,8,696,562,71,159,-1,-1,-1,-1
21, 25421.jpg,10,1016,537,61,124,-1,-1,-1,-1
21, 25421.jpg,11,1017,713,74,104,-1,-1,-1,-1
21, 25421.jpg,12,1098,662,90,136,-1,-1,-1,-1
21, 25421.jpg,13,1645,727,84,116,-1,-1,-1,-1
22, 25422.jpg,2,603,613,78,152,-1,-1,-1,-1
22, 25422.jpg,3,801,504,56,145,-1,-1,-1,-1
22, 25422.jpg,4,481,601,81,164,-1,-1,-1,-1
22, 25422.jpg,5,576,705,88,158,-1,-1,-1,-1
22, 25422.jpg,6,1307,597,82,152,-1,-1,-1,-1
22, 25422.jpg,8,701,561,71,159,-1,-1,-1,-1
22, 25422.jpg,10,1019,541,61,124,-1,-1,-1,-1
22, 25422.jpg,11,1023,714,73,102,-1,-1,-1,-1
22, 25422.jpg,12,1101,663,91,134,-1,-1,-1,-1
22, 25422.jpg,13,1652,727,82,114,-1,-1,-1,-1
23, 25423.jpg,2,609,610,78,154,-1,-1,-1,-1
23, 25423.jpg,3,812,507,56,142,-1,-1,-1,-1
23, 25423.jpg,4,491,597,80,164,-1,-1,-1,-1
23, 25423.jpg,5,583,705,87,156,-1,-1,-1,-1
23, 25423.jpg,6,1307,603,83,148,-1,-1,-1,-1
23, 25423.jpg,8,705,562,68,155,-1,-1,-1,-1
23, 25423.jpg,10,1023,546,60,121,-1,-1,-1,-1
23, 25423.jpg,11,1028,713,75,106,-1,-1,-1,-1
23, 25423.jpg,12,1103,662,92,135,-1,-1,-1,-1
23, 25423.jpg,13,1657,725,85,119,-1,-1,-1,-1
24, 25424.jpg,2,618,612,77,153,-1,-1,-1,-1
24, 25424.jpg,3,825,506,58,139,-1,-1,-1,-1
24, 25424.jpg,4,496,595,79,165,-1,-1,-1,-1
24, 25424.jpg,5,589,706,87,155,-1,-1,-1,-1
24, 25424.jpg,6,1307,605,86,148,-1,-1,-1,-1
24, 25424.jpg,8,710,558,69,158,-1,-1,-1,-1
24, 25424.jpg,10,1032,551,60,121,-1,-1,-1,-1
24, 25424.jpg,11,1035,716,73,101,-1,-1,-1,-1
24, 25424.jpg,12,1106,660,93,136,-1,-1,-1,-1
24, 25424.jpg,13,1661,723,89,126,-1,-1,-1,-1
25, 25425.jpg,2,626,615,73,147,-1,-1,-1,-1
25, 25425.jpg,3,837,504,61,136,-1,-1,-1,-1
25, 25425.jpg,4,503,594,77,164,-1,-1,-1,-1
25, 25425.jpg,5,595,706,87,156,-1,-1,-1,-1
25, 25425.jpg,6,1308,606,90,147,-1,-1,-1,-1
25, 25425.jpg,8,712,557,69,159,-1,-1,-1,-1
25, 25425.jpg,9,721,537,79,133,-1,-1,-1,-1
25, 25425.jpg,10,1041,552,60,121,-1,-1,-1,-1
25, 25425.jpg,11,1042,717,71,99,-1,-1,-1,-1
25, 25425.jpg,12,1107,654,92,136,-1,-1,-1,-1
25, 25425.jpg,13,1670,725,86,122,-1,-1,-1,-1
26, 25426.jpg,2,631,613,73,148,-1,-1,-1,-1
26, 25426.jpg,3,824,493,69,153,-1,-1,-1,-1
26, 25426.jpg,4,510,594,75,160,-1,-1,-1,-1
26, 25426.jpg,5,601,703,88,158,-1,-1,-1,-1
26, 25426.jpg,6,1312,606,93,148,-1,-1,-1,-1
26, 25426.jpg,8,720,560,66,152,-1,-1,-1,-1
26, 25426.jpg,9,739,530,68,120,-1,-1,-1,-1
26, 25426.jpg,10,1051,553,61,126,-1,-1,-1,-1
26, 25426.jpg,11,1048,717,71,98,-1,-1,-1,-1
26, 25426.jpg,12,1109,648,93,139,-1,-1,-1,-1
26, 25426.jpg,13,1677,725,86,123,-1,-1,-1,-1
27, 25427.jpg,2,638,612,72,148,-1,-1,-1,-1
27, 25427.jpg,3,828,493,67,149,-1,-1,-1,-1
27, 25427.jpg,4,517,593,73,157,-1,-1,-1,-1
27, 25427.jpg,5,606,705,89,157,-1,-1,-1,-1
27, 25427.jpg,6,1315,607,96,147,-1,-1,-1,-1
27, 25427.jpg,8,728,555,65,150,-1,-1,-1,-1
27, 25427.jpg,9,749,527,63,116,-1,-1,-1,-1
27, 25427.jpg,10,1058,555,61,126,-1,-1,-1,-1
27, 25427.jpg,11,1056,719,71,96,-1,-1,-1,-1
27, 25427.jpg,12,1114,646,89,136,-1,-1,-1,-1
27, 25427.jpg,13,1683,725,86,126,-1,-1,-1,-1
28, 25428.jpg,2,646,613,72,147,-1,-1,-1,-1
28, 25428.jpg,3,832,493,67,151,-1,-1,-1,-1
28, 25428.jpg,4,524,591,71,156,-1,-1,-1,-1
28, 25428.jpg,5,611,703,90,159,-1,-1,-1,-1
28, 25428.jpg,6,1317,607,99,147,-1,-1,-1,-1
28, 25428.jpg,8,731,552,67,155,-1,-1,-1,-1
28, 25428.jpg,9,753,526,63,117,-1,-1,-1,-1
28, 25428.jpg,10,1067,556,59,123,-1,-1,-1,-1
28, 25428.jpg,11,1062,721,70,94,-1,-1,-1,-1
28, 25428.jpg,12,1115,642,87,136,-1,-1,-1,-1
28, 25428.jpg,13,1688,721,87,130,-1,-1,-1,-1
29, 25429.jpg,2,651,612,72,150,-1,-1,-1,-1
29, 25429.jpg,3,835,491,68,152,-1,-1,-1,-1
29, 25429.jpg,4,533,592,69,153,-1,-1,-1,-1
29, 25429.jpg,5,619,702,89,156,-1,-1,-1,-1
29, 25429.jpg,6,1317,607,102,147,-1,-1,-1,-1
29, 25429.jpg,8,739,546,67,157,-1,-1,-1,-1
29, 25429.jpg,9,757,525,61,117,-1,-1,-1,-1
29, 25429.jpg,10,1072,558,59,124,-1,-1,-1,-1
29, 25429.jpg,11,1066,719,73,97,-1,-1,-1,-1
29, 25429.jpg,12,1103,657,83,127,-1,-1,-1,-1
29, 25429.jpg,13,1692,721,89,130,-1,-1,-1,-1
29, 25429.jpg,16,860,514,100,117,-1,-1,-1,-1
30, 25430.jpg,2,655,611,72,150,-1,-1,-1,-1
30, 25430.jpg,3,846,491,67,149,-1,-1,-1,-1
30, 25430.jpg,4,540,591,68,150,-1,-1,-1,-1
30, 25430.jpg,5,625,701,88,155,-1,-1,-1,-1
30, 25430.jpg,6,1317,605,106,150,-1,-1,-1,-1
30, 25430.jpg,8,743,550,66,154,-1,-1,-1,-1
30, 25430.jpg,9,762,525,60,113,-1,-1,-1,-1
30, 25430.jpg,10,1081,563,57,121,-1,-1,-1,-1
30, 25430.jpg,11,1070,718,72,97,-1,-1,-1,-1
30, 25430.jpg,12,1113,647,82,128,-1,-1,-1,-1
30, 25430.jpg,13,1701,720,86,129,-1,-1,-1,-1
30, 25430.jpg,16,881,517,94,111,-1,-1,-1,-1
31, 25431.jpg,2,662,609,72,151,-1,-1,-1,-1
31, 25431.jpg,3,852,486,71,157,-1,-1,-1,-1
31, 25431.jpg,4,546,591,67,148,-1,-1,-1,-1
31, 25431.jpg,5,630,705,88,153,-1,-1,-1,-1
31, 25431.jpg,6,1318,603,107,152,-1,-1,-1,-1
31, 25431.jpg,8,746,557,63,150,-1,-1,-1,-1
31, 25431.jpg,9,770,522,59,113,-1,-1,-1,-1
31, 25431.jpg,10,1086,567,57,120,-1,-1,-1,-1
31, 25431.jpg,11,1075,718,72,97,-1,-1,-1,-1
31, 25431.jpg,12,1103,664,83,128,-1,-1,-1,-1
31, 25431.jpg,13,1706,719,86,130,-1,-1,-1,-1
31, 25431.jpg,16,891,516,93,110,-1,-1,-1,-1
32, 25432.jpg,2,666,610,70,149,-1,-1,-1,-1
32, 25432.jpg,3,855,493,72,157,-1,-1,-1,-1
32, 25432.jpg,4,554,591,66,147,-1,-1,-1,-1
32, 25432.jpg,5,635,702,88,154,-1,-1,-1,-1
32, 25432.jpg,6,1317,603,108,150,-1,-1,-1,-1
32, 25432.jpg,8,752,546,66,158,-1,-1,-1,-1
32, 25432.jpg,9,774,521,59,117,-1,-1,-1,-1
32, 25432.jpg,10,1087,570,57,122,-1,-1,-1,-1
32, 25432.jpg,12,1099,665,86,131,-1,-1,-1,-1
32, 25432.jpg,16,901,515,91,109,-1,-1,-1,-1
33, 25433.jpg,2,671,609,70,149,-1,-1,-1,-1
33, 25433.jpg,3,880,499,67,140,-1,-1,-1,-1
33, 25433.jpg,4,559,592,66,147,-1,-1,-1,-1
33, 25433.jpg,5,643,700,87,155,-1,-1,-1,-1
33, 25433.jpg,6,1317,602,107,150,-1,-1,-1,-1
33, 25433.jpg,8,759,551,62,147,-1,-1,-1,-1
33, 25433.jpg,9,776,521,58,119,-1,-1,-1,-1
33, 25433.jpg,10,1095,589,63,133,-1,-1,-1,-1
33, 25433.jpg,11,1086,715,80,105,-1,-1,-1,-1
33, 25433.jpg,12,1099,666,86,130,-1,-1,-1,-1
33, 25433.jpg,13,1712,704,93,147,-1,-1,-1,-1
33, 25433.jpg,16,911,516,90,106,-1,-1,-1,-1
34, 25434.jpg,2,672,638,73,156,-1,-1,-1,-1
34, 25434.jpg,3,893,505,68,136,-1,-1,-1,-1
34, 25434.jpg,4,563,590,66,149,-1,-1,-1,-1
34, 25434.jpg,5,648,700,87,155,-1,-1,-1,-1
34, 25434.jpg,6,1317,601,106,149,-1,-1,-1,-1
34, 25434.jpg,8,760,540,67,158,-1,-1,-1,-1
34, 25434.jpg,9,777,520,59,120,-1,-1,-1,-1
34, 25434.jpg,10,1101,588,56,114,-1,-1,-1,-1
34, 25434.jpg,11,1092,715,80,105,-1,-1,-1,-1
34, 25434.jpg,12,1101,662,94,136,-1,-1,-1,-1
34, 25434.jpg,13,1714,701,93,151,-1,-1,-1,-1
35, 25435.jpg,2,674,648,75,158,-1,-1,-1,-1
35, 25435.jpg,3,877,494,77,158,-1,-1,-1,-1
35, 25435.jpg,4,567,588,66,150,-1,-1,-1,-1
35, 25435.jpg,6,1318,602,104,148,-1,-1,-1,-1
35, 25435.jpg,8,764,538,67,159,-1,-1,-1,-1
35, 25435.jpg,9,778,522,59,117,-1,-1,-1,-1
35, 25435.jpg,10,1103,591,61,120,-1,-1,-1,-1
35, 25435.jpg,11,1098,710,84,108,-1,-1,-1,-1
35, 25435.jpg,12,1102,663,93,136,-1,-1,-1,-1
35, 25435.jpg,13,1722,699,92,155,-1,-1,-1,-1
36, 25436.jpg,2,682,625,70,147,-1,-1,-1,-1
36, 25436.jpg,3,877,502,76,155,-1,-1,-1,-1
36, 25436.jpg,4,577,588,63,146,-1,-1,-1,-1
36, 25436.jpg,5,664,703,85,151,-1,-1,-1,-1
36, 25436.jpg,6,1319,600,103,150,-1,-1,-1,-1
36, 25436.jpg,9,781,529,57,113,-1,-1,-1,-1
36, 25436.jpg,10,1107,595,75,148,-1,-1,-1,-1
36, 25436.jpg,11,1104,705,87,110,-1,-1,-1,-1
36, 25436.jpg,13,1729,698,88,154,-1,-1,-1,-1
37, 25437.jpg,2,685,611,70,149,-1,-1,-1,-1
37, 25437.jpg,3,878,499,79,162,-1,-1,-1,-1
37, 25437.jpg,4,583,588,63,147,-1,-1,-1,-1
37, 25437.jpg,5,669,702,84,152,-1,-1,-1,-1
37, 25437.jpg,6,1319,600,101,151,-1,-1,-1,-1
37, 25437.jpg,8,768,547,66,155,-1,-1,-1,-1
37, 25437.jpg,9,785,529,57,113,-1,-1,-1,-1
37, 25437.jpg,10,1112,599,77,151,-1,-1,-1,-1
37, 25437.jpg,11,1110,704,88,110,-1,-1,-1,-1
37, 25437.jpg,12,1099,652,94,139,-1,-1,-1,-1
37, 25437.jpg,13,1733,696,90,156,-1,-1,-1,-1
37, 25437.jpg,17,968,508,59,123,-1,-1,-1,-1
38, 25438.jpg,2,691,604,71,153,-1,-1,-1,-1
38, 25438.jpg,3,880,489,82,175,-1,-1,-1,-1
38, 25438.jpg,4,583,585,66,154,-1,-1,-1,-1
38, 25438.jpg,5,674,699,85,155,-1,-1,-1,-1
38, 25438.jpg,6,1319,599,101,154,-1,-1,-1,-1
38, 25438.jpg,8,772,546,65,156,-1,-1,-1,-1
38, 25438.jpg,9,788,535,55,106,-1,-1,-1,-1
38, 25438.jpg,10,1108,600,72,137,-1,-1,-1,-1
38, 25438.jpg,11,1107,707,90,113,-1,-1,-1,-1
38, 25438.jpg,12,1099,652,94,139,-1,-1,-1,-1
38, 25438.jpg,13,1738,699,85,156,-1,-1,-1,-1
38, 25438.jpg,17,977,510,62,127,-1,-1,-1,-1
39, 25439.jpg,2,697,606,66,144,-1,-1,-1,-1
39, 25439.jpg,3,885,491,81,174,-1,-1,-1,-1
39, 25439.jpg,4,587,583,66,155,-1,-1,-1,-1
39, 25439.jpg,5,681,701,81,151,-1,-1,-1,-1
39, 25439.jpg,6,1317,596,102,157,-1,-1,-1,-1
39, 25439.jpg,8,775,551,65,151,-1,-1,-1,-1
39, 25439.jpg,9,792,536,54,105,-1,-1,-1,-1
39, 25439.jpg,10,1116,605,67,124,-1,-1,-1,-1
39, 25439.jpg,11,1111,707,89,112,-1,-1,-1,-1
39, 25439.jpg,13,1742,700,83,159,-1,-1,-1,-1
39, 25439.jpg,17,986,510,62,128,-1,-1,-1,-1
40, 25440.jpg,2,700,603,65,143,-1,-1,-1,-1
40, 25440.jpg,3,892,504,74,161,-1,-1,-1,-1
40, 25440.jpg,4,594,583,64,152,-1,-1,-1,-1
40, 25440.jpg,5,686,697,84,157,-1,-1,-1,-1
40, 25440.jpg,6,1313,593,104,160,-1,-1,-1,-1
40, 25440.jpg,8,781,552,64,147,-1,-1,-1,-1
40, 25440.jpg,10,1117,607,66,119,-1,-1,-1,-1
40, 25440.jpg,11,1119,711,84,106,-1,-1,-1,-1
40, 25440.jpg,13,1749,700,80,160,-1,-1,-1,-1
40, 25440.jpg,17,997,514,61,126,-1,-1,-1,-1
