2, 18717.jpg,1,667,378,50,101,-1,-1,-1,-1
2, 18717.jpg,2,565,399,42,135,-1,-1,-1,-1
2, 18717.jpg,3,800,316,54,52,-1,-1,-1,-1
2, 18717.jpg,4,463,318,73,98,-1,-1,-1,-1
2, 18717.jpg,5,851,350,51,111,-1,-1,-1,-1
2, 18717.jpg,6,613,359,44,110,-1,-1,-1,-1
2, 18717.jpg,7,343,453,57,102,-1,-1,-1,-1
2, 18717.jpg,8,332,341,78,81,-1,-1,-1,-1
2, 18717.jpg,9,256,376,70,99,-1,-1,-1,-1
2, 18717.jpg,10,767,416,66,98,-1,-1,-1,-1
3, 18718.jpg,1,678,374,45,91,-1,-1,-1,-1
3, 18718.jpg,2,565,396,42,138,-1,-1,-1,-1
3, 18718.jpg,3,805,316,55,53,-1,-1,-1,-1
3, 18718.jpg,4,461,316,74,101,-1,-1,-1,-1
3, 18718.jpg,5,851,350,52,111,-1,-1,-1,-1
3, 18718.jpg,6,613,358,46,114,-1,-1,-1,-1
3, 18718.jpg,7,345,453,58,102,-1,-1,-1,-1
3, 18718.jpg,8,326,340,78,81,-1,-1,-1,-1
3, 18718.jpg,9,254,374,70,99,-1,-1,-1,-1
3, 18718.jpg,10,763,414,68,103,-1,-1,-1,-1
3, 18718.jpg,12,650,394,65,131,-1,-1,-1,-1
4, 18719.jpg,1,680,371,47,97,-1,-1,-1,-1
4, 18719.jpg,2,566,375,35,113,-1,-1,-1,-1
4, 18719.jpg,3,809,315,56,53,-1,-1,-1,-1
4, 18719.jpg,4,458,314,71,98,-1,-1,-1,-1
4, 18719.jpg,5,851,349,52,112,-1,-1,-1,-1
4, 18719.jpg,6,611,356,47,116,-1,-1,-1,-1
4, 18719.jpg,7,348,450,59,105,-1,-1,-1,-1
4, 18719.jpg,8,318,340,80,84,-1,-1,-1,-1
4, 18719.jpg,9,251,373,69,99,-1,-1,-1,-1
4, 18719.jpg,10,762,416,67,103,-1,-1,-1,-1
4, 18719.jpg,12,645,403,61,123,-1,-1,-1,-1
5, 18720.jpg,1,683,369,46,94,-1,-1,-1,-1
5, 18720.jpg,2,563,371,36,121,-1,-1,-1,-1
5, 18720.jpg,3,808,315,56,52,-1,-1,-1,-1
5, 18720.jpg,4,456,314,72,98,-1,-1,-1,-1
5, 18720.jpg,5,851,349,52,113,-1,-1,-1,-1
5, 18720.jpg,6,611,358,46,116,-1,-1,-1,-1
5, 18720.jpg,7,354,447,59,104,-1,-1,-1,-1
5, 18720.jpg,8,314,339,78,84,-1,-1,-1,-1
5, 18720.jpg,9,247,372,69,100,-1,-1,-1,-1
5, 18720.jpg,10,756,414,68,107,-1,-1,-1,-1
5, 18720.jpg,12,653,389,64,126,-1,-1,-1,-1
6, 18721.jpg,1,681,371,48,100,-1,-1,-1,-1
6, 18721.jpg,2,566,365,44,145,-1,-1,-1,-1
6, 18721.jpg,3,812,313,62,57,-1,-1,-1,-1
6, 18721.jpg,4,455,312,69,97,-1,-1,-1,-1
6, 18721.jpg,5,852,349,51,112,-1,-1,-1,-1
6, 18721.jpg,6,611,358,46,116,-1,-1,-1,-1
6, 18721.jpg,7,357,444,62,108,-1,-1,-1,-1
6, 18721.jpg,8,312,340,74,82,-1,-1,-1,-1
6, 18721.jpg,9,245,371,68,100,-1,-1,-1,-1
6, 18721.jpg,10,753,414,67,108,-1,-1,-1,-1
6, 18721.jpg,12,633,387,64,127,-1,-1,-1,-1
7, 18722.jpg,1,681,370,49,102,-1,-1,-1,-1
7, 18722.jpg,2,568,363,48,153,-1,-1,-1,-1
7, 18722.jpg,3,813,313,62,58,-1,-1,-1,-1
7, 18722.jpg,4,454,312,68,97,-1,-1,-1,-1
7, 18722.jpg,5,852,349,51,114,-1,-1,-1,-1
7, 18722.jpg,7,365,442,60,106,-1,-1,-1,-1
7, 18722.jpg,8,306,340,75,83,-1,-1,-1,-1
7, 18722.jpg,9,244,371,66,99,-1,-1,-1,-1
7, 18722.jpg,10,750,413,66,109,-1,-1,-1,-1
7, 18722.jpg,12,624,383,63,129,-1,-1,-1,-1
8, 18723.jpg,1,683,369,48,102,-1,-1,-1,-1
8, 18723.jpg,2,570,363,49,157,-1,-1,-1,-1
8, 18723.jpg,3,815,312,66,59,-1,-1,-1,-1
8, 18723.jpg,4,452,312,69,99,-1,-1,-1,-1
8, 18723.jpg,5,853,349,51,114,-1,-1,-1,-1
8, 18723.jpg,6,623,365,41,102,-1,-1,-1,-1
8, 18723.jpg,7,372,442,58,103,-1,-1,-1,-1
8, 18723.jpg,8,304,341,72,82,-1,-1,-1,-1
8, 18723.jpg,9,243,371,65,97,-1,-1,-1,-1
8, 18723.jpg,10,748,412,66,113,-1,-1,-1,-1
8, 18723.jpg,12,619,380,63,129,-1,-1,-1,-1
9, 18724.jpg,2,574,370,45,145,-1,-1,-1,-1
9, 18724.jpg,3,815,310,69,63,-1,-1,-1,-1
9, 18724.jpg,4,449,314,68,99,-1,-1,-1,-1
9, 18724.jpg,5,856,351,50,113,-1,-1,-1,-1
9, 18724.jpg,6,625,365,40,99,-1,-1,-1,-1
9, 18724.jpg,7,382,442,55,97,-1,-1,-1,-1
9, 18724.jpg,8,302,344,69,80,-1,-1,-1,-1
9, 18724.jpg,9,243,373,64,96,-1,-1,-1,-1
9, 18724.jpg,10,747,413,64,112,-1,-1,-1,-1
9, 18724.jpg,12,634,406,58,119,-1,-1,-1,-1
10, 18725.jpg,1,688,375,50,108,-1,-1,-1,-1
10, 18725.jpg,2,577,372,46,144,-1,-1,-1,-1
10, 18725.jpg,3,816,310,70,65,-1,-1,-1,-1
10, 18725.jpg,4,448,316,69,100,-1,-1,-1,-1
10, 18725.jpg,5,856,351,52,117,-1,-1,-1,-1
10, 18725.jpg,6,635,362,38,97,-1,-1,-1,-1
10, 18725.jpg,7,389,443,53,92,-1,-1,-1,-1
10, 18725.jpg,8,303,349,66,76,-1,-1,-1,-1
10, 18725.jpg,9,245,373,62,97,-1,-1,-1,-1
10, 18725.jpg,10,745,416,62,111,-1,-1,-1,-1
10, 18725.jpg,12,637,409,58,120,-1,-1,-1,-1
11, 18726.jpg,1,690,376,51,111,-1,-1,-1,-1
11, 18726.jpg,2,579,377,46,140,-1,-1,-1,-1
11, 18726.jpg,3,819,307,73,69,-1,-1,-1,-1
11, 18726.jpg,4,450,320,68,96,-1,-1,-1,-1
11, 18726.jpg,5,857,352,52,119,-1,-1,-1,-1
11, 18726.jpg,6,631,363,40,102,-1,-1,-1,-1
11, 18726.jpg,7,395,443,54,92,-1,-1,-1,-1
11, 18726.jpg,8,304,355,61,71,-1,-1,-1,-1
11, 18726.jpg,9,247,376,61,96,-1,-1,-1,-1
11, 18726.jpg,10,743,420,62,112,-1,-1,-1,-1
11, 18726.jpg,12,636,403,62,130,-1,-1,-1,-1
12, 18727.jpg,1,694,378,49,110,-1,-1,-1,-1
12, 18727.jpg,2,582,378,47,143,-1,-1,-1,-1
12, 18727.jpg,3,822,307,72,69,-1,-1,-1,-1
12, 18727.jpg,4,454,323,65,93,-1,-1,-1,-1
12, 18727.jpg,5,860,356,51,119,-1,-1,-1,-1
12, 18727.jpg,6,632,364,41,100,-1,-1,-1,-1
12, 18727.jpg,7,402,445,54,93,-1,-1,-1,-1
12, 18727.jpg,8,307,358,60,69,-1,-1,-1,-1
12, 18727.jpg,9,249,376,61,96,-1,-1,-1,-1
12, 18727.jpg,10,745,427,59,110,-1,-1,-1,-1
12, 18727.jpg,12,640,391,57,120,-1,-1,-1,-1
13, 18728.jpg,1,696,381,50,109,-1,-1,-1,-1
13, 18728.jpg,2,585,383,43,129,-1,-1,-1,-1
13, 18728.jpg,3,828,307,69,69,-1,-1,-1,-1
13, 18728.jpg,4,459,327,63,88,-1,-1,-1,-1
13, 18728.jpg,5,863,359,50,117,-1,-1,-1,-1
13, 18728.jpg,6,638,368,39,98,-1,-1,-1,-1
13, 18728.jpg,7,409,445,55,94,-1,-1,-1,-1
13, 18728.jpg,8,313,361,57,65,-1,-1,-1,-1
13, 18728.jpg,9,252,377,60,95,-1,-1,-1,-1
13, 18728.jpg,10,747,433,56,106,-1,-1,-1,-1
13, 18728.jpg,12,645,419,54,113,-1,-1,-1,-1
14, 18729.jpg,1,700,386,50,106,-1,-1,-1,-1
14, 18729.jpg,2,589,385,42,122,-1,-1,-1,-1
14, 18729.jpg,3,832,306,72,72,-1,-1,-1,-1
14, 18729.jpg,4,463,329,63,85,-1,-1,-1,-1
14, 18729.jpg,5,867,366,49,112,-1,-1,-1,-1
14, 18729.jpg,6,649,387,39,98,-1,-1,-1,-1
14, 18729.jpg,7,415,446,54,93,-1,-1,-1,-1
14, 18729.jpg,8,314,362,58,65,-1,-1,-1,-1
14, 18729.jpg,9,256,376,59,96,-1,-1,-1,-1
14, 18729.jpg,10,750,438,53,101,-1,-1,-1,-1
14, 18729.jpg,12,651,435,48,103,-1,-1,-1,-1
15, 18730.jpg,1,703,392,48,100,-1,-1,-1,-1
15, 18730.jpg,2,596,389,49,143,-1,-1,-1,-1
15, 18730.jpg,3,837,305,71,74,-1,-1,-1,-1
15, 18730.jpg,4,465,328,65,87,-1,-1,-1,-1
15, 18730.jpg,5,870,368,48,111,-1,-1,-1,-1
15, 18730.jpg,6,651,377,39,99,-1,-1,-1,-1
15, 18730.jpg,7,419,445,55,94,-1,-1,-1,-1
15, 18730.jpg,8,320,361,57,64,-1,-1,-1,-1
15, 18730.jpg,9,260,375,57,96,-1,-1,-1,-1
15, 18730.jpg,10,751,441,52,99,-1,-1,-1,-1
15, 18730.jpg,12,654,446,46,100,-1,-1,-1,-1
16, 18731.jpg,1,705,393,47,99,-1,-1,-1,-1
16, 18731.jpg,2,599,393,49,147,-1,-1,-1,-1
16, 18731.jpg,3,840,305,70,74,-1,-1,-1,-1
16, 18731.jpg,4,466,325,68,91,-1,-1,-1,-1
16, 18731.jpg,5,871,369,50,114,-1,-1,-1,-1
16, 18731.jpg,6,653,373,39,98,-1,-1,-1,-1
16, 18731.jpg,7,421,443,54,95,-1,-1,-1,-1
16, 18731.jpg,8,320,358,60,68,-1,-1,-1,-1
16, 18731.jpg,9,261,373,57,96,-1,-1,-1,-1
16, 18731.jpg,10,753,443,50,98,-1,-1,-1,-1
16, 18731.jpg,12,656,449,45,100,-1,-1,-1,-1
17, 18732.jpg,1,703,387,51,107,-1,-1,-1,-1
17, 18732.jpg,2,601,398,48,142,-1,-1,-1,-1
17, 18732.jpg,3,844,305,69,75,-1,-1,-1,-1
17, 18732.jpg,4,466,322,71,94,-1,-1,-1,-1
17, 18732.jpg,5,872,372,50,112,-1,-1,-1,-1
17, 18732.jpg,6,654,372,38,98,-1,-1,-1,-1
17, 18732.jpg,7,421,442,55,96,-1,-1,-1,-1
17, 18732.jpg,8,316,356,64,73,-1,-1,-1,-1
17, 18732.jpg,9,260,372,57,96,-1,-1,-1,-1
17, 18732.jpg,10,753,442,49,99,-1,-1,-1,-1
17, 18732.jpg,12,659,454,44,97,-1,-1,-1,-1
18, 18733.jpg,1,706,389,50,104,-1,-1,-1,-1
18, 18733.jpg,2,604,415,45,134,-1,-1,-1,-1
18, 18733.jpg,3,844,305,68,75,-1,-1,-1,-1
18, 18733.jpg,4,466,319,73,98,-1,-1,-1,-1
18, 18733.jpg,5,873,376,48,108,-1,-1,-1,-1
18, 18733.jpg,6,653,371,39,98,-1,-1,-1,-1
18, 18733.jpg,7,421,440,54,97,-1,-1,-1,-1
18, 18733.jpg,8,316,352,65,74,-1,-1,-1,-1
18, 18733.jpg,9,259,372,55,95,-1,-1,-1,-1
18, 18733.jpg,10,752,439,50,101,-1,-1,-1,-1
18, 18733.jpg,12,660,455,43,96,-1,-1,-1,-1
18, 18733.jpg,15,593,382,39,108,-1,-1,-1,-1
19, 18734.jpg,1,707,393,49,99,-1,-1,-1,-1
19, 18734.jpg,2,607,426,43,128,-1,-1,-1,-1
19, 18734.jpg,3,845,304,68,76,-1,-1,-1,-1
19, 18734.jpg,4,467,317,73,98,-1,-1,-1,-1
19, 18734.jpg,5,873,378,47,106,-1,-1,-1,-1
19, 18734.jpg,6,652,369,40,101,-1,-1,-1,-1
19, 18734.jpg,7,420,437,54,99,-1,-1,-1,-1
19, 18734.jpg,8,315,348,69,77,-1,-1,-1,-1
19, 18734.jpg,9,255,371,55,96,-1,-1,-1,-1
19, 18734.jpg,10,751,435,51,105,-1,-1,-1,-1
19, 18734.jpg,12,657,452,45,100,-1,-1,-1,-1
19, 18734.jpg,15,594,387,38,102,-1,-1,-1,-1
20, 18735.jpg,1,707,394,48,97,-1,-1,-1,-1
20, 18735.jpg,2,603,424,43,126,-1,-1,-1,-1
20, 18735.jpg,3,846,303,70,79,-1,-1,-1,-1
20, 18735.jpg,4,468,315,71,98,-1,-1,-1,-1
20, 18735.jpg,5,872,378,48,104,-1,-1,-1,-1
20, 18735.jpg,6,652,368,40,100,-1,-1,-1,-1
20, 18735.jpg,7,419,435,54,100,-1,-1,-1,-1
20, 18735.jpg,8,314,345,70,79,-1,-1,-1,-1
20, 18735.jpg,9,251,370,56,99,-1,-1,-1,-1
20, 18735.jpg,10,750,430,52,108,-1,-1,-1,-1
20, 18735.jpg,12,657,447,46,106,-1,-1,-1,-1
20, 18735.jpg,15,595,388,37,101,-1,-1,-1,-1
21, 18736.jpg,1,705,395,49,97,-1,-1,-1,-1
21, 18736.jpg,2,601,429,42,124,-1,-1,-1,-1
21, 18736.jpg,3,846,302,71,80,-1,-1,-1,-1
21, 18736.jpg,4,469,314,70,96,-1,-1,-1,-1
21, 18736.jpg,5,871,376,48,104,-1,-1,-1,-1
21, 18736.jpg,6,652,367,40,98,-1,-1,-1,-1
21, 18736.jpg,7,418,432,54,103,-1,-1,-1,-1
21, 18736.jpg,8,314,342,71,82,-1,-1,-1,-1
21, 18736.jpg,9,249,370,55,100,-1,-1,-1,-1
21, 18736.jpg,10,749,423,53,113,-1,-1,-1,-1
21, 18736.jpg,12,656,443,49,112,-1,-1,-1,-1
22, 18737.jpg,1,706,396,49,97,-1,-1,-1,-1
22, 18737.jpg,2,599,431,42,122,-1,-1,-1,-1
22, 18737.jpg,3,846,301,70,82,-1,-1,-1,-1
22, 18737.jpg,4,470,313,69,97,-1,-1,-1,-1
22, 18737.jpg,5,869,374,49,106,-1,-1,-1,-1
22, 18737.jpg,6,652,365,40,97,-1,-1,-1,-1
22, 18737.jpg,7,417,430,54,105,-1,-1,-1,-1
22, 18737.jpg,8,315,339,72,84,-1,-1,-1,-1
22, 18737.jpg,9,246,369,56,102,-1,-1,-1,-1
22, 18737.jpg,10,750,418,53,113,-1,-1,-1,-1
22, 18737.jpg,12,656,438,52,118,-1,-1,-1,-1
22, 18737.jpg,15,596,387,32,88,-1,-1,-1,-1
23, 18738.jpg,1,705,395,50,97,-1,-1,-1,-1
23, 18738.jpg,2,597,432,41,118,-1,-1,-1,-1
23, 18738.jpg,3,845,300,71,82,-1,-1,-1,-1
23, 18738.jpg,4,472,313,66,95,-1,-1,-1,-1
23, 18738.jpg,5,868,373,49,106,-1,-1,-1,-1
23, 18738.jpg,6,649,363,41,99,-1,-1,-1,-1
23, 18738.jpg,7,415,427,55,107,-1,-1,-1,-1
23, 18738.jpg,8,317,337,71,85,-1,-1,-1,-1
23, 18738.jpg,9,243,369,55,102,-1,-1,-1,-1
23, 18738.jpg,10,739,410,53,113,-1,-1,-1,-1
23, 18738.jpg,12,657,437,52,120,-1,-1,-1,-1
23, 18738.jpg,15,595,382,32,85,-1,-1,-1,-1
24, 18739.jpg,1,706,396,49,96,-1,-1,-1,-1
24, 18739.jpg,2,593,425,43,120,-1,-1,-1,-1
24, 18739.jpg,3,847,299,71,84,-1,-1,-1,-1
24, 18739.jpg,4,473,315,65,93,-1,-1,-1,-1
24, 18739.jpg,5,867,370,50,109,-1,-1,-1,-1
24, 18739.jpg,6,647,361,42,99,-1,-1,-1,-1
24, 18739.jpg,7,413,427,53,107,-1,-1,-1,-1
24, 18739.jpg,8,319,334,69,86,-1,-1,-1,-1
24, 18739.jpg,9,239,367,55,102,-1,-1,-1,-1
24, 18739.jpg,10,732,408,53,107,-1,-1,-1,-1
24, 18739.jpg,12,656,434,54,126,-1,-1,-1,-1
24, 18739.jpg,15,596,380,30,79,-1,-1,-1,-1
25, 18740.jpg,2,593,426,43,120,-1,-1,-1,-1
25, 18740.jpg,3,847,299,72,87,-1,-1,-1,-1
25, 18740.jpg,4,474,317,64,90,-1,-1,-1,-1
25, 18740.jpg,5,867,369,50,109,-1,-1,-1,-1
25, 18740.jpg,6,647,357,44,104,-1,-1,-1,-1
25, 18740.jpg,7,411,426,53,108,-1,-1,-1,-1
25, 18740.jpg,8,318,334,70,87,-1,-1,-1,-1
25, 18740.jpg,9,237,365,54,103,-1,-1,-1,-1
25, 18740.jpg,10,726,404,54,104,-1,-1,-1,-1
25, 18740.jpg,12,658,439,53,124,-1,-1,-1,-1
25, 18740.jpg,15,594,391,36,94,-1,-1,-1,-1
26, 18741.jpg,2,587,413,50,139,-1,-1,-1,-1
26, 18741.jpg,3,849,299,72,89,-1,-1,-1,-1
26, 18741.jpg,4,476,318,63,89,-1,-1,-1,-1
26, 18741.jpg,5,867,368,50,109,-1,-1,-1,-1
26, 18741.jpg,6,646,355,45,107,-1,-1,-1,-1
26, 18741.jpg,7,410,426,53,108,-1,-1,-1,-1
26, 18741.jpg,8,320,333,68,87,-1,-1,-1,-1
26, 18741.jpg,9,236,363,54,104,-1,-1,-1,-1
26, 18741.jpg,10,713,393,53,102,-1,-1,-1,-1
26, 18741.jpg,12,658,440,53,125,-1,-1,-1,-1
26, 18741.jpg,15,594,383,34,89,-1,-1,-1,-1
27, 18742.jpg,2,585,417,50,135,-1,-1,-1,-1
27, 18742.jpg,3,852,300,72,92,-1,-1,-1,-1
27, 18742.jpg,4,478,318,64,89,-1,-1,-1,-1
27, 18742.jpg,5,871,368,49,109,-1,-1,-1,-1
27, 18742.jpg,6,646,353,47,111,-1,-1,-1,-1
27, 18742.jpg,7,409,425,53,110,-1,-1,-1,-1
27, 18742.jpg,8,320,332,68,88,-1,-1,-1,-1
27, 18742.jpg,9,234,361,54,105,-1,-1,-1,-1
27, 18742.jpg,10,720,390,54,106,-1,-1,-1,-1
27, 18742.jpg,12,662,445,52,122,-1,-1,-1,-1
27, 18742.jpg,15,595,378,33,90,-1,-1,-1,-1
28, 18743.jpg,2,584,421,49,131,-1,-1,-1,-1
28, 18743.jpg,3,855,301,73,94,-1,-1,-1,-1
28, 18743.jpg,4,479,317,66,91,-1,-1,-1,-1
28, 18743.jpg,5,874,372,47,107,-1,-1,-1,-1
28, 18743.jpg,6,650,353,47,110,-1,-1,-1,-1
28, 18743.jpg,7,408,423,53,111,-1,-1,-1,-1
28, 18743.jpg,8,322,332,67,87,-1,-1,-1,-1
28, 18743.jpg,9,234,359,55,107,-1,-1,-1,-1
28, 18743.jpg,10,725,391,56,108,-1,-1,-1,-1
28, 18743.jpg,12,665,452,51,115,-1,-1,-1,-1
28, 18743.jpg,15,594,378,35,91,-1,-1,-1,-1
29, 18744.jpg,2,584,425,48,127,-1,-1,-1,-1
29, 18744.jpg,3,859,303,72,95,-1,-1,-1,-1
29, 18744.jpg,4,484,317,67,91,-1,-1,-1,-1
29, 18744.jpg,5,876,369,48,111,-1,-1,-1,-1
29, 18744.jpg,6,652,355,46,108,-1,-1,-1,-1
29, 18744.jpg,7,407,422,53,113,-1,-1,-1,-1
29, 18744.jpg,8,324,333,67,87,-1,-1,-1,-1
29, 18744.jpg,9,234,358,54,106,-1,-1,-1,-1
29, 18744.jpg,10,732,397,57,108,-1,-1,-1,-1
29, 18744.jpg,12,669,457,52,114,-1,-1,-1,-1
29, 18744.jpg,15,596,386,34,89,-1,-1,-1,-1
30, 18745.jpg,1,755,411,53,103,-1,-1,-1,-1
30, 18745.jpg,2,583,426,48,125,-1,-1,-1,-1
30, 18745.jpg,3,863,305,69,92,-1,-1,-1,-1
30, 18745.jpg,4,490,317,66,91,-1,-1,-1,-1
30, 18745.jpg,5,877,368,49,114,-1,-1,-1,-1
30, 18745.jpg,6,654,357,47,106,-1,-1,-1,-1
30, 18745.jpg,7,403,419,55,117,-1,-1,-1,-1
30, 18745.jpg,8,324,333,67,86,-1,-1,-1,-1
30, 18745.jpg,9,233,357,55,107,-1,-1,-1,-1
30, 18745.jpg,10,719,383,58,112,-1,-1,-1,-1
30, 18745.jpg,12,671,465,52,107,-1,-1,-1,-1
30, 18745.jpg,15,597,383,31,85,-1,-1,-1,-1
31, 18746.jpg,1,758,412,55,102,-1,-1,-1,-1
31, 18746.jpg,2,582,419,51,130,-1,-1,-1,-1
31, 18746.jpg,3,868,306,68,91,-1,-1,-1,-1
31, 18746.jpg,4,494,318,64,88,-1,-1,-1,-1
31, 18746.jpg,5,878,368,50,114,-1,-1,-1,-1
31, 18746.jpg,6,657,358,47,104,-1,-1,-1,-1
31, 18746.jpg,7,401,417,54,119,-1,-1,-1,-1
31, 18746.jpg,8,324,332,68,88,-1,-1,-1,-1
31, 18746.jpg,9,232,357,54,107,-1,-1,-1,-1
31, 18746.jpg,10,717,378,57,111,-1,-1,-1,-1
31, 18746.jpg,12,672,467,53,103,-1,-1,-1,-1
31, 18746.jpg,15,596,384,31,84,-1,-1,-1,-1
32, 18747.jpg,1,759,414,56,99,-1,-1,-1,-1
32, 18747.jpg,2,582,418,51,131,-1,-1,-1,-1
32, 18747.jpg,3,870,306,68,91,-1,-1,-1,-1
32, 18747.jpg,4,502,320,60,85,-1,-1,-1,-1
32, 18747.jpg,5,879,369,50,113,-1,-1,-1,-1
32, 18747.jpg,6,659,358,49,103,-1,-1,-1,-1
32, 18747.jpg,7,399,417,54,118,-1,-1,-1,-1
32, 18747.jpg,8,325,331,68,90,-1,-1,-1,-1
32, 18747.jpg,9,231,357,54,107,-1,-1,-1,-1
32, 18747.jpg,10,716,376,57,110,-1,-1,-1,-1
32, 18747.jpg,12,674,470,57,105,-1,-1,-1,-1
32, 18747.jpg,15,594,393,35,94,-1,-1,-1,-1
33, 18748.jpg,1,756,413,60,100,-1,-1,-1,-1
33, 18748.jpg,2,583,417,50,130,-1,-1,-1,-1
33, 18748.jpg,3,872,306,68,92,-1,-1,-1,-1
33, 18748.jpg,4,507,322,59,84,-1,-1,-1,-1
33, 18748.jpg,5,883,373,48,106,-1,-1,-1,-1
33, 18748.jpg,6,659,357,50,102,-1,-1,-1,-1
33, 18748.jpg,7,397,417,53,117,-1,-1,-1,-1
33, 18748.jpg,8,325,331,68,88,-1,-1,-1,-1
33, 18748.jpg,9,229,357,55,110,-1,-1,-1,-1
33, 18748.jpg,10,713,375,62,119,-1,-1,-1,-1
33, 18748.jpg,12,677,474,59,104,-1,-1,-1,-1
33, 18748.jpg,15,596,385,32,87,-1,-1,-1,-1
34, 18749.jpg,1,760,415,60,100,-1,-1,-1,-1
34, 18749.jpg,2,582,409,51,134,-1,-1,-1,-1
34, 18749.jpg,3,873,304,69,93,-1,-1,-1,-1
34, 18749.jpg,4,511,322,58,86,-1,-1,-1,-1
34, 18749.jpg,5,884,372,49,107,-1,-1,-1,-1
34, 18749.jpg,6,660,357,51,102,-1,-1,-1,-1
34, 18749.jpg,7,393,418,52,114,-1,-1,-1,-1
34, 18749.jpg,8,325,330,68,89,-1,-1,-1,-1
34, 18749.jpg,9,229,358,54,110,-1,-1,-1,-1
34, 18749.jpg,10,724,385,62,116,-1,-1,-1,-1
34, 18749.jpg,12,681,475,62,108,-1,-1,-1,-1
34, 18749.jpg,15,596,381,31,85,-1,-1,-1,-1
35, 18750.jpg,2,584,416,47,124,-1,-1,-1,-1
35, 18750.jpg,3,874,302,71,97,-1,-1,-1,-1
35, 18750.jpg,4,513,320,60,91,-1,-1,-1,-1
35, 18750.jpg,5,883,372,51,108,-1,-1,-1,-1
35, 18750.jpg,6,658,357,52,102,-1,-1,-1,-1
35, 18750.jpg,7,388,420,52,113,-1,-1,-1,-1
35, 18750.jpg,8,326,330,67,88,-1,-1,-1,-1
35, 18750.jpg,9,228,358,52,107,-1,-1,-1,-1
35, 18750.jpg,10,733,393,62,110,-1,-1,-1,-1
35, 18750.jpg,12,684,473,66,115,-1,-1,-1,-1
35, 18750.jpg,15,595,380,31,84,-1,-1,-1,-1
36, 18751.jpg,1,766,415,59,98,-1,-1,-1,-1
36, 18751.jpg,2,583,416,48,126,-1,-1,-1,-1
36, 18751.jpg,3,875,299,73,103,-1,-1,-1,-1
36, 18751.jpg,4,514,319,62,94,-1,-1,-1,-1
36, 18751.jpg,5,883,368,54,113,-1,-1,-1,-1
36, 18751.jpg,6,657,357,54,102,-1,-1,-1,-1
36, 18751.jpg,7,383,421,54,114,-1,-1,-1,-1
36, 18751.jpg,8,328,329,66,88,-1,-1,-1,-1
36, 18751.jpg,9,225,360,51,106,-1,-1,-1,-1
36, 18751.jpg,10,724,386,64,114,-1,-1,-1,-1
36, 18751.jpg,12,690,473,68,119,-1,-1,-1,-1
36, 18751.jpg,15,593,380,32,89,-1,-1,-1,-1
37, 18752.jpg,1,756,404,65,106,-1,-1,-1,-1
37, 18752.jpg,2,583,407,48,132,-1,-1,-1,-1
37, 18752.jpg,3,879,296,71,105,-1,-1,-1,-1
37, 18752.jpg,4,517,318,62,97,-1,-1,-1,-1
37, 18752.jpg,5,883,367,55,114,-1,-1,-1,-1
37, 18752.jpg,6,659,356,54,102,-1,-1,-1,-1
37, 18752.jpg,7,378,421,54,113,-1,-1,-1,-1
37, 18752.jpg,8,329,329,64,87,-1,-1,-1,-1
37, 18752.jpg,9,223,359,51,107,-1,-1,-1,-1
37, 18752.jpg,10,720,384,62,108,-1,-1,-1,-1
37, 18752.jpg,12,698,472,68,119,-1,-1,-1,-1
37, 18752.jpg,15,590,378,34,93,-1,-1,-1,-1
38, 18753.jpg,1,753,398,66,108,-1,-1,-1,-1
38, 18753.jpg,2,584,404,47,131,-1,-1,-1,-1
38, 18753.jpg,3,882,295,69,106,-1,-1,-1,-1
38, 18753.jpg,4,518,317,64,101,-1,-1,-1,-1
38, 18753.jpg,5,886,368,53,112,-1,-1,-1,-1
38, 18753.jpg,6,660,356,54,101,-1,-1,-1,-1
38, 18753.jpg,7,373,424,55,110,-1,-1,-1,-1
38, 18753.jpg,8,327,327,64,88,-1,-1,-1,-1
38, 18753.jpg,9,220,358,51,108,-1,-1,-1,-1
38, 18753.jpg,10,718,384,64,109,-1,-1,-1,-1
38, 18753.jpg,12,704,469,69,122,-1,-1,-1,-1
38, 18753.jpg,15,590,377,33,92,-1,-1,-1,-1
39, 18754.jpg,1,753,393,68,112,-1,-1,-1,-1
39, 18754.jpg,2,584,418,42,119,-1,-1,-1,-1
39, 18754.jpg,3,884,294,67,107,-1,-1,-1,-1
39, 18754.jpg,4,520,315,63,103,-1,-1,-1,-1
39, 18754.jpg,5,891,370,51,109,-1,-1,-1,-1
39, 18754.jpg,6,661,355,55,101,-1,-1,-1,-1
39, 18754.jpg,7,368,424,59,113,-1,-1,-1,-1
39, 18754.jpg,8,324,328,63,87,-1,-1,-1,-1
39, 18754.jpg,9,217,358,51,108,-1,-1,-1,-1
39, 18754.jpg,10,718,384,62,105,-1,-1,-1,-1
39, 18754.jpg,12,710,465,73,128,-1,-1,-1,-1
39, 18754.jpg,15,588,375,35,95,-1,-1,-1,-1
40, 18755.jpg,1,752,392,69,113,-1,-1,-1,-1
40, 18755.jpg,2,582,421,41,116,-1,-1,-1,-1
40, 18755.jpg,3,885,291,65,109,-1,-1,-1,-1
40, 18755.jpg,4,523,315,62,103,-1,-1,-1,-1
40, 18755.jpg,5,893,366,51,113,-1,-1,-1,-1
40, 18755.jpg,6,663,355,54,101,-1,-1,-1,-1
40, 18755.jpg,7,366,424,58,112,-1,-1,-1,-1
40, 18755.jpg,8,322,328,62,86,-1,-1,-1,-1
40, 18755.jpg,9,215,358,50,108,-1,-1,-1,-1
40, 18755.jpg,10,718,382,61,105,-1,-1,-1,-1
40, 18755.jpg,12,718,464,74,130,-1,-1,-1,-1
40, 18755.jpg,15,586,371,34,95,-1,-1,-1,-1
