2, 21962.jpg,1,592,256,43,84,-1,-1,-1,-1
2, 21962.jpg,2,275,266,56,101,-1,-1,-1,-1
2, 21962.jpg,3,726,432,54,111,-1,-1,-1,-1
2, 21962.jpg,4,762,380,45,102,-1,-1,-1,-1
2, 21962.jpg,5,199,422,68,110,-1,-1,-1,-1
2, 21962.jpg,6,234,321,36,95,-1,-1,-1,-1
2, 21962.jpg,7,801,274,74,75,-1,-1,-1,-1
2, 21962.jpg,8,520,306,37,82,-1,-1,-1,-1
2, 21962.jpg,9,438,382,44,108,-1,-1,-1,-1
2, 21962.jpg,10,407,282,50,100,-1,-1,-1,-1
3, 21963.jpg,1,601,255,45,89,-1,-1,-1,-1
3, 21963.jpg,2,276,266,57,103,-1,-1,-1,-1
3, 21963.jpg,3,734,436,54,112,-1,-1,-1,-1
3, 21963.jpg,4,767,382,45,101,-1,-1,-1,-1
3, 21963.jpg,5,201,423,68,109,-1,-1,-1,-1
3, 21963.jpg,6,233,323,35,91,-1,-1,-1,-1
3, 21963.jpg,7,807,274,74,75,-1,-1,-1,-1
3, 21963.jpg,8,525,305,40,89,-1,-1,-1,-1
3, 21963.jpg,9,442,381,44,109,-1,-1,-1,-1
3, 21963.jpg,10,412,284,50,99,-1,-1,-1,-1
4, 21964.jpg,1,609,257,45,87,-1,-1,-1,-1
4, 21964.jpg,2,279,266,57,103,-1,-1,-1,-1
4, 21964.jpg,3,748,417,57,116,-1,-1,-1,-1
4, 21964.jpg,4,770,383,44,100,-1,-1,-1,-1
4, 21964.jpg,5,204,422,69,110,-1,-1,-1,-1
4, 21964.jpg,6,232,326,35,88,-1,-1,-1,-1
4, 21964.jpg,7,812,275,73,75,-1,-1,-1,-1
4, 21964.jpg,8,531,305,40,90,-1,-1,-1,-1
4, 21964.jpg,9,448,382,45,112,-1,-1,-1,-1
4, 21964.jpg,10,418,286,47,95,-1,-1,-1,-1
5, 21965.jpg,1,615,260,45,85,-1,-1,-1,-1
5, 21965.jpg,2,281,265,58,104,-1,-1,-1,-1
5, 21965.jpg,3,747,432,61,127,-1,-1,-1,-1
5, 21965.jpg,4,768,380,48,106,-1,-1,-1,-1
5, 21965.jpg,5,206,422,70,111,-1,-1,-1,-1
5, 21965.jpg,6,232,327,35,88,-1,-1,-1,-1
5, 21965.jpg,7,816,275,77,78,-1,-1,-1,-1
5, 21965.jpg,8,538,306,41,91,-1,-1,-1,-1
5, 21965.jpg,9,452,384,45,112,-1,-1,-1,-1
5, 21965.jpg,10,422,286,48,95,-1,-1,-1,-1
6, 21966.jpg,1,622,263,43,82,-1,-1,-1,-1
6, 21966.jpg,2,283,266,58,102,-1,-1,-1,-1
6, 21966.jpg,3,753,440,61,126,-1,-1,-1,-1
6, 21966.jpg,4,768,379,50,108,-1,-1,-1,-1
6, 21966.jpg,5,208,422,73,112,-1,-1,-1,-1
6, 21966.jpg,6,233,329,35,86,-1,-1,-1,-1
6, 21966.jpg,7,822,273,77,79,-1,-1,-1,-1
6, 21966.jpg,8,544,308,43,94,-1,-1,-1,-1
6, 21966.jpg,9,455,386,44,109,-1,-1,-1,-1
6, 21966.jpg,10,429,286,47,95,-1,-1,-1,-1
7, 21967.jpg,1,627,263,44,83,-1,-1,-1,-1
7, 21967.jpg,2,285,265,57,102,-1,-1,-1,-1
7, 21967.jpg,3,757,444,61,127,-1,-1,-1,-1
7, 21967.jpg,4,767,378,52,111,-1,-1,-1,-1
7, 21967.jpg,5,211,421,74,114,-1,-1,-1,-1
7, 21967.jpg,6,231,329,36,86,-1,-1,-1,-1
7, 21967.jpg,7,827,272,76,79,-1,-1,-1,-1
7, 21967.jpg,8,550,309,44,96,-1,-1,-1,-1
7, 21967.jpg,9,462,388,45,112,-1,-1,-1,-1
7, 21967.jpg,10,436,287,47,93,-1,-1,-1,-1
8, 21968.jpg,1,632,264,44,82,-1,-1,-1,-1
8, 21968.jpg,2,285,264,57,102,-1,-1,-1,-1
8, 21968.jpg,3,759,446,62,127,-1,-1,-1,-1
8, 21968.jpg,4,768,379,50,107,-1,-1,-1,-1
8, 21968.jpg,5,213,421,75,114,-1,-1,-1,-1
8, 21968.jpg,6,230,329,38,86,-1,-1,-1,-1
8, 21968.jpg,7,831,271,77,80,-1,-1,-1,-1
8, 21968.jpg,8,557,311,44,96,-1,-1,-1,-1
8, 21968.jpg,9,467,390,44,111,-1,-1,-1,-1
8, 21968.jpg,10,440,287,46,93,-1,-1,-1,-1
9, 21969.jpg,1,637,265,43,80,-1,-1,-1,-1
9, 21969.jpg,2,285,263,56,103,-1,-1,-1,-1
9, 21969.jpg,3,764,448,60,125,-1,-1,-1,-1
9, 21969.jpg,4,767,376,52,112,-1,-1,-1,-1
9, 21969.jpg,5,214,420,76,115,-1,-1,-1,-1
9, 21969.jpg,6,232,329,39,86,-1,-1,-1,-1
9, 21969.jpg,7,835,270,77,81,-1,-1,-1,-1
9, 21969.jpg,8,563,314,44,95,-1,-1,-1,-1
9, 21969.jpg,9,470,393,44,109,-1,-1,-1,-1
9, 21969.jpg,10,445,286,47,94,-1,-1,-1,-1
10, 21970.jpg,1,639,263,44,83,-1,-1,-1,-1
10, 21970.jpg,2,285,262,57,106,-1,-1,-1,-1
10, 21970.jpg,3,768,448,62,127,-1,-1,-1,-1
10, 21970.jpg,4,767,378,52,113,-1,-1,-1,-1
10, 21970.jpg,5,215,417,77,118,-1,-1,-1,-1
10, 21970.jpg,6,232,330,40,85,-1,-1,-1,-1
10, 21970.jpg,7,837,269,79,83,-1,-1,-1,-1
10, 21970.jpg,8,569,315,44,96,-1,-1,-1,-1
10, 21970.jpg,9,475,398,42,103,-1,-1,-1,-1
10, 21970.jpg,10,449,286,48,96,-1,-1,-1,-1
11, 21971.jpg,1,642,263,45,83,-1,-1,-1,-1
11, 21971.jpg,2,285,262,58,108,-1,-1,-1,-1
11, 21971.jpg,3,771,445,63,132,-1,-1,-1,-1
11, 21971.jpg,4,765,375,54,119,-1,-1,-1,-1
11, 21971.jpg,5,215,416,78,121,-1,-1,-1,-1
11, 21971.jpg,6,232,332,38,82,-1,-1,-1,-1
11, 21971.jpg,7,841,270,77,82,-1,-1,-1,-1
11, 21971.jpg,8,574,318,45,97,-1,-1,-1,-1
11, 21971.jpg,9,478,398,44,108,-1,-1,-1,-1
11, 21971.jpg,10,452,286,49,99,-1,-1,-1,-1
12, 21972.jpg,1,646,263,45,84,-1,-1,-1,-1
12, 21972.jpg,2,288,263,57,107,-1,-1,-1,-1
12, 21972.jpg,3,775,448,61,127,-1,-1,-1,-1
12, 21972.jpg,4,765,374,56,122,-1,-1,-1,-1
12, 21972.jpg,5,215,417,77,121,-1,-1,-1,-1
12, 21972.jpg,6,229,332,40,86,-1,-1,-1,-1
12, 21972.jpg,7,842,271,77,82,-1,-1,-1,-1
12, 21972.jpg,8,577,319,45,101,-1,-1,-1,-1
12, 21972.jpg,9,482,381,41,103,-1,-1,-1,-1
12, 21972.jpg,10,456,287,49,98,-1,-1,-1,-1
13, 21973.jpg,1,647,263,47,85,-1,-1,-1,-1
13, 21973.jpg,2,289,265,56,106,-1,-1,-1,-1
13, 21973.jpg,3,779,451,59,123,-1,-1,-1,-1
13, 21973.jpg,4,767,376,54,118,-1,-1,-1,-1
13, 21973.jpg,5,217,418,75,121,-1,-1,-1,-1
13, 21973.jpg,6,229,332,39,86,-1,-1,-1,-1
13, 21973.jpg,7,842,270,74,82,-1,-1,-1,-1
13, 21973.jpg,8,579,317,49,108,-1,-1,-1,-1
13, 21973.jpg,9,486,394,40,98,-1,-1,-1,-1
13, 21973.jpg,10,456,288,49,97,-1,-1,-1,-1
14, 21974.jpg,1,649,263,47,85,-1,-1,-1,-1
14, 21974.jpg,2,290,267,55,104,-1,-1,-1,-1
14, 21974.jpg,3,781,455,59,121,-1,-1,-1,-1
14, 21974.jpg,4,770,379,53,115,-1,-1,-1,-1
14, 21974.jpg,5,218,417,74,125,-1,-1,-1,-1
14, 21974.jpg,6,228,331,40,89,-1,-1,-1,-1
14, 21974.jpg,7,843,271,73,82,-1,-1,-1,-1
14, 21974.jpg,8,584,316,48,110,-1,-1,-1,-1
14, 21974.jpg,9,490,400,39,95,-1,-1,-1,-1
14, 21974.jpg,10,459,289,48,97,-1,-1,-1,-1
15, 21975.jpg,1,651,265,47,85,-1,-1,-1,-1
15, 21975.jpg,2,288,268,54,104,-1,-1,-1,-1
15, 21975.jpg,3,782,458,60,122,-1,-1,-1,-1
15, 21975.jpg,4,770,380,53,115,-1,-1,-1,-1
15, 21975.jpg,5,219,418,72,126,-1,-1,-1,-1
15, 21975.jpg,6,227,330,40,90,-1,-1,-1,-1
15, 21975.jpg,7,841,271,70,81,-1,-1,-1,-1
15, 21975.jpg,8,588,313,50,117,-1,-1,-1,-1
15, 21975.jpg,9,494,401,38,94,-1,-1,-1,-1
15, 21975.jpg,10,462,290,48,96,-1,-1,-1,-1
15, 21975.jpg,12,490,357,35,97,-1,-1,-1,-1
16, 21976.jpg,1,653,267,46,83,-1,-1,-1,-1
16, 21976.jpg,2,288,270,54,101,-1,-1,-1,-1
16, 21976.jpg,3,783,461,62,121,-1,-1,-1,-1
16, 21976.jpg,4,770,380,52,112,-1,-1,-1,-1
16, 21976.jpg,5,221,419,70,127,-1,-1,-1,-1
16, 21976.jpg,6,226,330,39,91,-1,-1,-1,-1
16, 21976.jpg,7,838,271,68,79,-1,-1,-1,-1
16, 21976.jpg,8,591,311,50,119,-1,-1,-1,-1
16, 21976.jpg,9,496,397,42,104,-1,-1,-1,-1
16, 21976.jpg,10,465,289,48,97,-1,-1,-1,-1
16, 21976.jpg,12,498,349,35,99,-1,-1,-1,-1
17, 21977.jpg,1,655,270,46,81,-1,-1,-1,-1
17, 21977.jpg,2,287,271,53,101,-1,-1,-1,-1
17, 21977.jpg,3,783,463,63,119,-1,-1,-1,-1
17, 21977.jpg,4,770,380,53,113,-1,-1,-1,-1
17, 21977.jpg,5,223,420,68,128,-1,-1,-1,-1
17, 21977.jpg,6,224,330,40,92,-1,-1,-1,-1
17, 21977.jpg,7,838,271,67,79,-1,-1,-1,-1
17, 21977.jpg,8,594,309,50,120,-1,-1,-1,-1
17, 21977.jpg,9,499,397,42,105,-1,-1,-1,-1
17, 21977.jpg,10,465,288,50,100,-1,-1,-1,-1
17, 21977.jpg,12,502,347,34,98,-1,-1,-1,-1
18, 21978.jpg,1,656,271,47,82,-1,-1,-1,-1
18, 21978.jpg,2,286,272,53,101,-1,-1,-1,-1
18, 21978.jpg,3,782,465,64,116,-1,-1,-1,-1
18, 21978.jpg,4,770,382,54,112,-1,-1,-1,-1
18, 21978.jpg,5,226,421,67,129,-1,-1,-1,-1
18, 21978.jpg,6,220,333,41,93,-1,-1,-1,-1
18, 21978.jpg,7,839,271,68,80,-1,-1,-1,-1
18, 21978.jpg,8,598,308,48,119,-1,-1,-1,-1
18, 21978.jpg,9,502,395,43,107,-1,-1,-1,-1
18, 21978.jpg,10,467,287,49,101,-1,-1,-1,-1
18, 21978.jpg,12,503,345,33,89,-1,-1,-1,-1
19, 21979.jpg,1,656,272,49,84,-1,-1,-1,-1
19, 21979.jpg,2,285,273,53,101,-1,-1,-1,-1
19, 21979.jpg,3,782,467,65,113,-1,-1,-1,-1
19, 21979.jpg,4,772,383,53,111,-1,-1,-1,-1
19, 21979.jpg,5,228,422,66,127,-1,-1,-1,-1
19, 21979.jpg,6,217,336,42,93,-1,-1,-1,-1
19, 21979.jpg,7,839,270,69,82,-1,-1,-1,-1
19, 21979.jpg,8,603,303,48,123,-1,-1,-1,-1
19, 21979.jpg,9,505,395,42,106,-1,-1,-1,-1
19, 21979.jpg,10,468,285,50,102,-1,-1,-1,-1
19, 21979.jpg,12,505,346,31,86,-1,-1,-1,-1
20, 21980.jpg,1,656,272,49,85,-1,-1,-1,-1
20, 21980.jpg,2,284,273,54,102,-1,-1,-1,-1
20, 21980.jpg,3,783,468,69,113,-1,-1,-1,-1
20, 21980.jpg,4,773,384,54,111,-1,-1,-1,-1
20, 21980.jpg,5,231,423,64,126,-1,-1,-1,-1
20, 21980.jpg,6,214,340,44,93,-1,-1,-1,-1
20, 21980.jpg,7,838,269,69,84,-1,-1,-1,-1
20, 21980.jpg,8,605,306,47,123,-1,-1,-1,-1
20, 21980.jpg,9,503,382,48,121,-1,-1,-1,-1
20, 21980.jpg,10,471,284,49,102,-1,-1,-1,-1
20, 21980.jpg,12,505,349,33,90,-1,-1,-1,-1
21, 21981.jpg,1,655,271,51,88,-1,-1,-1,-1
21, 21981.jpg,2,285,274,54,101,-1,-1,-1,-1
21, 21981.jpg,3,781,467,71,112,-1,-1,-1,-1
21, 21981.jpg,4,774,383,55,113,-1,-1,-1,-1
21, 21981.jpg,5,234,423,62,125,-1,-1,-1,-1
21, 21981.jpg,6,211,343,46,95,-1,-1,-1,-1
21, 21981.jpg,7,836,269,69,85,-1,-1,-1,-1
21, 21981.jpg,8,609,306,46,125,-1,-1,-1,-1
21, 21981.jpg,9,505,374,50,131,-1,-1,-1,-1
21, 21981.jpg,10,473,285,48,101,-1,-1,-1,-1
21, 21981.jpg,12,507,350,33,88,-1,-1,-1,-1
22, 21982.jpg,1,653,272,51,89,-1,-1,-1,-1
22, 21982.jpg,2,285,274,53,101,-1,-1,-1,-1
22, 21982.jpg,3,777,467,77,117,-1,-1,-1,-1
22, 21982.jpg,4,773,383,57,114,-1,-1,-1,-1
22, 21982.jpg,5,236,423,61,124,-1,-1,-1,-1
22, 21982.jpg,6,209,347,47,95,-1,-1,-1,-1
22, 21982.jpg,7,833,269,70,87,-1,-1,-1,-1
22, 21982.jpg,8,612,308,46,125,-1,-1,-1,-1
22, 21982.jpg,9,512,389,44,116,-1,-1,-1,-1
22, 21982.jpg,10,473,286,49,102,-1,-1,-1,-1
22, 21982.jpg,12,515,354,33,89,-1,-1,-1,-1
23, 21983.jpg,1,651,273,50,89,-1,-1,-1,-1
23, 21983.jpg,2,284,275,53,100,-1,-1,-1,-1
23, 21983.jpg,3,771,467,78,116,-1,-1,-1,-1
23, 21983.jpg,4,771,383,56,113,-1,-1,-1,-1
23, 21983.jpg,5,240,423,60,125,-1,-1,-1,-1
23, 21983.jpg,6,208,349,47,95,-1,-1,-1,-1
23, 21983.jpg,7,829,271,69,87,-1,-1,-1,-1
23, 21983.jpg,8,614,310,46,127,-1,-1,-1,-1
23, 21983.jpg,9,515,396,43,115,-1,-1,-1,-1
23, 21983.jpg,10,474,288,49,101,-1,-1,-1,-1
23, 21983.jpg,12,518,358,33,88,-1,-1,-1,-1
23, 21983.jpg,13,924,363,71,50,-1,-1,-1,-1
24, 21984.jpg,1,651,276,48,88,-1,-1,-1,-1
24, 21984.jpg,2,283,275,51,100,-1,-1,-1,-1
24, 21984.jpg,3,763,466,78,118,-1,-1,-1,-1
24, 21984.jpg,4,771,383,56,112,-1,-1,-1,-1
24, 21984.jpg,5,242,424,60,124,-1,-1,-1,-1
24, 21984.jpg,6,208,350,46,93,-1,-1,-1,-1
24, 21984.jpg,7,829,274,64,83,-1,-1,-1,-1
24, 21984.jpg,8,616,313,46,128,-1,-1,-1,-1
24, 21984.jpg,9,518,397,43,115,-1,-1,-1,-1
24, 21984.jpg,10,474,291,50,101,-1,-1,-1,-1
24, 21984.jpg,12,520,362,33,86,-1,-1,-1,-1
24, 21984.jpg,13,930,362,75,51,-1,-1,-1,-1
25, 21985.jpg,1,652,277,47,88,-1,-1,-1,-1
25, 21985.jpg,2,282,274,51,103,-1,-1,-1,-1
25, 21985.jpg,3,757,464,78,121,-1,-1,-1,-1
25, 21985.jpg,4,770,384,54,108,-1,-1,-1,-1
25, 21985.jpg,5,243,423,59,124,-1,-1,-1,-1
25, 21985.jpg,6,208,351,45,93,-1,-1,-1,-1
25, 21985.jpg,7,829,276,60,81,-1,-1,-1,-1
25, 21985.jpg,8,622,322,43,121,-1,-1,-1,-1
25, 21985.jpg,9,521,401,41,112,-1,-1,-1,-1
25, 21985.jpg,10,474,294,50,98,-1,-1,-1,-1
25, 21985.jpg,12,522,366,34,87,-1,-1,-1,-1
25, 21985.jpg,13,919,358,84,57,-1,-1,-1,-1
26, 21986.jpg,1,651,277,47,87,-1,-1,-1,-1
26, 21986.jpg,2,281,274,52,105,-1,-1,-1,-1
26, 21986.jpg,3,750,463,80,128,-1,-1,-1,-1
26, 21986.jpg,4,769,382,54,111,-1,-1,-1,-1
26, 21986.jpg,5,243,423,59,124,-1,-1,-1,-1
26, 21986.jpg,6,207,352,45,92,-1,-1,-1,-1
26, 21986.jpg,7,829,278,58,80,-1,-1,-1,-1
26, 21986.jpg,8,625,326,42,119,-1,-1,-1,-1
26, 21986.jpg,9,522,402,41,111,-1,-1,-1,-1
26, 21986.jpg,10,476,298,49,93,-1,-1,-1,-1
26, 21986.jpg,12,528,364,32,83,-1,-1,-1,-1
26, 21986.jpg,13,916,352,89,61,-1,-1,-1,-1
27, 21987.jpg,1,651,278,48,87,-1,-1,-1,-1
27, 21987.jpg,2,280,272,52,106,-1,-1,-1,-1
27, 21987.jpg,3,745,459,82,135,-1,-1,-1,-1
27, 21987.jpg,4,768,381,54,116,-1,-1,-1,-1
27, 21987.jpg,5,243,424,59,122,-1,-1,-1,-1
27, 21987.jpg,6,207,352,45,92,-1,-1,-1,-1
27, 21987.jpg,7,827,279,57,81,-1,-1,-1,-1
27, 21987.jpg,8,627,331,41,114,-1,-1,-1,-1
27, 21987.jpg,9,523,382,47,133,-1,-1,-1,-1
27, 21987.jpg,10,479,300,49,92,-1,-1,-1,-1
27, 21987.jpg,12,530,365,32,80,-1,-1,-1,-1
27, 21987.jpg,13,916,351,87,59,-1,-1,-1,-1
28, 21988.jpg,1,649,278,50,87,-1,-1,-1,-1
28, 21988.jpg,2,278,273,52,107,-1,-1,-1,-1
28, 21988.jpg,3,742,457,79,132,-1,-1,-1,-1
28, 21988.jpg,4,769,381,53,115,-1,-1,-1,-1
28, 21988.jpg,5,244,424,60,122,-1,-1,-1,-1
28, 21988.jpg,6,207,352,44,93,-1,-1,-1,-1
28, 21988.jpg,7,824,279,57,84,-1,-1,-1,-1
28, 21988.jpg,8,630,336,41,110,-1,-1,-1,-1
28, 21988.jpg,9,527,392,43,122,-1,-1,-1,-1
28, 21988.jpg,10,481,300,50,91,-1,-1,-1,-1
28, 21988.jpg,12,530,362,34,85,-1,-1,-1,-1
28, 21988.jpg,13,930,354,91,59,-1,-1,-1,-1
29, 21989.jpg,1,645,281,51,85,-1,-1,-1,-1
29, 21989.jpg,2,277,275,51,106,-1,-1,-1,-1
29, 21989.jpg,3,737,456,78,131,-1,-1,-1,-1
29, 21989.jpg,4,771,382,49,111,-1,-1,-1,-1
29, 21989.jpg,5,245,424,60,121,-1,-1,-1,-1
29, 21989.jpg,6,206,355,45,93,-1,-1,-1,-1
29, 21989.jpg,7,820,279,59,86,-1,-1,-1,-1
29, 21989.jpg,8,635,345,40,105,-1,-1,-1,-1
29, 21989.jpg,9,531,399,40,112,-1,-1,-1,-1
29, 21989.jpg,10,482,298,52,93,-1,-1,-1,-1
29, 21989.jpg,12,533,363,32,81,-1,-1,-1,-1
29, 21989.jpg,13,935,353,96,61,-1,-1,-1,-1
30, 21990.jpg,1,641,283,54,87,-1,-1,-1,-1
30, 21990.jpg,2,275,279,50,104,-1,-1,-1,-1
30, 21990.jpg,3,730,453,79,131,-1,-1,-1,-1
30, 21990.jpg,4,772,383,47,108,-1,-1,-1,-1
30, 21990.jpg,5,247,425,59,120,-1,-1,-1,-1
30, 21990.jpg,6,203,358,46,96,-1,-1,-1,-1
30, 21990.jpg,7,816,279,60,88,-1,-1,-1,-1
30, 21990.jpg,8,638,347,41,108,-1,-1,-1,-1
30, 21990.jpg,9,533,400,40,110,-1,-1,-1,-1
30, 21990.jpg,10,484,298,54,93,-1,-1,-1,-1
30, 21990.jpg,12,539,362,32,79,-1,-1,-1,-1
30, 21990.jpg,13,933,351,101,64,-1,-1,-1,-1
31, 21991.jpg,1,638,286,55,87,-1,-1,-1,-1
31, 21991.jpg,2,272,283,51,101,-1,-1,-1,-1
31, 21991.jpg,3,722,449,82,135,-1,-1,-1,-1
31, 21991.jpg,4,772,383,47,107,-1,-1,-1,-1
31, 21991.jpg,5,247,427,60,117,-1,-1,-1,-1
31, 21991.jpg,6,200,361,49,99,-1,-1,-1,-1
31, 21991.jpg,7,812,279,61,92,-1,-1,-1,-1
31, 21991.jpg,8,641,351,41,107,-1,-1,-1,-1
31, 21991.jpg,9,534,400,40,110,-1,-1,-1,-1
31, 21991.jpg,10,487,296,56,96,-1,-1,-1,-1
31, 21991.jpg,12,541,368,29,71,-1,-1,-1,-1
31, 21991.jpg,13,933,351,105,65,-1,-1,-1,-1
32, 21992.jpg,1,636,288,56,90,-1,-1,-1,-1
32, 21992.jpg,2,270,286,51,100,-1,-1,-1,-1
32, 21992.jpg,3,715,448,82,134,-1,-1,-1,-1
32, 21992.jpg,4,771,384,47,108,-1,-1,-1,-1
32, 21992.jpg,5,247,429,61,114,-1,-1,-1,-1
32, 21992.jpg,6,197,365,50,100,-1,-1,-1,-1
32, 21992.jpg,7,811,281,60,93,-1,-1,-1,-1
32, 21992.jpg,8,644,352,41,108,-1,-1,-1,-1
32, 21992.jpg,9,535,398,41,111,-1,-1,-1,-1
32, 21992.jpg,10,493,295,58,97,-1,-1,-1,-1
32, 21992.jpg,12,544,369,28,69,-1,-1,-1,-1
32, 21992.jpg,13,936,350,107,66,-1,-1,-1,-1
32, 21992.jpg,14,930,352,52,56,-1,-1,-1,-1
33, 21993.jpg,1,635,289,55,92,-1,-1,-1,-1
33, 21993.jpg,2,269,291,50,96,-1,-1,-1,-1
33, 21993.jpg,3,708,448,78,130,-1,-1,-1,-1
33, 21993.jpg,4,771,385,47,108,-1,-1,-1,-1
33, 21993.jpg,5,247,429,62,115,-1,-1,-1,-1
33, 21993.jpg,6,194,369,51,100,-1,-1,-1,-1
33, 21993.jpg,7,807,283,58,92,-1,-1,-1,-1
33, 21993.jpg,8,648,354,43,110,-1,-1,-1,-1
33, 21993.jpg,9,538,374,39,106,-1,-1,-1,-1
33, 21993.jpg,10,500,297,56,93,-1,-1,-1,-1
33, 21993.jpg,13,933,350,110,67,-1,-1,-1,-1
33, 21993.jpg,14,933,352,51,57,-1,-1,-1,-1
34, 21994.jpg,1,634,288,55,96,-1,-1,-1,-1
34, 21994.jpg,2,269,295,50,92,-1,-1,-1,-1
34, 21994.jpg,3,704,449,73,125,-1,-1,-1,-1
34, 21994.jpg,4,768,383,49,111,-1,-1,-1,-1
34, 21994.jpg,5,247,428,63,116,-1,-1,-1,-1
34, 21994.jpg,6,193,373,51,100,-1,-1,-1,-1
34, 21994.jpg,7,804,285,56,93,-1,-1,-1,-1
34, 21994.jpg,8,652,354,43,110,-1,-1,-1,-1
34, 21994.jpg,9,541,391,41,110,-1,-1,-1,-1
34, 21994.jpg,10,506,298,56,91,-1,-1,-1,-1
34, 21994.jpg,13,934,351,109,67,-1,-1,-1,-1
35, 21995.jpg,1,631,288,56,99,-1,-1,-1,-1
35, 21995.jpg,2,270,299,49,89,-1,-1,-1,-1
35, 21995.jpg,3,698,448,73,128,-1,-1,-1,-1
35, 21995.jpg,4,769,384,48,109,-1,-1,-1,-1
35, 21995.jpg,5,247,427,65,116,-1,-1,-1,-1
35, 21995.jpg,6,193,378,49,97,-1,-1,-1,-1
35, 21995.jpg,7,802,288,54,91,-1,-1,-1,-1
35, 21995.jpg,8,656,356,42,108,-1,-1,-1,-1
35, 21995.jpg,9,542,388,45,119,-1,-1,-1,-1
35, 21995.jpg,10,513,299,54,90,-1,-1,-1,-1
35, 21995.jpg,12,544,354,38,95,-1,-1,-1,-1
35, 21995.jpg,13,936,352,98,61,-1,-1,-1,-1
36, 21996.jpg,1,630,288,57,103,-1,-1,-1,-1
36, 21996.jpg,2,272,303,48,84,-1,-1,-1,-1
36, 21996.jpg,3,693,446,72,130,-1,-1,-1,-1
36, 21996.jpg,4,771,384,47,107,-1,-1,-1,-1
36, 21996.jpg,5,248,426,65,115,-1,-1,-1,-1
36, 21996.jpg,6,193,381,49,94,-1,-1,-1,-1
36, 21996.jpg,7,800,290,52,91,-1,-1,-1,-1
36, 21996.jpg,8,661,356,43,109,-1,-1,-1,-1
36, 21996.jpg,9,542,401,43,111,-1,-1,-1,-1
36, 21996.jpg,10,523,303,49,80,-1,-1,-1,-1
36, 21996.jpg,12,544,350,40,101,-1,-1,-1,-1
36, 21996.jpg,13,940,353,95,60,-1,-1,-1,-1
37, 21997.jpg,1,631,286,56,105,-1,-1,-1,-1
37, 21997.jpg,2,273,305,47,81,-1,-1,-1,-1
37, 21997.jpg,3,687,444,72,134,-1,-1,-1,-1
37, 21997.jpg,4,771,383,46,107,-1,-1,-1,-1
37, 21997.jpg,5,250,427,64,113,-1,-1,-1,-1
37, 21997.jpg,6,195,383,47,92,-1,-1,-1,-1
37, 21997.jpg,7,797,289,52,92,-1,-1,-1,-1
37, 21997.jpg,8,666,355,44,111,-1,-1,-1,-1
37, 21997.jpg,9,541,406,44,107,-1,-1,-1,-1
37, 21997.jpg,10,531,305,46,76,-1,-1,-1,-1
37, 21997.jpg,12,546,353,37,93,-1,-1,-1,-1
37, 21997.jpg,13,939,353,97,62,-1,-1,-1,-1
38, 21998.jpg,1,633,284,54,105,-1,-1,-1,-1
38, 21998.jpg,2,274,306,47,79,-1,-1,-1,-1
38, 21998.jpg,3,681,440,72,134,-1,-1,-1,-1
38, 21998.jpg,4,771,382,45,107,-1,-1,-1,-1
38, 21998.jpg,5,252,426,63,111,-1,-1,-1,-1
38, 21998.jpg,6,195,383,47,91,-1,-1,-1,-1
38, 21998.jpg,7,795,290,51,90,-1,-1,-1,-1
38, 21998.jpg,8,670,356,45,111,-1,-1,-1,-1
38, 21998.jpg,9,538,392,50,119,-1,-1,-1,-1
38, 21998.jpg,10,535,304,48,80,-1,-1,-1,-1
38, 21998.jpg,12,544,348,42,106,-1,-1,-1,-1
38, 21998.jpg,13,943,353,95,62,-1,-1,-1,-1
39, 21999.jpg,1,634,275,56,112,-1,-1,-1,-1
39, 21999.jpg,2,275,305,47,79,-1,-1,-1,-1
39, 21999.jpg,3,678,444,68,126,-1,-1,-1,-1
39, 21999.jpg,4,770,381,45,109,-1,-1,-1,-1
39, 21999.jpg,5,254,426,62,108,-1,-1,-1,-1
39, 21999.jpg,6,195,384,47,92,-1,-1,-1,-1
39, 21999.jpg,7,791,289,53,93,-1,-1,-1,-1
39, 21999.jpg,8,676,359,44,110,-1,-1,-1,-1
39, 21999.jpg,9,534,403,50,109,-1,-1,-1,-1
39, 21999.jpg,10,541,304,46,81,-1,-1,-1,-1
39, 21999.jpg,12,544,348,44,111,-1,-1,-1,-1
39, 21999.jpg,13,945,353,95,62,-1,-1,-1,-1
39, 21999.jpg,14,952,353,62,65,-1,-1,-1,-1
40, 22000.jpg,1,636,266,56,117,-1,-1,-1,-1
40, 22000.jpg,2,275,305,49,80,-1,-1,-1,-1
40, 22000.jpg,3,676,443,66,121,-1,-1,-1,-1
40, 22000.jpg,4,770,380,45,111,-1,-1,-1,-1
40, 22000.jpg,5,258,427,61,104,-1,-1,-1,-1
40, 22000.jpg,6,194,386,48,93,-1,-1,-1,-1
40, 22000.jpg,7,787,289,55,95,-1,-1,-1,-1
40, 22000.jpg,8,678,360,46,112,-1,-1,-1,-1
40, 22000.jpg,9,529,406,54,107,-1,-1,-1,-1
40, 22000.jpg,10,544,301,47,85,-1,-1,-1,-1
40, 22000.jpg,12,547,351,44,107,-1,-1,-1,-1
40, 22000.jpg,14,955,352,64,66,-1,-1,-1,-1
