2, 18702.jpg,2,556,419,39,103,-1,-1,-1,-1
2, 18702.jpg,3,700,455,73,135,-1,-1,-1,-1
2, 18702.jpg,4,777,316,63,59,-1,-1,-1,-1
2, 18702.jpg,5,685,358,50,123,-1,-1,-1,-1
2, 18702.jpg,6,869,339,58,110,-1,-1,-1,-1
2, 18702.jpg,7,601,361,41,98,-1,-1,-1,-1
2, 18702.jpg,8,772,395,61,108,-1,-1,-1,-1
2, 18702.jpg,9,358,345,57,108,-1,-1,-1,-1
2, 18702.jpg,10,322,442,73,103,-1,-1,-1,-1
3, 18703.jpg,2,557,425,36,97,-1,-1,-1,-1
3, 18703.jpg,3,697,454,72,132,-1,-1,-1,-1
3, 18703.jpg,4,778,315,63,60,-1,-1,-1,-1
3, 18703.jpg,5,686,360,48,121,-1,-1,-1,-1
3, 18703.jpg,6,866,340,58,110,-1,-1,-1,-1
3, 18703.jpg,7,601,360,41,98,-1,-1,-1,-1
3, 18703.jpg,8,773,396,61,106,-1,-1,-1,-1
3, 18703.jpg,9,366,341,46,86,-1,-1,-1,-1
3, 18703.jpg,10,322,444,72,101,-1,-1,-1,-1
3, 18703.jpg,11,512,315,59,97,-1,-1,-1,-1
4, 18704.jpg,2,557,427,36,95,-1,-1,-1,-1
4, 18704.jpg,3,694,451,68,124,-1,-1,-1,-1
4, 18704.jpg,4,781,317,62,59,-1,-1,-1,-1
4, 18704.jpg,5,688,363,44,109,-1,-1,-1,-1
4, 18704.jpg,6,865,343,58,109,-1,-1,-1,-1
4, 18704.jpg,7,601,359,41,100,-1,-1,-1,-1
4, 18704.jpg,8,776,396,60,106,-1,-1,-1,-1
4, 18704.jpg,9,370,340,41,77,-1,-1,-1,-1
4, 18704.jpg,10,322,443,74,104,-1,-1,-1,-1
4, 18704.jpg,11,510,314,59,97,-1,-1,-1,-1
4, 18704.jpg,12,560,344,42,102,-1,-1,-1,-1
5, 18705.jpg,2,559,424,38,101,-1,-1,-1,-1
5, 18705.jpg,3,691,450,65,118,-1,-1,-1,-1
5, 18705.jpg,4,785,317,61,60,-1,-1,-1,-1
5, 18705.jpg,5,687,364,43,107,-1,-1,-1,-1
5, 18705.jpg,6,864,345,58,107,-1,-1,-1,-1
5, 18705.jpg,7,601,359,42,104,-1,-1,-1,-1
5, 18705.jpg,8,777,394,61,109,-1,-1,-1,-1
5, 18705.jpg,9,368,338,41,77,-1,-1,-1,-1
5, 18705.jpg,10,321,443,72,102,-1,-1,-1,-1
5, 18705.jpg,11,507,312,59,98,-1,-1,-1,-1
5, 18705.jpg,12,559,342,45,113,-1,-1,-1,-1
5, 18705.jpg,13,326,361,46,106,-1,-1,-1,-1
6, 18706.jpg,2,557,424,41,107,-1,-1,-1,-1
6, 18706.jpg,3,688,451,59,109,-1,-1,-1,-1
6, 18706.jpg,4,787,317,61,60,-1,-1,-1,-1
6, 18706.jpg,5,685,363,44,109,-1,-1,-1,-1
6, 18706.jpg,6,862,347,58,105,-1,-1,-1,-1
6, 18706.jpg,7,601,360,42,106,-1,-1,-1,-1
6, 18706.jpg,8,778,394,62,109,-1,-1,-1,-1
6, 18706.jpg,9,364,337,41,77,-1,-1,-1,-1
6, 18706.jpg,10,319,442,73,103,-1,-1,-1,-1
6, 18706.jpg,11,503,312,60,98,-1,-1,-1,-1
6, 18706.jpg,12,559,343,46,116,-1,-1,-1,-1
6, 18706.jpg,13,320,361,46,108,-1,-1,-1,-1
7, 18707.jpg,2,557,427,41,107,-1,-1,-1,-1
7, 18707.jpg,3,685,449,57,105,-1,-1,-1,-1
7, 18707.jpg,4,788,317,58,58,-1,-1,-1,-1
7, 18707.jpg,5,683,385,48,122,-1,-1,-1,-1
7, 18707.jpg,6,861,348,57,105,-1,-1,-1,-1
7, 18707.jpg,7,603,361,42,105,-1,-1,-1,-1
7, 18707.jpg,8,779,394,61,110,-1,-1,-1,-1
7, 18707.jpg,9,362,335,44,81,-1,-1,-1,-1
7, 18707.jpg,10,318,442,73,103,-1,-1,-1,-1
7, 18707.jpg,11,501,311,59,99,-1,-1,-1,-1
7, 18707.jpg,12,560,347,44,111,-1,-1,-1,-1
7, 18707.jpg,13,315,361,46,106,-1,-1,-1,-1
8, 18708.jpg,2,558,430,41,106,-1,-1,-1,-1
8, 18708.jpg,3,672,443,61,113,-1,-1,-1,-1
8, 18708.jpg,4,790,317,57,57,-1,-1,-1,-1
8, 18708.jpg,5,683,373,45,113,-1,-1,-1,-1
8, 18708.jpg,6,859,348,57,106,-1,-1,-1,-1
8, 18708.jpg,7,604,362,42,106,-1,-1,-1,-1
8, 18708.jpg,8,780,394,60,110,-1,-1,-1,-1
8, 18708.jpg,9,361,336,44,81,-1,-1,-1,-1
8, 18708.jpg,10,315,443,74,103,-1,-1,-1,-1
8, 18708.jpg,11,496,310,60,101,-1,-1,-1,-1
8, 18708.jpg,12,560,351,44,110,-1,-1,-1,-1
8, 18708.jpg,13,309,361,45,105,-1,-1,-1,-1
9, 18709.jpg,2,559,433,41,106,-1,-1,-1,-1
9, 18709.jpg,3,667,445,57,107,-1,-1,-1,-1
9, 18709.jpg,4,790,316,55,57,-1,-1,-1,-1
9, 18709.jpg,5,683,366,44,114,-1,-1,-1,-1
9, 18709.jpg,6,856,348,57,107,-1,-1,-1,-1
9, 18709.jpg,7,605,363,41,105,-1,-1,-1,-1
9, 18709.jpg,8,780,395,59,110,-1,-1,-1,-1
9, 18709.jpg,9,360,336,45,83,-1,-1,-1,-1
9, 18709.jpg,10,314,442,75,105,-1,-1,-1,-1
9, 18709.jpg,11,494,311,58,101,-1,-1,-1,-1
9, 18709.jpg,12,561,354,41,106,-1,-1,-1,-1
9, 18709.jpg,13,303,361,45,104,-1,-1,-1,-1
10, 18710.jpg,2,560,435,41,104,-1,-1,-1,-1
10, 18710.jpg,3,660,446,58,107,-1,-1,-1,-1
10, 18710.jpg,4,790,315,55,57,-1,-1,-1,-1
10, 18710.jpg,5,680,364,44,113,-1,-1,-1,-1
10, 18710.jpg,6,854,347,57,108,-1,-1,-1,-1
10, 18710.jpg,7,606,363,41,105,-1,-1,-1,-1
10, 18710.jpg,8,779,397,59,110,-1,-1,-1,-1
10, 18710.jpg,9,357,337,45,81,-1,-1,-1,-1
10, 18710.jpg,10,314,442,75,104,-1,-1,-1,-1
10, 18710.jpg,11,491,312,57,100,-1,-1,-1,-1
10, 18710.jpg,12,562,360,40,104,-1,-1,-1,-1
10, 18710.jpg,13,298,363,45,103,-1,-1,-1,-1
11, 18711.jpg,2,561,437,40,100,-1,-1,-1,-1
11, 18711.jpg,3,656,445,59,109,-1,-1,-1,-1
11, 18711.jpg,4,791,314,56,58,-1,-1,-1,-1
11, 18711.jpg,5,679,365,42,107,-1,-1,-1,-1
11, 18711.jpg,6,851,348,56,107,-1,-1,-1,-1
11, 18711.jpg,7,607,363,40,104,-1,-1,-1,-1
11, 18711.jpg,8,780,401,56,106,-1,-1,-1,-1
11, 18711.jpg,9,354,338,46,80,-1,-1,-1,-1
11, 18711.jpg,10,314,442,75,103,-1,-1,-1,-1
11, 18711.jpg,11,487,313,57,101,-1,-1,-1,-1
11, 18711.jpg,12,562,363,39,102,-1,-1,-1,-1
11, 18711.jpg,13,291,366,45,102,-1,-1,-1,-1
12, 18712.jpg,2,562,435,41,103,-1,-1,-1,-1
12, 18712.jpg,3,653,436,64,118,-1,-1,-1,-1
12, 18712.jpg,4,793,314,54,57,-1,-1,-1,-1
12, 18712.jpg,5,678,365,43,104,-1,-1,-1,-1
12, 18712.jpg,6,848,349,56,108,-1,-1,-1,-1
12, 18712.jpg,7,609,364,40,103,-1,-1,-1,-1
12, 18712.jpg,8,779,404,56,105,-1,-1,-1,-1
12, 18712.jpg,9,352,341,47,78,-1,-1,-1,-1
12, 18712.jpg,10,315,443,75,102,-1,-1,-1,-1
12, 18712.jpg,11,480,315,57,98,-1,-1,-1,-1
12, 18712.jpg,12,561,366,39,104,-1,-1,-1,-1
12, 18712.jpg,13,284,367,46,102,-1,-1,-1,-1
13, 18713.jpg,2,563,432,42,106,-1,-1,-1,-1
13, 18713.jpg,3,648,433,64,119,-1,-1,-1,-1
13, 18713.jpg,4,795,313,56,59,-1,-1,-1,-1
13, 18713.jpg,5,673,389,47,114,-1,-1,-1,-1
13, 18713.jpg,6,847,350,56,107,-1,-1,-1,-1
13, 18713.jpg,7,611,364,38,102,-1,-1,-1,-1
13, 18713.jpg,8,778,410,55,100,-1,-1,-1,-1
13, 18713.jpg,9,353,343,47,77,-1,-1,-1,-1
13, 18713.jpg,10,317,444,76,103,-1,-1,-1,-1
13, 18713.jpg,11,478,317,55,95,-1,-1,-1,-1
13, 18713.jpg,12,562,368,39,105,-1,-1,-1,-1
13, 18713.jpg,13,275,368,49,104,-1,-1,-1,-1
14, 18714.jpg,2,563,428,43,110,-1,-1,-1,-1
14, 18714.jpg,3,648,422,67,127,-1,-1,-1,-1
14, 18714.jpg,4,797,313,56,58,-1,-1,-1,-1
14, 18714.jpg,5,672,395,45,111,-1,-1,-1,-1
14, 18714.jpg,6,846,352,55,106,-1,-1,-1,-1
14, 18714.jpg,7,612,363,39,104,-1,-1,-1,-1
14, 18714.jpg,8,778,415,53,95,-1,-1,-1,-1
14, 18714.jpg,9,351,345,49,76,-1,-1,-1,-1
14, 18714.jpg,10,320,445,75,103,-1,-1,-1,-1
14, 18714.jpg,11,472,318,56,94,-1,-1,-1,-1
14, 18714.jpg,12,562,371,38,102,-1,-1,-1,-1
14, 18714.jpg,13,270,371,51,102,-1,-1,-1,-1
15, 18715.jpg,2,563,425,43,113,-1,-1,-1,-1
15, 18715.jpg,3,644,419,67,127,-1,-1,-1,-1
15, 18715.jpg,4,798,315,54,55,-1,-1,-1,-1
15, 18715.jpg,5,669,386,47,111,-1,-1,-1,-1
15, 18715.jpg,6,846,351,55,108,-1,-1,-1,-1
15, 18715.jpg,7,613,362,41,108,-1,-1,-1,-1
15, 18715.jpg,8,776,416,54,95,-1,-1,-1,-1
15, 18715.jpg,9,349,345,52,77,-1,-1,-1,-1
15, 18715.jpg,10,326,448,74,103,-1,-1,-1,-1
15, 18715.jpg,11,468,319,59,95,-1,-1,-1,-1
15, 18715.jpg,12,562,372,38,103,-1,-1,-1,-1
15, 18715.jpg,13,267,374,51,100,-1,-1,-1,-1
16, 18716.jpg,2,560,400,51,136,-1,-1,-1,-1
16, 18716.jpg,3,647,414,67,127,-1,-1,-1,-1
16, 18716.jpg,4,800,316,52,53,-1,-1,-1,-1
16, 18716.jpg,5,671,387,47,113,-1,-1,-1,-1
16, 18716.jpg,6,847,351,55,109,-1,-1,-1,-1
16, 18716.jpg,7,614,360,42,110,-1,-1,-1,-1
16, 18716.jpg,8,775,417,54,94,-1,-1,-1,-1
16, 18716.jpg,9,346,344,56,79,-1,-1,-1,-1
16, 18716.jpg,10,331,452,72,102,-1,-1,-1,-1
16, 18716.jpg,11,467,319,61,97,-1,-1,-1,-1
16, 18716.jpg,13,266,375,50,97,-1,-1,-1,-1
17, 18717.jpg,2,561,402,50,133,-1,-1,-1,-1
17, 18717.jpg,3,647,404,67,129,-1,-1,-1,-1
17, 18717.jpg,4,802,316,51,52,-1,-1,-1,-1
17, 18717.jpg,5,669,380,44,103,-1,-1,-1,-1
17, 18717.jpg,6,848,351,55,110,-1,-1,-1,-1
17, 18717.jpg,7,615,360,42,110,-1,-1,-1,-1
17, 18717.jpg,8,772,417,56,97,-1,-1,-1,-1
17, 18717.jpg,9,343,342,57,80,-1,-1,-1,-1
17, 18717.jpg,10,336,453,70,102,-1,-1,-1,-1
17, 18717.jpg,11,467,318,62,98,-1,-1,-1,-1
17, 18717.jpg,13,263,376,53,99,-1,-1,-1,-1
18, 18718.jpg,2,562,400,50,136,-1,-1,-1,-1
18, 18718.jpg,3,647,395,67,131,-1,-1,-1,-1
18, 18718.jpg,4,806,316,53,52,-1,-1,-1,-1
18, 18718.jpg,5,679,376,40,94,-1,-1,-1,-1
18, 18718.jpg,6,849,350,54,112,-1,-1,-1,-1
18, 18718.jpg,7,614,358,44,114,-1,-1,-1,-1
18, 18718.jpg,8,768,415,59,102,-1,-1,-1,-1
18, 18718.jpg,9,337,340,58,81,-1,-1,-1,-1
18, 18718.jpg,10,339,453,68,102,-1,-1,-1,-1
18, 18718.jpg,11,465,317,63,100,-1,-1,-1,-1
18, 18718.jpg,12,566,374,31,85,-1,-1,-1,-1
18, 18718.jpg,13,261,375,53,98,-1,-1,-1,-1
19, 18719.jpg,3,643,401,64,124,-1,-1,-1,-1
19, 18719.jpg,4,809,315,55,53,-1,-1,-1,-1
19, 18719.jpg,5,681,373,42,98,-1,-1,-1,-1
19, 18719.jpg,6,850,349,53,112,-1,-1,-1,-1
19, 18719.jpg,7,613,357,44,115,-1,-1,-1,-1
19, 18719.jpg,8,767,417,58,102,-1,-1,-1,-1
19, 18719.jpg,9,330,340,59,83,-1,-1,-1,-1
19, 18719.jpg,10,343,451,68,104,-1,-1,-1,-1
19, 18719.jpg,11,462,315,61,98,-1,-1,-1,-1
19, 18719.jpg,12,564,373,37,102,-1,-1,-1,-1
19, 18719.jpg,13,258,374,53,98,-1,-1,-1,-1
20, 18720.jpg,3,651,389,65,127,-1,-1,-1,-1
20, 18720.jpg,4,808,315,55,52,-1,-1,-1,-1
20, 18720.jpg,5,682,373,41,97,-1,-1,-1,-1
20, 18720.jpg,6,850,349,52,113,-1,-1,-1,-1
20, 18720.jpg,7,613,358,44,116,-1,-1,-1,-1
20, 18720.jpg,8,762,415,57,105,-1,-1,-1,-1
20, 18720.jpg,9,325,340,58,83,-1,-1,-1,-1
20, 18720.jpg,10,349,448,68,104,-1,-1,-1,-1
20, 18720.jpg,11,461,314,61,99,-1,-1,-1,-1
20, 18720.jpg,12,561,373,41,116,-1,-1,-1,-1
20, 18720.jpg,13,254,373,54,99,-1,-1,-1,-1
21, 18721.jpg,2,563,369,56,154,-1,-1,-1,-1
21, 18721.jpg,3,633,386,65,128,-1,-1,-1,-1
21, 18721.jpg,4,811,313,63,57,-1,-1,-1,-1
21, 18721.jpg,5,683,372,42,100,-1,-1,-1,-1
21, 18721.jpg,6,851,349,51,112,-1,-1,-1,-1
21, 18721.jpg,7,613,358,45,116,-1,-1,-1,-1
21, 18721.jpg,8,759,415,56,106,-1,-1,-1,-1
21, 18721.jpg,9,322,340,56,82,-1,-1,-1,-1
21, 18721.jpg,10,353,444,69,108,-1,-1,-1,-1
21, 18721.jpg,11,459,313,60,97,-1,-1,-1,-1
21, 18721.jpg,12,561,374,41,118,-1,-1,-1,-1
21, 18721.jpg,13,252,372,53,99,-1,-1,-1,-1
22, 18722.jpg,2,565,365,56,157,-1,-1,-1,-1
22, 18722.jpg,3,624,383,64,129,-1,-1,-1,-1
22, 18722.jpg,4,812,313,63,57,-1,-1,-1,-1
22, 18722.jpg,5,684,371,42,102,-1,-1,-1,-1
22, 18722.jpg,6,851,349,51,114,-1,-1,-1,-1
22, 18722.jpg,8,756,414,56,108,-1,-1,-1,-1
22, 18722.jpg,9,316,340,57,83,-1,-1,-1,-1
22, 18722.jpg,10,361,443,66,105,-1,-1,-1,-1
22, 18722.jpg,11,459,312,58,97,-1,-1,-1,-1
22, 18722.jpg,13,250,371,53,99,-1,-1,-1,-1
23, 18723.jpg,2,567,364,56,158,-1,-1,-1,-1
23, 18723.jpg,3,620,379,64,130,-1,-1,-1,-1
23, 18723.jpg,4,814,312,67,59,-1,-1,-1,-1
23, 18723.jpg,5,669,382,49,117,-1,-1,-1,-1
23, 18723.jpg,6,852,349,51,114,-1,-1,-1,-1
23, 18723.jpg,7,624,364,40,103,-1,-1,-1,-1
23, 18723.jpg,8,754,413,55,112,-1,-1,-1,-1
23, 18723.jpg,9,312,341,57,82,-1,-1,-1,-1
23, 18723.jpg,10,368,443,64,102,-1,-1,-1,-1
23, 18723.jpg,11,456,312,60,99,-1,-1,-1,-1
23, 18723.jpg,13,248,371,53,98,-1,-1,-1,-1
24, 18724.jpg,2,570,370,52,146,-1,-1,-1,-1
24, 18724.jpg,3,634,404,58,120,-1,-1,-1,-1
24, 18724.jpg,4,815,310,69,63,-1,-1,-1,-1
24, 18724.jpg,5,668,382,52,123,-1,-1,-1,-1
24, 18724.jpg,6,855,351,50,113,-1,-1,-1,-1
24, 18724.jpg,7,626,364,38,100,-1,-1,-1,-1
24, 18724.jpg,8,752,413,55,112,-1,-1,-1,-1
24, 18724.jpg,9,309,344,56,80,-1,-1,-1,-1
24, 18724.jpg,10,378,443,61,96,-1,-1,-1,-1
24, 18724.jpg,11,452,314,61,99,-1,-1,-1,-1
24, 18724.jpg,13,248,373,53,96,-1,-1,-1,-1
25, 18725.jpg,2,574,372,51,145,-1,-1,-1,-1
25, 18725.jpg,3,636,407,59,121,-1,-1,-1,-1
25, 18725.jpg,4,816,310,70,64,-1,-1,-1,-1
25, 18725.jpg,5,682,379,48,115,-1,-1,-1,-1
25, 18725.jpg,6,855,351,52,117,-1,-1,-1,-1
25, 18725.jpg,7,635,362,37,98,-1,-1,-1,-1
25, 18725.jpg,8,750,416,53,111,-1,-1,-1,-1
25, 18725.jpg,9,309,348,54,77,-1,-1,-1,-1
25, 18725.jpg,10,386,444,58,92,-1,-1,-1,-1
25, 18725.jpg,11,451,316,62,100,-1,-1,-1,-1
25, 18725.jpg,13,249,374,53,96,-1,-1,-1,-1
26, 18726.jpg,2,576,377,51,140,-1,-1,-1,-1
26, 18726.jpg,3,636,402,62,131,-1,-1,-1,-1
26, 18726.jpg,4,819,307,73,69,-1,-1,-1,-1
26, 18726.jpg,5,690,377,46,114,-1,-1,-1,-1
26, 18726.jpg,6,857,352,52,119,-1,-1,-1,-1
26, 18726.jpg,7,631,363,40,102,-1,-1,-1,-1
26, 18726.jpg,8,748,420,53,112,-1,-1,-1,-1
26, 18726.jpg,9,309,355,51,71,-1,-1,-1,-1
26, 18726.jpg,10,393,443,58,93,-1,-1,-1,-1
26, 18726.jpg,11,453,320,61,96,-1,-1,-1,-1
26, 18726.jpg,13,251,376,52,96,-1,-1,-1,-1
27, 18727.jpg,2,579,378,53,142,-1,-1,-1,-1
27, 18727.jpg,3,640,390,57,121,-1,-1,-1,-1
27, 18727.jpg,4,822,307,71,69,-1,-1,-1,-1
27, 18727.jpg,5,694,379,46,111,-1,-1,-1,-1
27, 18727.jpg,6,859,357,52,118,-1,-1,-1,-1
27, 18727.jpg,7,633,363,39,102,-1,-1,-1,-1
27, 18727.jpg,8,749,427,51,110,-1,-1,-1,-1
27, 18727.jpg,9,312,358,51,69,-1,-1,-1,-1
27, 18727.jpg,10,399,445,59,93,-1,-1,-1,-1
27, 18727.jpg,11,456,323,60,93,-1,-1,-1,-1
27, 18727.jpg,13,253,376,52,96,-1,-1,-1,-1
28, 18728.jpg,2,582,383,48,129,-1,-1,-1,-1
28, 18728.jpg,3,645,418,54,114,-1,-1,-1,-1
28, 18728.jpg,4,828,307,69,69,-1,-1,-1,-1
28, 18728.jpg,5,697,382,46,109,-1,-1,-1,-1
28, 18728.jpg,6,863,359,50,117,-1,-1,-1,-1
28, 18728.jpg,7,639,368,38,98,-1,-1,-1,-1
28, 18728.jpg,8,751,433,49,105,-1,-1,-1,-1
28, 18728.jpg,9,317,361,49,65,-1,-1,-1,-1
28, 18728.jpg,10,407,446,58,93,-1,-1,-1,-1
28, 18728.jpg,11,461,327,59,88,-1,-1,-1,-1
28, 18728.jpg,13,256,377,51,95,-1,-1,-1,-1
29, 18729.jpg,2,587,385,46,122,-1,-1,-1,-1
29, 18729.jpg,3,650,434,49,104,-1,-1,-1,-1
29, 18729.jpg,4,832,306,71,72,-1,-1,-1,-1
29, 18729.jpg,5,702,386,45,106,-1,-1,-1,-1
29, 18729.jpg,6,867,366,48,112,-1,-1,-1,-1
29, 18729.jpg,7,649,387,38,98,-1,-1,-1,-1
29, 18729.jpg,8,753,438,47,101,-1,-1,-1,-1
29, 18729.jpg,9,318,362,51,65,-1,-1,-1,-1
29, 18729.jpg,10,413,446,58,93,-1,-1,-1,-1
29, 18729.jpg,11,465,329,58,85,-1,-1,-1,-1
29, 18729.jpg,13,260,376,51,96,-1,-1,-1,-1
30, 18730.jpg,2,589,384,45,121,-1,-1,-1,-1
30, 18730.jpg,3,654,445,46,101,-1,-1,-1,-1
30, 18730.jpg,4,837,305,70,74,-1,-1,-1,-1
30, 18730.jpg,5,705,392,44,101,-1,-1,-1,-1
30, 18730.jpg,6,869,368,49,111,-1,-1,-1,-1
30, 18730.jpg,7,651,377,39,99,-1,-1,-1,-1
30, 18730.jpg,8,754,441,46,99,-1,-1,-1,-1
30, 18730.jpg,9,323,361,51,64,-1,-1,-1,-1
30, 18730.jpg,10,417,445,58,94,-1,-1,-1,-1
30, 18730.jpg,11,467,328,61,87,-1,-1,-1,-1
30, 18730.jpg,12,596,391,52,152,-1,-1,-1,-1
30, 18730.jpg,13,263,375,51,96,-1,-1,-1,-1
31, 18731.jpg,2,592,384,41,111,-1,-1,-1,-1
31, 18731.jpg,3,656,449,45,99,-1,-1,-1,-1
31, 18731.jpg,4,840,305,69,74,-1,-1,-1,-1
31, 18731.jpg,5,706,393,44,100,-1,-1,-1,-1
31, 18731.jpg,6,871,369,50,113,-1,-1,-1,-1
31, 18731.jpg,7,653,373,38,98,-1,-1,-1,-1
31, 18731.jpg,8,755,443,45,98,-1,-1,-1,-1
31, 18731.jpg,9,323,358,54,68,-1,-1,-1,-1
31, 18731.jpg,10,419,443,57,96,-1,-1,-1,-1
31, 18731.jpg,11,467,325,65,91,-1,-1,-1,-1
31, 18731.jpg,12,599,394,50,150,-1,-1,-1,-1
31, 18731.jpg,13,264,374,50,95,-1,-1,-1,-1
32, 18732.jpg,2,593,382,40,109,-1,-1,-1,-1
32, 18732.jpg,3,659,453,44,98,-1,-1,-1,-1
32, 18732.jpg,4,844,305,69,75,-1,-1,-1,-1
32, 18732.jpg,5,704,388,49,106,-1,-1,-1,-1
32, 18732.jpg,6,872,372,49,112,-1,-1,-1,-1
32, 18732.jpg,7,654,372,38,98,-1,-1,-1,-1
32, 18732.jpg,8,756,443,44,98,-1,-1,-1,-1
32, 18732.jpg,9,319,356,59,73,-1,-1,-1,-1
32, 18732.jpg,10,420,442,57,96,-1,-1,-1,-1
32, 18732.jpg,11,467,322,68,94,-1,-1,-1,-1
32, 18732.jpg,12,601,398,48,144,-1,-1,-1,-1
32, 18732.jpg,13,263,372,51,96,-1,-1,-1,-1
33, 18733.jpg,2,594,382,39,108,-1,-1,-1,-1
33, 18733.jpg,3,660,455,43,96,-1,-1,-1,-1
33, 18733.jpg,4,844,305,68,75,-1,-1,-1,-1
33, 18733.jpg,5,707,389,47,104,-1,-1,-1,-1
33, 18733.jpg,6,872,376,49,108,-1,-1,-1,-1
33, 18733.jpg,7,653,371,39,98,-1,-1,-1,-1
33, 18733.jpg,8,754,439,46,101,-1,-1,-1,-1
33, 18733.jpg,9,318,352,61,74,-1,-1,-1,-1
33, 18733.jpg,10,419,440,57,97,-1,-1,-1,-1
33, 18733.jpg,11,467,319,70,98,-1,-1,-1,-1
33, 18733.jpg,12,604,415,46,135,-1,-1,-1,-1
33, 18733.jpg,13,261,372,50,95,-1,-1,-1,-1
34, 18734.jpg,2,595,386,38,103,-1,-1,-1,-1
34, 18734.jpg,3,657,451,44,101,-1,-1,-1,-1
34, 18734.jpg,4,845,304,67,76,-1,-1,-1,-1
34, 18734.jpg,5,708,393,46,99,-1,-1,-1,-1
34, 18734.jpg,6,872,378,48,106,-1,-1,-1,-1
34, 18734.jpg,7,652,369,40,101,-1,-1,-1,-1
34, 18734.jpg,8,753,436,47,103,-1,-1,-1,-1
34, 18734.jpg,9,318,348,63,77,-1,-1,-1,-1
34, 18734.jpg,10,419,438,56,98,-1,-1,-1,-1
34, 18734.jpg,11,468,317,70,98,-1,-1,-1,-1
34, 18734.jpg,12,607,427,43,127,-1,-1,-1,-1
34, 18734.jpg,13,257,371,51,96,-1,-1,-1,-1
35, 18735.jpg,2,596,386,38,100,-1,-1,-1,-1
35, 18735.jpg,3,657,447,46,106,-1,-1,-1,-1
35, 18735.jpg,4,846,303,69,79,-1,-1,-1,-1
35, 18735.jpg,5,708,394,46,97,-1,-1,-1,-1
35, 18735.jpg,6,872,378,48,104,-1,-1,-1,-1
35, 18735.jpg,7,653,368,39,100,-1,-1,-1,-1
35, 18735.jpg,8,752,430,48,108,-1,-1,-1,-1
35, 18735.jpg,9,317,345,65,79,-1,-1,-1,-1
35, 18735.jpg,10,418,435,56,100,-1,-1,-1,-1
35, 18735.jpg,11,469,315,69,98,-1,-1,-1,-1
35, 18735.jpg,12,603,425,43,126,-1,-1,-1,-1
35, 18735.jpg,13,253,370,52,99,-1,-1,-1,-1
36, 18736.jpg,3,656,443,49,112,-1,-1,-1,-1
36, 18736.jpg,4,847,302,69,80,-1,-1,-1,-1
36, 18736.jpg,5,706,395,47,97,-1,-1,-1,-1
36, 18736.jpg,6,871,376,48,104,-1,-1,-1,-1
36, 18736.jpg,7,653,367,39,98,-1,-1,-1,-1
36, 18736.jpg,8,751,423,49,113,-1,-1,-1,-1
36, 18736.jpg,9,316,342,67,82,-1,-1,-1,-1
36, 18736.jpg,10,417,432,56,103,-1,-1,-1,-1
36, 18736.jpg,11,470,314,67,96,-1,-1,-1,-1
36, 18736.jpg,12,600,430,43,123,-1,-1,-1,-1
36, 18736.jpg,13,251,370,51,100,-1,-1,-1,-1
37, 18737.jpg,2,596,387,33,88,-1,-1,-1,-1
37, 18737.jpg,3,656,437,52,119,-1,-1,-1,-1
37, 18737.jpg,4,846,301,70,82,-1,-1,-1,-1
37, 18737.jpg,5,707,397,47,96,-1,-1,-1,-1
37, 18737.jpg,6,869,374,49,106,-1,-1,-1,-1
37, 18737.jpg,7,652,365,39,97,-1,-1,-1,-1
37, 18737.jpg,8,752,418,49,113,-1,-1,-1,-1
37, 18737.jpg,9,317,339,68,84,-1,-1,-1,-1
37, 18737.jpg,10,416,430,56,105,-1,-1,-1,-1
37, 18737.jpg,11,471,313,66,97,-1,-1,-1,-1
37, 18737.jpg,12,598,431,44,122,-1,-1,-1,-1
37, 18737.jpg,13,247,369,53,102,-1,-1,-1,-1
38, 18738.jpg,2,595,382,33,85,-1,-1,-1,-1
38, 18738.jpg,3,657,437,52,120,-1,-1,-1,-1
38, 18738.jpg,4,845,300,70,82,-1,-1,-1,-1
38, 18738.jpg,5,706,395,48,97,-1,-1,-1,-1
38, 18738.jpg,6,868,373,49,106,-1,-1,-1,-1
38, 18738.jpg,7,649,363,41,99,-1,-1,-1,-1
38, 18738.jpg,8,741,410,49,113,-1,-1,-1,-1
38, 18738.jpg,9,318,337,68,85,-1,-1,-1,-1
38, 18738.jpg,10,414,427,56,107,-1,-1,-1,-1
38, 18738.jpg,11,473,313,64,95,-1,-1,-1,-1
38, 18738.jpg,12,596,432,43,118,-1,-1,-1,-1
38, 18738.jpg,13,244,369,52,102,-1,-1,-1,-1
39, 18739.jpg,2,596,380,31,80,-1,-1,-1,-1
39, 18739.jpg,3,656,434,53,126,-1,-1,-1,-1
39, 18739.jpg,4,847,299,70,84,-1,-1,-1,-1
39, 18739.jpg,5,707,396,47,96,-1,-1,-1,-1
39, 18739.jpg,6,867,370,50,109,-1,-1,-1,-1
39, 18739.jpg,7,647,360,42,101,-1,-1,-1,-1
39, 18739.jpg,8,734,408,50,107,-1,-1,-1,-1
39, 18739.jpg,9,320,334,67,86,-1,-1,-1,-1
39, 18739.jpg,10,412,428,55,106,-1,-1,-1,-1
39, 18739.jpg,11,474,315,63,93,-1,-1,-1,-1
39, 18739.jpg,12,593,425,43,120,-1,-1,-1,-1
39, 18739.jpg,13,241,367,51,102,-1,-1,-1,-1
40, 18740.jpg,2,594,390,37,94,-1,-1,-1,-1
40, 18740.jpg,3,658,439,53,124,-1,-1,-1,-1
40, 18740.jpg,4,847,299,72,87,-1,-1,-1,-1
40, 18740.jpg,6,867,369,50,109,-1,-1,-1,-1
40, 18740.jpg,7,647,357,44,104,-1,-1,-1,-1
40, 18740.jpg,8,727,404,52,104,-1,-1,-1,-1
40, 18740.jpg,9,320,334,66,87,-1,-1,-1,-1
40, 18740.jpg,10,410,426,55,108,-1,-1,-1,-1
40, 18740.jpg,11,475,317,62,90,-1,-1,-1,-1
40, 18740.jpg,12,593,427,43,119,-1,-1,-1,-1
40, 18740.jpg,13,238,365,52,103,-1,-1,-1,-1
