2, 21847.jpg,2,878,326,38,102,-1,-1,-1,-1
2, 21847.jpg,3,248,369,76,87,-1,-1,-1,-1
2, 21847.jpg,4,642,336,52,114,-1,-1,-1,-1
2, 21847.jpg,5,418,377,38,94,-1,-1,-1,-1
2, 21847.jpg,6,297,318,52,77,-1,-1,-1,-1
2, 21847.jpg,7,461,290,42,96,-1,-1,-1,-1
2, 21847.jpg,8,855,427,67,119,-1,-1,-1,-1
2, 21847.jpg,9,562,372,41,118,-1,-1,-1,-1
2, 21847.jpg,10,307,416,54,104,-1,-1,-1,-1
3, 21848.jpg,2,881,325,38,104,-1,-1,-1,-1
3, 21848.jpg,3,267,350,77,88,-1,-1,-1,-1
3, 21848.jpg,4,645,331,44,95,-1,-1,-1,-1
3, 21848.jpg,5,420,377,38,94,-1,-1,-1,-1
3, 21848.jpg,6,298,319,52,76,-1,-1,-1,-1
3, 21848.jpg,7,462,290,42,95,-1,-1,-1,-1
3, 21848.jpg,8,855,427,67,116,-1,-1,-1,-1
3, 21848.jpg,9,565,374,40,117,-1,-1,-1,-1
3, 21848.jpg,10,308,419,53,100,-1,-1,-1,-1
4, 21849.jpg,2,883,326,39,104,-1,-1,-1,-1
4, 21849.jpg,3,266,360,77,89,-1,-1,-1,-1
4, 21849.jpg,4,650,323,37,81,-1,-1,-1,-1
4, 21849.jpg,5,421,377,38,96,-1,-1,-1,-1
4, 21849.jpg,6,296,319,54,81,-1,-1,-1,-1
4, 21849.jpg,7,463,287,41,94,-1,-1,-1,-1
4, 21849.jpg,8,856,425,65,114,-1,-1,-1,-1
4, 21849.jpg,9,569,372,42,122,-1,-1,-1,-1
4, 21849.jpg,10,308,416,53,100,-1,-1,-1,-1
4, 21849.jpg,12,661,394,54,117,-1,-1,-1,-1
5, 21850.jpg,2,888,326,38,103,-1,-1,-1,-1
5, 21850.jpg,3,271,359,78,89,-1,-1,-1,-1
5, 21850.jpg,4,654,320,35,79,-1,-1,-1,-1
5, 21850.jpg,5,423,378,36,91,-1,-1,-1,-1
5, 21850.jpg,6,296,320,55,82,-1,-1,-1,-1
5, 21850.jpg,7,464,285,41,93,-1,-1,-1,-1
5, 21850.jpg,8,856,425,63,112,-1,-1,-1,-1
5, 21850.jpg,9,572,375,41,116,-1,-1,-1,-1
5, 21850.jpg,10,296,388,59,113,-1,-1,-1,-1
5, 21850.jpg,12,663,393,52,115,-1,-1,-1,-1
6, 21851.jpg,2,892,325,39,102,-1,-1,-1,-1
6, 21851.jpg,4,655,315,33,75,-1,-1,-1,-1
6, 21851.jpg,5,424,379,38,92,-1,-1,-1,-1
6, 21851.jpg,7,466,283,40,93,-1,-1,-1,-1
6, 21851.jpg,8,859,423,60,111,-1,-1,-1,-1
6, 21851.jpg,9,575,374,41,116,-1,-1,-1,-1
6, 21851.jpg,10,298,396,56,107,-1,-1,-1,-1
6, 21851.jpg,12,662,391,53,116,-1,-1,-1,-1
6, 21851.jpg,13,648,334,47,104,-1,-1,-1,-1
7, 21852.jpg,2,895,324,39,104,-1,-1,-1,-1
7, 21852.jpg,4,656,308,30,69,-1,-1,-1,-1
7, 21852.jpg,5,424,379,38,93,-1,-1,-1,-1
7, 21852.jpg,7,467,281,40,92,-1,-1,-1,-1
7, 21852.jpg,8,861,421,59,112,-1,-1,-1,-1
7, 21852.jpg,9,577,374,42,118,-1,-1,-1,-1
7, 21852.jpg,10,302,407,55,101,-1,-1,-1,-1
7, 21852.jpg,12,657,383,55,121,-1,-1,-1,-1
7, 21852.jpg,13,644,334,47,103,-1,-1,-1,-1
7, 21852.jpg,14,854,328,45,51,-1,-1,-1,-1
8, 21853.jpg,2,899,324,40,106,-1,-1,-1,-1
8, 21853.jpg,5,424,380,38,94,-1,-1,-1,-1
8, 21853.jpg,7,466,278,41,94,-1,-1,-1,-1
8, 21853.jpg,8,862,418,59,116,-1,-1,-1,-1
8, 21853.jpg,9,580,375,41,117,-1,-1,-1,-1
8, 21853.jpg,10,306,411,53,98,-1,-1,-1,-1
8, 21853.jpg,12,656,380,55,122,-1,-1,-1,-1
8, 21853.jpg,13,650,349,47,103,-1,-1,-1,-1
8, 21853.jpg,14,855,328,46,51,-1,-1,-1,-1
8, 21853.jpg,15,294,318,53,113,-1,-1,-1,-1
9, 21854.jpg,2,901,323,42,108,-1,-1,-1,-1
9, 21854.jpg,5,423,379,38,92,-1,-1,-1,-1
9, 21854.jpg,7,468,275,40,94,-1,-1,-1,-1
9, 21854.jpg,8,863,418,55,111,-1,-1,-1,-1
9, 21854.jpg,9,582,376,41,117,-1,-1,-1,-1
9, 21854.jpg,10,308,413,54,97,-1,-1,-1,-1
9, 21854.jpg,13,651,351,49,108,-1,-1,-1,-1
9, 21854.jpg,14,853,326,49,55,-1,-1,-1,-1
9, 21854.jpg,15,294,310,48,104,-1,-1,-1,-1
10, 21855.jpg,2,904,324,42,108,-1,-1,-1,-1
10, 21855.jpg,5,422,378,38,91,-1,-1,-1,-1
10, 21855.jpg,7,467,273,41,95,-1,-1,-1,-1
10, 21855.jpg,8,863,420,54,108,-1,-1,-1,-1
10, 21855.jpg,9,585,376,40,119,-1,-1,-1,-1
10, 21855.jpg,10,310,414,57,96,-1,-1,-1,-1
10, 21855.jpg,12,655,377,55,125,-1,-1,-1,-1
10, 21855.jpg,13,655,334,49,109,-1,-1,-1,-1
10, 21855.jpg,14,856,323,52,60,-1,-1,-1,-1
10, 21855.jpg,15,293,307,47,101,-1,-1,-1,-1
11, 21856.jpg,2,908,325,42,108,-1,-1,-1,-1
11, 21856.jpg,3,314,376,60,70,-1,-1,-1,-1
11, 21856.jpg,5,420,377,40,93,-1,-1,-1,-1
11, 21856.jpg,7,469,271,40,94,-1,-1,-1,-1
11, 21856.jpg,8,865,421,52,106,-1,-1,-1,-1
11, 21856.jpg,9,588,377,41,119,-1,-1,-1,-1
11, 21856.jpg,10,313,416,55,94,-1,-1,-1,-1
11, 21856.jpg,12,654,374,56,126,-1,-1,-1,-1
11, 21856.jpg,13,656,333,49,111,-1,-1,-1,-1
11, 21856.jpg,14,855,321,55,63,-1,-1,-1,-1
11, 21856.jpg,15,291,304,49,105,-1,-1,-1,-1
12, 21857.jpg,2,911,324,43,110,-1,-1,-1,-1
12, 21857.jpg,3,312,387,71,86,-1,-1,-1,-1
12, 21857.jpg,5,418,376,42,97,-1,-1,-1,-1
12, 21857.jpg,7,473,270,38,90,-1,-1,-1,-1
12, 21857.jpg,8,866,421,51,107,-1,-1,-1,-1
12, 21857.jpg,9,591,377,41,121,-1,-1,-1,-1
12, 21857.jpg,10,314,416,55,93,-1,-1,-1,-1
12, 21857.jpg,12,653,375,55,126,-1,-1,-1,-1
12, 21857.jpg,13,656,333,46,101,-1,-1,-1,-1
12, 21857.jpg,14,858,320,54,63,-1,-1,-1,-1
12, 21857.jpg,15,290,303,50,108,-1,-1,-1,-1
13, 21858.jpg,2,913,323,44,112,-1,-1,-1,-1
13, 21858.jpg,3,318,384,64,81,-1,-1,-1,-1
13, 21858.jpg,5,417,375,44,99,-1,-1,-1,-1
13, 21858.jpg,7,473,269,40,89,-1,-1,-1,-1
13, 21858.jpg,8,867,419,51,108,-1,-1,-1,-1
13, 21858.jpg,9,592,379,41,121,-1,-1,-1,-1
13, 21858.jpg,10,316,421,54,90,-1,-1,-1,-1
13, 21858.jpg,12,652,372,56,128,-1,-1,-1,-1
13, 21858.jpg,13,654,343,49,108,-1,-1,-1,-1
13, 21858.jpg,14,859,318,56,66,-1,-1,-1,-1
13, 21858.jpg,15,288,305,49,106,-1,-1,-1,-1
14, 21859.jpg,2,915,324,44,111,-1,-1,-1,-1
14, 21859.jpg,3,328,383,58,75,-1,-1,-1,-1
14, 21859.jpg,5,416,376,45,101,-1,-1,-1,-1
14, 21859.jpg,7,474,268,39,89,-1,-1,-1,-1
14, 21859.jpg,8,868,417,50,109,-1,-1,-1,-1
14, 21859.jpg,9,593,381,41,120,-1,-1,-1,-1
14, 21859.jpg,10,317,422,54,88,-1,-1,-1,-1
14, 21859.jpg,12,659,387,48,110,-1,-1,-1,-1
14, 21859.jpg,13,655,329,53,119,-1,-1,-1,-1
14, 21859.jpg,14,858,316,57,68,-1,-1,-1,-1
14, 21859.jpg,15,287,307,49,105,-1,-1,-1,-1
15, 21860.jpg,2,918,327,42,107,-1,-1,-1,-1
15, 21860.jpg,3,334,384,57,75,-1,-1,-1,-1
15, 21860.jpg,5,417,375,47,103,-1,-1,-1,-1
15, 21860.jpg,7,473,267,41,90,-1,-1,-1,-1
15, 21860.jpg,8,868,415,50,109,-1,-1,-1,-1
15, 21860.jpg,9,594,383,40,118,-1,-1,-1,-1
15, 21860.jpg,10,322,423,53,85,-1,-1,-1,-1
15, 21860.jpg,12,659,387,48,109,-1,-1,-1,-1
15, 21860.jpg,13,656,348,49,114,-1,-1,-1,-1
15, 21860.jpg,14,859,316,56,67,-1,-1,-1,-1
15, 21860.jpg,15,286,309,49,105,-1,-1,-1,-1
16, 21861.jpg,2,921,328,42,106,-1,-1,-1,-1
16, 21861.jpg,3,334,383,64,85,-1,-1,-1,-1
16, 21861.jpg,5,419,375,47,103,-1,-1,-1,-1
16, 21861.jpg,7,472,267,39,88,-1,-1,-1,-1
16, 21861.jpg,8,869,413,49,109,-1,-1,-1,-1
16, 21861.jpg,9,596,386,39,114,-1,-1,-1,-1
16, 21861.jpg,10,324,424,52,84,-1,-1,-1,-1
16, 21861.jpg,12,663,391,46,108,-1,-1,-1,-1
16, 21861.jpg,13,656,339,50,117,-1,-1,-1,-1
16, 21861.jpg,14,859,315,56,68,-1,-1,-1,-1
16, 21861.jpg,15,285,312,48,105,-1,-1,-1,-1
17, 21862.jpg,2,922,328,44,107,-1,-1,-1,-1
17, 21862.jpg,3,338,385,61,83,-1,-1,-1,-1
17, 21862.jpg,5,420,374,48,104,-1,-1,-1,-1
17, 21862.jpg,7,471,267,39,88,-1,-1,-1,-1
17, 21862.jpg,8,870,412,47,108,-1,-1,-1,-1
17, 21862.jpg,9,598,385,39,114,-1,-1,-1,-1
17, 21862.jpg,10,326,422,56,90,-1,-1,-1,-1
17, 21862.jpg,12,665,394,44,103,-1,-1,-1,-1
17, 21862.jpg,13,656,331,47,114,-1,-1,-1,-1
17, 21862.jpg,14,859,314,56,69,-1,-1,-1,-1
17, 21862.jpg,15,282,314,48,103,-1,-1,-1,-1
18, 21863.jpg,2,926,329,43,107,-1,-1,-1,-1
18, 21863.jpg,3,342,386,58,82,-1,-1,-1,-1
18, 21863.jpg,5,420,371,50,107,-1,-1,-1,-1
18, 21863.jpg,7,470,265,40,89,-1,-1,-1,-1
18, 21863.jpg,8,870,411,47,109,-1,-1,-1,-1
18, 21863.jpg,9,599,384,41,116,-1,-1,-1,-1
18, 21863.jpg,10,330,410,61,99,-1,-1,-1,-1
18, 21863.jpg,12,665,394,44,103,-1,-1,-1,-1
18, 21863.jpg,13,662,314,40,96,-1,-1,-1,-1
18, 21863.jpg,14,859,315,56,68,-1,-1,-1,-1
18, 21863.jpg,15,279,314,47,105,-1,-1,-1,-1
19, 21864.jpg,2,929,329,43,106,-1,-1,-1,-1
19, 21864.jpg,3,349,387,55,78,-1,-1,-1,-1
19, 21864.jpg,5,422,369,51,108,-1,-1,-1,-1
19, 21864.jpg,7,471,265,39,89,-1,-1,-1,-1
19, 21864.jpg,8,872,410,45,108,-1,-1,-1,-1
19, 21864.jpg,9,600,383,41,118,-1,-1,-1,-1
19, 21864.jpg,10,328,413,60,100,-1,-1,-1,-1
19, 21864.jpg,12,665,391,46,108,-1,-1,-1,-1
19, 21864.jpg,13,664,309,39,93,-1,-1,-1,-1
19, 21864.jpg,14,859,315,57,68,-1,-1,-1,-1
19, 21864.jpg,15,275,315,48,106,-1,-1,-1,-1
20, 21865.jpg,2,932,330,43,106,-1,-1,-1,-1
20, 21865.jpg,3,354,388,53,75,-1,-1,-1,-1
20, 21865.jpg,5,421,367,53,110,-1,-1,-1,-1
20, 21865.jpg,7,471,263,39,89,-1,-1,-1,-1
20, 21865.jpg,8,872,410,46,108,-1,-1,-1,-1
20, 21865.jpg,9,602,383,42,119,-1,-1,-1,-1
20, 21865.jpg,10,326,414,61,100,-1,-1,-1,-1
20, 21865.jpg,12,662,379,50,122,-1,-1,-1,-1
20, 21865.jpg,13,664,307,39,95,-1,-1,-1,-1
20, 21865.jpg,14,859,315,58,70,-1,-1,-1,-1
20, 21865.jpg,15,272,317,48,105,-1,-1,-1,-1
21, 21866.jpg,2,934,330,45,107,-1,-1,-1,-1
21, 21866.jpg,3,355,386,55,79,-1,-1,-1,-1
21, 21866.jpg,5,423,365,53,110,-1,-1,-1,-1
21, 21866.jpg,7,471,262,38,89,-1,-1,-1,-1
21, 21866.jpg,8,872,410,46,108,-1,-1,-1,-1
21, 21866.jpg,9,603,385,43,119,-1,-1,-1,-1
21, 21866.jpg,10,322,414,60,101,-1,-1,-1,-1
21, 21866.jpg,12,662,376,51,126,-1,-1,-1,-1
21, 21866.jpg,13,668,304,35,84,-1,-1,-1,-1
21, 21866.jpg,14,859,316,58,70,-1,-1,-1,-1
21, 21866.jpg,15,270,318,49,106,-1,-1,-1,-1
22, 21867.jpg,2,937,330,44,107,-1,-1,-1,-1
22, 21867.jpg,3,355,384,56,83,-1,-1,-1,-1
22, 21867.jpg,5,424,362,54,112,-1,-1,-1,-1
22, 21867.jpg,7,471,261,37,86,-1,-1,-1,-1
22, 21867.jpg,8,872,410,46,108,-1,-1,-1,-1
22, 21867.jpg,9,603,385,43,120,-1,-1,-1,-1
22, 21867.jpg,10,319,414,60,103,-1,-1,-1,-1
22, 21867.jpg,12,666,384,46,117,-1,-1,-1,-1
22, 21867.jpg,13,669,303,33,76,-1,-1,-1,-1
22, 21867.jpg,14,859,316,58,70,-1,-1,-1,-1
22, 21867.jpg,15,267,321,50,106,-1,-1,-1,-1
23, 21868.jpg,2,940,332,44,105,-1,-1,-1,-1
23, 21868.jpg,3,355,382,57,86,-1,-1,-1,-1
23, 21868.jpg,5,422,360,56,115,-1,-1,-1,-1
23, 21868.jpg,7,472,259,36,85,-1,-1,-1,-1
23, 21868.jpg,8,872,409,46,109,-1,-1,-1,-1
23, 21868.jpg,9,604,384,43,122,-1,-1,-1,-1
23, 21868.jpg,10,318,414,58,103,-1,-1,-1,-1
23, 21868.jpg,12,663,380,48,124,-1,-1,-1,-1
23, 21868.jpg,13,672,304,31,71,-1,-1,-1,-1
23, 21868.jpg,14,858,317,58,70,-1,-1,-1,-1
23, 21868.jpg,15,265,324,50,103,-1,-1,-1,-1
24, 21869.jpg,2,942,333,44,105,-1,-1,-1,-1
24, 21869.jpg,3,355,380,56,88,-1,-1,-1,-1
24, 21869.jpg,5,423,358,55,114,-1,-1,-1,-1
24, 21869.jpg,7,472,257,36,86,-1,-1,-1,-1
24, 21869.jpg,8,871,409,46,110,-1,-1,-1,-1
24, 21869.jpg,9,604,384,44,122,-1,-1,-1,-1
24, 21869.jpg,10,313,414,57,102,-1,-1,-1,-1
24, 21869.jpg,12,663,379,48,126,-1,-1,-1,-1
24, 21869.jpg,13,671,302,32,71,-1,-1,-1,-1
24, 21869.jpg,14,858,318,56,69,-1,-1,-1,-1
24, 21869.jpg,15,264,326,49,101,-1,-1,-1,-1
25, 21870.jpg,2,943,334,45,106,-1,-1,-1,-1
25, 21870.jpg,3,354,377,56,91,-1,-1,-1,-1
25, 21870.jpg,5,422,358,56,115,-1,-1,-1,-1
25, 21870.jpg,7,472,255,37,88,-1,-1,-1,-1
25, 21870.jpg,8,870,409,46,110,-1,-1,-1,-1
25, 21870.jpg,9,603,383,45,123,-1,-1,-1,-1
25, 21870.jpg,10,309,412,56,105,-1,-1,-1,-1
25, 21870.jpg,12,662,379,48,127,-1,-1,-1,-1
25, 21870.jpg,13,669,302,33,75,-1,-1,-1,-1
25, 21870.jpg,14,854,319,57,70,-1,-1,-1,-1
25, 21870.jpg,15,262,328,48,99,-1,-1,-1,-1
26, 21871.jpg,2,945,335,45,107,-1,-1,-1,-1
26, 21871.jpg,3,353,376,56,93,-1,-1,-1,-1
26, 21871.jpg,5,419,359,56,115,-1,-1,-1,-1
26, 21871.jpg,7,472,252,37,89,-1,-1,-1,-1
26, 21871.jpg,8,869,408,46,110,-1,-1,-1,-1
26, 21871.jpg,9,603,383,45,123,-1,-1,-1,-1
26, 21871.jpg,10,305,412,56,106,-1,-1,-1,-1
26, 21871.jpg,12,662,378,47,128,-1,-1,-1,-1
26, 21871.jpg,13,669,302,33,75,-1,-1,-1,-1
26, 21871.jpg,14,851,319,56,72,-1,-1,-1,-1
26, 21871.jpg,15,259,331,48,98,-1,-1,-1,-1
27, 21872.jpg,2,947,336,45,106,-1,-1,-1,-1
27, 21872.jpg,3,353,375,55,94,-1,-1,-1,-1
27, 21872.jpg,5,419,360,55,114,-1,-1,-1,-1
27, 21872.jpg,7,472,252,38,88,-1,-1,-1,-1
27, 21872.jpg,8,870,408,44,106,-1,-1,-1,-1
27, 21872.jpg,9,603,382,45,123,-1,-1,-1,-1
27, 21872.jpg,10,299,411,57,109,-1,-1,-1,-1
27, 21872.jpg,12,665,369,39,102,-1,-1,-1,-1
27, 21872.jpg,13,668,304,33,74,-1,-1,-1,-1
27, 21872.jpg,14,848,319,56,73,-1,-1,-1,-1
27, 21872.jpg,15,257,333,47,98,-1,-1,-1,-1
28, 21873.jpg,2,948,337,45,105,-1,-1,-1,-1
28, 21873.jpg,3,351,373,55,96,-1,-1,-1,-1
28, 21873.jpg,5,419,362,54,111,-1,-1,-1,-1
28, 21873.jpg,7,470,252,38,87,-1,-1,-1,-1
28, 21873.jpg,8,870,406,42,104,-1,-1,-1,-1
28, 21873.jpg,9,602,382,44,123,-1,-1,-1,-1
28, 21873.jpg,10,294,411,58,112,-1,-1,-1,-1
28, 21873.jpg,12,663,373,46,124,-1,-1,-1,-1
28, 21873.jpg,13,669,303,32,72,-1,-1,-1,-1
28, 21873.jpg,14,846,319,55,74,-1,-1,-1,-1
28, 21873.jpg,15,254,335,47,96,-1,-1,-1,-1
29, 21874.jpg,2,949,338,46,103,-1,-1,-1,-1
29, 21874.jpg,3,350,373,54,97,-1,-1,-1,-1
29, 21874.jpg,5,418,365,53,108,-1,-1,-1,-1
29, 21874.jpg,7,469,252,38,86,-1,-1,-1,-1
29, 21874.jpg,8,868,405,41,100,-1,-1,-1,-1
29, 21874.jpg,9,601,382,44,119,-1,-1,-1,-1
29, 21874.jpg,10,289,412,58,114,-1,-1,-1,-1
29, 21874.jpg,12,662,372,48,133,-1,-1,-1,-1
29, 21874.jpg,13,671,300,32,72,-1,-1,-1,-1
29, 21874.jpg,14,844,319,53,73,-1,-1,-1,-1
29, 21874.jpg,15,250,336,48,95,-1,-1,-1,-1
30, 21875.jpg,2,952,342,45,100,-1,-1,-1,-1
30, 21875.jpg,3,351,372,53,97,-1,-1,-1,-1
30, 21875.jpg,5,418,367,52,106,-1,-1,-1,-1
30, 21875.jpg,7,468,251,39,86,-1,-1,-1,-1
30, 21875.jpg,8,866,403,43,101,-1,-1,-1,-1
30, 21875.jpg,9,601,381,43,116,-1,-1,-1,-1
30, 21875.jpg,10,284,413,57,116,-1,-1,-1,-1
30, 21875.jpg,12,663,379,43,121,-1,-1,-1,-1
30, 21875.jpg,13,672,299,31,71,-1,-1,-1,-1
30, 21875.jpg,14,843,319,52,74,-1,-1,-1,-1
30, 21875.jpg,15,246,336,49,95,-1,-1,-1,-1
30, 21875.jpg,18,659,341,38,93,-1,-1,-1,-1
31, 21876.jpg,2,954,342,46,100,-1,-1,-1,-1
31, 21876.jpg,3,350,371,52,99,-1,-1,-1,-1
31, 21876.jpg,5,419,369,52,103,-1,-1,-1,-1
31, 21876.jpg,7,469,252,38,83,-1,-1,-1,-1
31, 21876.jpg,8,863,401,45,104,-1,-1,-1,-1
31, 21876.jpg,9,599,381,42,113,-1,-1,-1,-1
31, 21876.jpg,10,281,418,55,115,-1,-1,-1,-1
31, 21876.jpg,12,662,375,46,130,-1,-1,-1,-1
31, 21876.jpg,13,672,298,31,73,-1,-1,-1,-1
31, 21876.jpg,14,842,319,51,74,-1,-1,-1,-1
31, 21876.jpg,15,243,336,50,95,-1,-1,-1,-1
31, 21876.jpg,18,660,338,34,82,-1,-1,-1,-1
32, 21877.jpg,2,953,341,48,102,-1,-1,-1,-1
32, 21877.jpg,3,349,371,52,99,-1,-1,-1,-1
32, 21877.jpg,5,418,371,53,102,-1,-1,-1,-1
32, 21877.jpg,7,469,253,39,82,-1,-1,-1,-1
32, 21877.jpg,8,861,401,45,102,-1,-1,-1,-1
32, 21877.jpg,9,598,380,42,113,-1,-1,-1,-1
32, 21877.jpg,10,277,422,54,114,-1,-1,-1,-1
32, 21877.jpg,12,662,373,47,134,-1,-1,-1,-1
32, 21877.jpg,13,669,299,34,78,-1,-1,-1,-1
32, 21877.jpg,14,841,320,49,73,-1,-1,-1,-1
32, 21877.jpg,15,240,337,51,94,-1,-1,-1,-1
32, 21877.jpg,18,660,337,33,79,-1,-1,-1,-1
33, 21878.jpg,2,953,342,49,101,-1,-1,-1,-1
33, 21878.jpg,3,347,371,51,100,-1,-1,-1,-1
33, 21878.jpg,5,419,373,52,99,-1,-1,-1,-1
33, 21878.jpg,7,469,251,39,82,-1,-1,-1,-1
33, 21878.jpg,8,858,400,47,101,-1,-1,-1,-1
33, 21878.jpg,9,595,379,44,114,-1,-1,-1,-1
33, 21878.jpg,10,271,424,54,115,-1,-1,-1,-1
33, 21878.jpg,12,662,366,39,114,-1,-1,-1,-1
33, 21878.jpg,13,670,298,33,78,-1,-1,-1,-1
33, 21878.jpg,14,838,321,49,73,-1,-1,-1,-1
33, 21878.jpg,15,238,338,52,93,-1,-1,-1,-1
33, 21878.jpg,18,663,323,41,101,-1,-1,-1,-1
34, 21879.jpg,2,954,344,48,98,-1,-1,-1,-1
34, 21879.jpg,3,345,371,51,102,-1,-1,-1,-1
34, 21879.jpg,5,420,372,53,100,-1,-1,-1,-1
34, 21879.jpg,7,470,252,38,78,-1,-1,-1,-1
34, 21879.jpg,8,856,402,46,98,-1,-1,-1,-1
34, 21879.jpg,9,594,378,43,113,-1,-1,-1,-1
34, 21879.jpg,10,266,426,55,117,-1,-1,-1,-1
34, 21879.jpg,12,663,371,44,127,-1,-1,-1,-1
34, 21879.jpg,13,668,296,36,83,-1,-1,-1,-1
34, 21879.jpg,14,836,321,49,73,-1,-1,-1,-1
34, 21879.jpg,15,236,339,53,92,-1,-1,-1,-1
34, 21879.jpg,18,664,320,43,104,-1,-1,-1,-1
35, 21880.jpg,2,954,344,48,97,-1,-1,-1,-1
35, 21880.jpg,3,345,372,49,101,-1,-1,-1,-1
35, 21880.jpg,5,422,372,53,98,-1,-1,-1,-1
35, 21880.jpg,7,469,251,39,78,-1,-1,-1,-1
35, 21880.jpg,8,853,403,47,95,-1,-1,-1,-1
35, 21880.jpg,9,593,379,44,111,-1,-1,-1,-1
35, 21880.jpg,10,262,430,55,115,-1,-1,-1,-1
35, 21880.jpg,12,662,367,38,110,-1,-1,-1,-1
35, 21880.jpg,13,667,294,39,88,-1,-1,-1,-1
35, 21880.jpg,14,835,322,48,73,-1,-1,-1,-1
35, 21880.jpg,15,235,342,54,90,-1,-1,-1,-1
36, 21881.jpg,2,954,344,49,97,-1,-1,-1,-1
36, 21881.jpg,3,345,372,48,103,-1,-1,-1,-1
36, 21881.jpg,5,427,372,53,96,-1,-1,-1,-1
36, 21881.jpg,7,470,250,38,79,-1,-1,-1,-1
36, 21881.jpg,8,852,402,45,92,-1,-1,-1,-1
36, 21881.jpg,9,592,379,44,111,-1,-1,-1,-1
36, 21881.jpg,10,257,433,56,117,-1,-1,-1,-1
36, 21881.jpg,12,663,371,43,124,-1,-1,-1,-1
36, 21881.jpg,13,666,292,41,93,-1,-1,-1,-1
36, 21881.jpg,14,834,323,47,72,-1,-1,-1,-1
36, 21881.jpg,15,233,343,54,89,-1,-1,-1,-1
37, 21882.jpg,2,955,345,50,96,-1,-1,-1,-1
37, 21882.jpg,3,345,372,47,104,-1,-1,-1,-1
37, 21882.jpg,5,432,373,53,94,-1,-1,-1,-1
37, 21882.jpg,7,470,249,38,78,-1,-1,-1,-1
37, 21882.jpg,8,849,401,46,91,-1,-1,-1,-1
37, 21882.jpg,9,592,378,46,111,-1,-1,-1,-1
37, 21882.jpg,10,252,437,56,116,-1,-1,-1,-1
37, 21882.jpg,12,663,375,44,126,-1,-1,-1,-1
37, 21882.jpg,13,666,290,41,94,-1,-1,-1,-1
37, 21882.jpg,14,832,324,48,72,-1,-1,-1,-1
37, 21882.jpg,15,232,345,54,87,-1,-1,-1,-1
38, 21883.jpg,2,956,346,50,95,-1,-1,-1,-1
38, 21883.jpg,3,345,371,46,103,-1,-1,-1,-1
38, 21883.jpg,5,434,375,54,95,-1,-1,-1,-1
38, 21883.jpg,7,470,248,37,77,-1,-1,-1,-1
38, 21883.jpg,8,847,400,46,91,-1,-1,-1,-1
38, 21883.jpg,9,590,378,47,112,-1,-1,-1,-1
38, 21883.jpg,10,249,440,55,115,-1,-1,-1,-1
38, 21883.jpg,12,663,375,44,127,-1,-1,-1,-1
38, 21883.jpg,13,667,290,40,93,-1,-1,-1,-1
38, 21883.jpg,14,829,322,50,75,-1,-1,-1,-1
38, 21883.jpg,15,230,346,56,88,-1,-1,-1,-1
38, 21883.jpg,18,659,350,43,105,-1,-1,-1,-1
39, 21884.jpg,2,958,347,50,93,-1,-1,-1,-1
39, 21884.jpg,3,346,371,44,102,-1,-1,-1,-1
39, 21884.jpg,5,437,378,53,91,-1,-1,-1,-1
39, 21884.jpg,7,470,248,37,75,-1,-1,-1,-1
39, 21884.jpg,8,846,399,45,90,-1,-1,-1,-1
39, 21884.jpg,9,588,377,49,113,-1,-1,-1,-1
39, 21884.jpg,10,247,442,54,114,-1,-1,-1,-1
39, 21884.jpg,13,668,289,39,91,-1,-1,-1,-1
39, 21884.jpg,14,826,323,49,74,-1,-1,-1,-1
39, 21884.jpg,15,229,347,57,88,-1,-1,-1,-1
39, 21884.jpg,18,658,357,41,100,-1,-1,-1,-1
40, 21885.jpg,2,960,349,50,92,-1,-1,-1,-1
40, 21885.jpg,3,346,371,44,103,-1,-1,-1,-1
40, 21885.jpg,5,439,379,56,91,-1,-1,-1,-1
40, 21885.jpg,7,469,248,37,74,-1,-1,-1,-1
40, 21885.jpg,8,843,397,47,93,-1,-1,-1,-1
40, 21885.jpg,9,587,377,49,110,-1,-1,-1,-1
40, 21885.jpg,10,244,446,53,110,-1,-1,-1,-1
40, 21885.jpg,12,662,374,44,126,-1,-1,-1,-1
40, 21885.jpg,13,669,288,39,90,-1,-1,-1,-1
40, 21885.jpg,14,823,324,50,74,-1,-1,-1,-1
40, 21885.jpg,15,228,347,59,88,-1,-1,-1,-1
40, 21885.jpg,18,658,361,38,93,-1,-1,-1,-1
