2, 18897.jpg,1,306,422,107,128,-1,-1,-1,-1
2, 18897.jpg,2,304,325,36,85,-1,-1,-1,-1
2, 18897.jpg,3,383,301,57,93,-1,-1,-1,-1
2, 18897.jpg,4,463,349,56,107,-1,-1,-1,-1
2, 18897.jpg,5,561,316,49,115,-1,-1,-1,-1
2, 18897.jpg,6,955,343,45,97,-1,-1,-1,-1
2, 18897.jpg,7,140,350,53,109,-1,-1,-1,-1
2, 18897.jpg,8,775,397,63,112,-1,-1,-1,-1
2, 18897.jpg,9,873,384,86,113,-1,-1,-1,-1
3, 18898.jpg,1,306,422,104,126,-1,-1,-1,-1
3, 18898.jpg,2,303,326,35,83,-1,-1,-1,-1
3, 18898.jpg,3,389,302,56,93,-1,-1,-1,-1
3, 18898.jpg,4,470,350,55,106,-1,-1,-1,-1
3, 18898.jpg,5,565,313,50,117,-1,-1,-1,-1
3, 18898.jpg,6,957,343,47,98,-1,-1,-1,-1
3, 18898.jpg,7,139,351,54,108,-1,-1,-1,-1
3, 18898.jpg,8,780,398,65,114,-1,-1,-1,-1
3, 18898.jpg,9,869,381,87,117,-1,-1,-1,-1
4, 18899.jpg,1,305,425,96,119,-1,-1,-1,-1
4, 18899.jpg,2,303,327,34,80,-1,-1,-1,-1
4, 18899.jpg,3,393,302,56,93,-1,-1,-1,-1
4, 18899.jpg,4,476,351,53,103,-1,-1,-1,-1
4, 18899.jpg,5,571,321,46,106,-1,-1,-1,-1
4, 18899.jpg,6,960,343,46,97,-1,-1,-1,-1
4, 18899.jpg,7,139,352,54,108,-1,-1,-1,-1
4, 18899.jpg,8,788,398,66,117,-1,-1,-1,-1
4, 18899.jpg,9,864,378,88,120,-1,-1,-1,-1
5, 18900.jpg,1,304,426,92,118,-1,-1,-1,-1
5, 18900.jpg,2,303,327,35,79,-1,-1,-1,-1
5, 18900.jpg,3,399,304,55,93,-1,-1,-1,-1
5, 18900.jpg,4,480,351,54,105,-1,-1,-1,-1
5, 18900.jpg,5,577,325,43,101,-1,-1,-1,-1
5, 18900.jpg,6,961,342,49,101,-1,-1,-1,-1
5, 18900.jpg,7,140,353,53,108,-1,-1,-1,-1
5, 18900.jpg,8,797,402,65,116,-1,-1,-1,-1
5, 18900.jpg,9,862,375,89,123,-1,-1,-1,-1
6, 18901.jpg,1,303,425,93,122,-1,-1,-1,-1
6, 18901.jpg,2,304,327,35,78,-1,-1,-1,-1
6, 18901.jpg,3,403,306,55,92,-1,-1,-1,-1
6, 18901.jpg,4,487,351,54,108,-1,-1,-1,-1
6, 18901.jpg,5,585,336,42,98,-1,-1,-1,-1
6, 18901.jpg,6,962,343,51,101,-1,-1,-1,-1
6, 18901.jpg,7,141,352,54,111,-1,-1,-1,-1
6, 18901.jpg,8,803,406,66,115,-1,-1,-1,-1
6, 18901.jpg,9,861,374,87,124,-1,-1,-1,-1
6, 18901.jpg,10,363,399,41,95,-1,-1,-1,-1
7, 18902.jpg,1,303,427,90,119,-1,-1,-1,-1
7, 18902.jpg,2,304,326,35,80,-1,-1,-1,-1
7, 18902.jpg,3,409,308,54,91,-1,-1,-1,-1
7, 18902.jpg,4,491,351,53,107,-1,-1,-1,-1
7, 18902.jpg,5,586,333,47,105,-1,-1,-1,-1
7, 18902.jpg,6,966,343,51,101,-1,-1,-1,-1
7, 18902.jpg,7,142,352,55,111,-1,-1,-1,-1
7, 18902.jpg,8,812,410,64,112,-1,-1,-1,-1
7, 18902.jpg,9,860,375,83,122,-1,-1,-1,-1
7, 18902.jpg,10,368,395,45,104,-1,-1,-1,-1
8, 18903.jpg,1,300,427,87,116,-1,-1,-1,-1
8, 18903.jpg,2,303,322,38,85,-1,-1,-1,-1
8, 18903.jpg,3,414,309,54,93,-1,-1,-1,-1
8, 18903.jpg,4,495,352,52,106,-1,-1,-1,-1
8, 18903.jpg,5,584,320,43,100,-1,-1,-1,-1
8, 18903.jpg,6,967,344,52,100,-1,-1,-1,-1
8, 18903.jpg,7,143,352,55,111,-1,-1,-1,-1
8, 18903.jpg,8,816,416,64,111,-1,-1,-1,-1
8, 18903.jpg,9,863,379,76,115,-1,-1,-1,-1
8, 18903.jpg,10,372,392,49,111,-1,-1,-1,-1
9, 18904.jpg,1,299,427,84,114,-1,-1,-1,-1
9, 18904.jpg,2,304,320,40,88,-1,-1,-1,-1
9, 18904.jpg,3,418,309,55,93,-1,-1,-1,-1
9, 18904.jpg,4,498,351,52,107,-1,-1,-1,-1
9, 18904.jpg,5,587,325,48,107,-1,-1,-1,-1
9, 18904.jpg,6,967,342,53,104,-1,-1,-1,-1
9, 18904.jpg,7,144,352,54,111,-1,-1,-1,-1
9, 18904.jpg,8,819,420,65,110,-1,-1,-1,-1
9, 18904.jpg,9,849,392,76,116,-1,-1,-1,-1
9, 18904.jpg,10,379,390,51,115,-1,-1,-1,-1
10, 18905.jpg,1,299,428,83,113,-1,-1,-1,-1
10, 18905.jpg,2,307,318,40,90,-1,-1,-1,-1
10, 18905.jpg,3,421,309,55,95,-1,-1,-1,-1
10, 18905.jpg,4,504,351,52,107,-1,-1,-1,-1
10, 18905.jpg,5,585,322,48,106,-1,-1,-1,-1
10, 18905.jpg,6,965,340,55,106,-1,-1,-1,-1
10, 18905.jpg,7,147,353,54,109,-1,-1,-1,-1
10, 18905.jpg,8,822,422,65,113,-1,-1,-1,-1
10, 18905.jpg,9,845,398,74,115,-1,-1,-1,-1
10, 18905.jpg,10,384,391,53,117,-1,-1,-1,-1
11, 18906.jpg,1,299,428,84,114,-1,-1,-1,-1
11, 18906.jpg,2,309,318,40,90,-1,-1,-1,-1
11, 18906.jpg,3,426,309,53,95,-1,-1,-1,-1
11, 18906.jpg,4,508,350,51,108,-1,-1,-1,-1
11, 18906.jpg,5,595,328,48,108,-1,-1,-1,-1
11, 18906.jpg,6,964,339,56,107,-1,-1,-1,-1
11, 18906.jpg,7,149,352,54,110,-1,-1,-1,-1
11, 18906.jpg,8,827,425,66,113,-1,-1,-1,-1
11, 18906.jpg,9,837,407,75,115,-1,-1,-1,-1
11, 18906.jpg,10,390,391,53,116,-1,-1,-1,-1
12, 18907.jpg,1,300,429,84,114,-1,-1,-1,-1
12, 18907.jpg,2,311,319,40,89,-1,-1,-1,-1
12, 18907.jpg,3,431,311,53,94,-1,-1,-1,-1
12, 18907.jpg,4,511,349,51,109,-1,-1,-1,-1
12, 18907.jpg,5,599,328,49,110,-1,-1,-1,-1
12, 18907.jpg,6,962,338,57,110,-1,-1,-1,-1
12, 18907.jpg,7,151,352,54,110,-1,-1,-1,-1
12, 18907.jpg,9,835,410,73,112,-1,-1,-1,-1
12, 18907.jpg,10,399,392,53,115,-1,-1,-1,-1
13, 18908.jpg,1,302,428,86,118,-1,-1,-1,-1
13, 18908.jpg,2,312,321,40,88,-1,-1,-1,-1
13, 18908.jpg,3,436,311,51,94,-1,-1,-1,-1
13, 18908.jpg,4,516,346,51,114,-1,-1,-1,-1
13, 18908.jpg,5,603,339,48,105,-1,-1,-1,-1
13, 18908.jpg,6,960,337,56,109,-1,-1,-1,-1
13, 18908.jpg,7,153,353,54,109,-1,-1,-1,-1
13, 18908.jpg,9,820,417,73,114,-1,-1,-1,-1
13, 18908.jpg,10,409,394,52,113,-1,-1,-1,-1
13, 18908.jpg,13,911,381,38,57,-1,-1,-1,-1
13, 18908.jpg,14,600,317,37,92,-1,-1,-1,-1
14, 18909.jpg,1,303,428,83,116,-1,-1,-1,-1
14, 18909.jpg,2,314,325,39,85,-1,-1,-1,-1
14, 18909.jpg,3,440,311,49,92,-1,-1,-1,-1
14, 18909.jpg,4,518,344,53,116,-1,-1,-1,-1
14, 18909.jpg,5,605,338,49,109,-1,-1,-1,-1
14, 18909.jpg,6,959,336,56,109,-1,-1,-1,-1
14, 18909.jpg,7,154,354,54,109,-1,-1,-1,-1
14, 18909.jpg,8,850,408,65,109,-1,-1,-1,-1
14, 18909.jpg,9,817,420,73,115,-1,-1,-1,-1
14, 18909.jpg,10,418,396,51,112,-1,-1,-1,-1
14, 18909.jpg,13,911,382,37,55,-1,-1,-1,-1
14, 18909.jpg,14,601,308,39,94,-1,-1,-1,-1
15, 18910.jpg,1,302,427,81,116,-1,-1,-1,-1
15, 18910.jpg,2,317,327,38,83,-1,-1,-1,-1
15, 18910.jpg,3,445,309,48,93,-1,-1,-1,-1
15, 18910.jpg,4,522,342,51,115,-1,-1,-1,-1
15, 18910.jpg,5,607,339,50,109,-1,-1,-1,-1
15, 18910.jpg,6,957,338,56,109,-1,-1,-1,-1
15, 18910.jpg,7,156,353,53,111,-1,-1,-1,-1
15, 18910.jpg,8,862,401,65,103,-1,-1,-1,-1
15, 18910.jpg,9,811,424,73,114,-1,-1,-1,-1
15, 18910.jpg,10,427,397,51,113,-1,-1,-1,-1
15, 18910.jpg,13,911,385,36,53,-1,-1,-1,-1
15, 18910.jpg,14,600,304,41,100,-1,-1,-1,-1
16, 18911.jpg,1,303,427,80,117,-1,-1,-1,-1
16, 18911.jpg,2,319,329,38,82,-1,-1,-1,-1
16, 18911.jpg,3,449,307,48,95,-1,-1,-1,-1
16, 18911.jpg,4,526,339,48,113,-1,-1,-1,-1
16, 18911.jpg,5,609,341,50,108,-1,-1,-1,-1
16, 18911.jpg,6,955,341,55,108,-1,-1,-1,-1
16, 18911.jpg,7,159,354,52,109,-1,-1,-1,-1
16, 18911.jpg,8,859,397,66,104,-1,-1,-1,-1
16, 18911.jpg,9,814,425,71,113,-1,-1,-1,-1
16, 18911.jpg,10,434,396,54,117,-1,-1,-1,-1
16, 18911.jpg,14,600,298,40,98,-1,-1,-1,-1
17, 18912.jpg,1,304,427,78,118,-1,-1,-1,-1
17, 18912.jpg,2,321,331,38,80,-1,-1,-1,-1
17, 18912.jpg,3,452,305,48,95,-1,-1,-1,-1
17, 18912.jpg,4,528,338,49,113,-1,-1,-1,-1
17, 18912.jpg,5,611,345,48,105,-1,-1,-1,-1
17, 18912.jpg,6,950,344,55,107,-1,-1,-1,-1
17, 18912.jpg,7,162,355,52,109,-1,-1,-1,-1
17, 18912.jpg,8,854,395,68,107,-1,-1,-1,-1
17, 18912.jpg,9,815,430,68,109,-1,-1,-1,-1
17, 18912.jpg,10,443,395,55,118,-1,-1,-1,-1
17, 18912.jpg,13,917,380,39,57,-1,-1,-1,-1
17, 18912.jpg,14,605,296,38,93,-1,-1,-1,-1
18, 18913.jpg,1,304,429,76,118,-1,-1,-1,-1
18, 18913.jpg,2,326,332,38,82,-1,-1,-1,-1
18, 18913.jpg,3,456,304,47,97,-1,-1,-1,-1
18, 18913.jpg,4,532,337,47,113,-1,-1,-1,-1
18, 18913.jpg,5,616,352,45,99,-1,-1,-1,-1
18, 18913.jpg,6,949,348,55,105,-1,-1,-1,-1
18, 18913.jpg,7,165,356,51,107,-1,-1,-1,-1
18, 18913.jpg,8,850,393,65,105,-1,-1,-1,-1
18, 18913.jpg,9,823,424,68,110,-1,-1,-1,-1
18, 18913.jpg,10,448,395,56,119,-1,-1,-1,-1
18, 18913.jpg,13,921,382,40,57,-1,-1,-1,-1
18, 18913.jpg,14,607,298,38,91,-1,-1,-1,-1
19, 18914.jpg,1,306,431,74,117,-1,-1,-1,-1
19, 18914.jpg,2,329,333,39,83,-1,-1,-1,-1
19, 18914.jpg,3,461,303,47,99,-1,-1,-1,-1
19, 18914.jpg,4,535,338,47,113,-1,-1,-1,-1
19, 18914.jpg,5,621,357,42,94,-1,-1,-1,-1
19, 18914.jpg,6,948,351,56,105,-1,-1,-1,-1
19, 18914.jpg,7,168,356,51,108,-1,-1,-1,-1
19, 18914.jpg,8,845,391,62,103,-1,-1,-1,-1
19, 18914.jpg,9,819,431,70,111,-1,-1,-1,-1
19, 18914.jpg,10,455,396,57,120,-1,-1,-1,-1
19, 18914.jpg,13,919,376,45,64,-1,-1,-1,-1
19, 18914.jpg,14,609,302,39,94,-1,-1,-1,-1
20, 18915.jpg,1,310,433,73,116,-1,-1,-1,-1
20, 18915.jpg,2,333,334,40,82,-1,-1,-1,-1
20, 18915.jpg,3,465,303,48,101,-1,-1,-1,-1
20, 18915.jpg,4,538,338,46,114,-1,-1,-1,-1
20, 18915.jpg,5,624,360,42,92,-1,-1,-1,-1
20, 18915.jpg,6,945,355,57,100,-1,-1,-1,-1
20, 18915.jpg,7,170,356,51,109,-1,-1,-1,-1
20, 18915.jpg,8,836,386,64,110,-1,-1,-1,-1
20, 18915.jpg,9,812,422,77,120,-1,-1,-1,-1
20, 18915.jpg,10,462,400,56,115,-1,-1,-1,-1
20, 18915.jpg,13,920,376,46,64,-1,-1,-1,-1
20, 18915.jpg,14,612,313,45,109,-1,-1,-1,-1
21, 18916.jpg,1,312,435,71,114,-1,-1,-1,-1
21, 18916.jpg,2,338,333,40,85,-1,-1,-1,-1
21, 18916.jpg,3,467,304,50,104,-1,-1,-1,-1
21, 18916.jpg,4,542,339,45,114,-1,-1,-1,-1
21, 18916.jpg,6,943,358,59,99,-1,-1,-1,-1
21, 18916.jpg,7,172,356,52,112,-1,-1,-1,-1
21, 18916.jpg,8,830,383,66,116,-1,-1,-1,-1
21, 18916.jpg,9,807,430,76,116,-1,-1,-1,-1
21, 18916.jpg,10,468,396,59,122,-1,-1,-1,-1
21, 18916.jpg,14,615,326,43,102,-1,-1,-1,-1
22, 18917.jpg,1,315,437,69,112,-1,-1,-1,-1
22, 18917.jpg,2,343,336,40,83,-1,-1,-1,-1
22, 18917.jpg,3,468,306,50,105,-1,-1,-1,-1
22, 18917.jpg,4,545,338,45,116,-1,-1,-1,-1
22, 18917.jpg,6,943,360,60,94,-1,-1,-1,-1
22, 18917.jpg,7,174,356,52,112,-1,-1,-1,-1
22, 18917.jpg,8,829,383,62,115,-1,-1,-1,-1
22, 18917.jpg,9,803,432,78,117,-1,-1,-1,-1
22, 18917.jpg,10,476,398,58,123,-1,-1,-1,-1
22, 18917.jpg,14,616,328,46,110,-1,-1,-1,-1
23, 18918.jpg,1,317,440,66,108,-1,-1,-1,-1
23, 18918.jpg,2,347,339,40,81,-1,-1,-1,-1
23, 18918.jpg,3,468,310,51,103,-1,-1,-1,-1
23, 18918.jpg,4,548,337,43,114,-1,-1,-1,-1
23, 18918.jpg,6,940,361,63,95,-1,-1,-1,-1
23, 18918.jpg,7,176,358,53,113,-1,-1,-1,-1
23, 18918.jpg,8,826,384,60,114,-1,-1,-1,-1
23, 18918.jpg,9,800,421,83,127,-1,-1,-1,-1
23, 18918.jpg,10,487,398,56,122,-1,-1,-1,-1
23, 18918.jpg,14,614,313,44,107,-1,-1,-1,-1
24, 18919.jpg,1,319,444,63,104,-1,-1,-1,-1
24, 18919.jpg,2,353,343,38,80,-1,-1,-1,-1
24, 18919.jpg,3,469,314,51,100,-1,-1,-1,-1
24, 18919.jpg,4,550,328,43,116,-1,-1,-1,-1
24, 18919.jpg,5,622,350,46,103,-1,-1,-1,-1
24, 18919.jpg,6,937,361,65,97,-1,-1,-1,-1
24, 18919.jpg,7,180,360,52,111,-1,-1,-1,-1
24, 18919.jpg,8,826,382,59,115,-1,-1,-1,-1
24, 18919.jpg,9,796,434,77,115,-1,-1,-1,-1
24, 18919.jpg,10,494,397,56,124,-1,-1,-1,-1
24, 18919.jpg,14,620,317,38,92,-1,-1,-1,-1
25, 18920.jpg,1,320,446,61,100,-1,-1,-1,-1
25, 18920.jpg,2,356,348,38,79,-1,-1,-1,-1
25, 18920.jpg,3,470,316,52,101,-1,-1,-1,-1
25, 18920.jpg,4,551,316,46,126,-1,-1,-1,-1
25, 18920.jpg,5,626,350,46,102,-1,-1,-1,-1
25, 18920.jpg,6,934,363,64,95,-1,-1,-1,-1
25, 18920.jpg,7,182,363,50,108,-1,-1,-1,-1
25, 18920.jpg,8,817,387,58,112,-1,-1,-1,-1
25, 18920.jpg,9,789,424,81,125,-1,-1,-1,-1
25, 18920.jpg,10,503,400,55,123,-1,-1,-1,-1
25, 18920.jpg,14,622,317,38,92,-1,-1,-1,-1
26, 18921.jpg,1,321,449,59,96,-1,-1,-1,-1
26, 18921.jpg,2,361,354,38,77,-1,-1,-1,-1
26, 18921.jpg,3,473,318,54,101,-1,-1,-1,-1
26, 18921.jpg,4,554,313,46,128,-1,-1,-1,-1
26, 18921.jpg,5,624,340,49,110,-1,-1,-1,-1
26, 18921.jpg,6,932,366,61,93,-1,-1,-1,-1
26, 18921.jpg,7,185,366,50,105,-1,-1,-1,-1
26, 18921.jpg,8,815,391,54,109,-1,-1,-1,-1
26, 18921.jpg,9,784,434,77,120,-1,-1,-1,-1
26, 18921.jpg,10,511,406,52,116,-1,-1,-1,-1
27, 18922.jpg,1,323,451,57,93,-1,-1,-1,-1
27, 18922.jpg,2,365,357,38,77,-1,-1,-1,-1
27, 18922.jpg,3,475,321,54,98,-1,-1,-1,-1
27, 18922.jpg,4,557,306,46,133,-1,-1,-1,-1
27, 18922.jpg,5,626,336,50,113,-1,-1,-1,-1
27, 18922.jpg,6,930,363,62,98,-1,-1,-1,-1
27, 18922.jpg,7,189,368,49,103,-1,-1,-1,-1
27, 18922.jpg,8,804,405,52,104,-1,-1,-1,-1
27, 18922.jpg,9,780,436,77,121,-1,-1,-1,-1
27, 18922.jpg,10,520,408,52,116,-1,-1,-1,-1
28, 18923.jpg,1,325,451,57,91,-1,-1,-1,-1
28, 18923.jpg,2,372,363,36,72,-1,-1,-1,-1
28, 18923.jpg,3,476,322,57,97,-1,-1,-1,-1
28, 18923.jpg,4,558,298,49,142,-1,-1,-1,-1
28, 18923.jpg,5,628,336,51,115,-1,-1,-1,-1
28, 18923.jpg,6,927,361,63,99,-1,-1,-1,-1
28, 18923.jpg,7,192,370,49,102,-1,-1,-1,-1
28, 18923.jpg,8,804,405,53,104,-1,-1,-1,-1
28, 18923.jpg,9,775,440,74,118,-1,-1,-1,-1
28, 18923.jpg,10,527,413,50,111,-1,-1,-1,-1
29, 18924.jpg,1,328,452,57,90,-1,-1,-1,-1
29, 18924.jpg,2,379,368,34,68,-1,-1,-1,-1
29, 18924.jpg,3,479,322,57,96,-1,-1,-1,-1
29, 18924.jpg,4,563,305,43,126,-1,-1,-1,-1
29, 18924.jpg,5,630,337,53,118,-1,-1,-1,-1
29, 18924.jpg,6,926,359,64,101,-1,-1,-1,-1
29, 18924.jpg,7,196,369,49,103,-1,-1,-1,-1
29, 18924.jpg,8,805,407,50,96,-1,-1,-1,-1
29, 18924.jpg,9,771,435,76,123,-1,-1,-1,-1
29, 18924.jpg,10,533,417,50,109,-1,-1,-1,-1
30, 18925.jpg,1,332,453,57,90,-1,-1,-1,-1
30, 18925.jpg,2,384,370,34,66,-1,-1,-1,-1
30, 18925.jpg,3,480,322,58,97,-1,-1,-1,-1
30, 18925.jpg,4,571,309,39,118,-1,-1,-1,-1
30, 18925.jpg,5,634,341,53,115,-1,-1,-1,-1
30, 18925.jpg,6,925,359,62,100,-1,-1,-1,-1
30, 18925.jpg,7,201,371,47,99,-1,-1,-1,-1
30, 18925.jpg,8,806,407,50,94,-1,-1,-1,-1
30, 18925.jpg,9,771,430,76,123,-1,-1,-1,-1
30, 18925.jpg,10,539,421,50,105,-1,-1,-1,-1
31, 18926.jpg,1,337,453,56,89,-1,-1,-1,-1
31, 18926.jpg,2,390,373,34,64,-1,-1,-1,-1
31, 18926.jpg,3,482,319,58,96,-1,-1,-1,-1
31, 18926.jpg,4,577,312,38,114,-1,-1,-1,-1
31, 18926.jpg,5,639,345,52,114,-1,-1,-1,-1
31, 18926.jpg,6,921,354,65,104,-1,-1,-1,-1
31, 18926.jpg,7,205,370,48,100,-1,-1,-1,-1
31, 18926.jpg,8,810,411,46,87,-1,-1,-1,-1
31, 18926.jpg,9,770,427,75,122,-1,-1,-1,-1
31, 18926.jpg,10,543,422,49,102,-1,-1,-1,-1
32, 18927.jpg,1,343,452,57,90,-1,-1,-1,-1
32, 18927.jpg,2,395,375,33,63,-1,-1,-1,-1
32, 18927.jpg,3,481,317,60,97,-1,-1,-1,-1
32, 18927.jpg,4,581,315,35,109,-1,-1,-1,-1
32, 18927.jpg,5,644,346,52,114,-1,-1,-1,-1
32, 18927.jpg,6,917,351,69,109,-1,-1,-1,-1
32, 18927.jpg,7,209,369,49,101,-1,-1,-1,-1
32, 18927.jpg,8,805,409,49,94,-1,-1,-1,-1
32, 18927.jpg,9,762,427,77,126,-1,-1,-1,-1
32, 18927.jpg,10,547,421,50,104,-1,-1,-1,-1
33, 18928.jpg,1,348,451,57,89,-1,-1,-1,-1
33, 18928.jpg,2,400,375,34,62,-1,-1,-1,-1
33, 18928.jpg,3,480,316,60,98,-1,-1,-1,-1
33, 18928.jpg,4,587,317,36,112,-1,-1,-1,-1
33, 18928.jpg,5,646,345,53,115,-1,-1,-1,-1
33, 18928.jpg,6,922,354,67,106,-1,-1,-1,-1
33, 18928.jpg,7,213,368,49,101,-1,-1,-1,-1
33, 18928.jpg,8,803,410,49,93,-1,-1,-1,-1
33, 18928.jpg,9,772,420,73,121,-1,-1,-1,-1
33, 18928.jpg,10,551,420,53,104,-1,-1,-1,-1
34, 18929.jpg,1,354,449,58,89,-1,-1,-1,-1
34, 18929.jpg,2,405,374,34,62,-1,-1,-1,-1
34, 18929.jpg,3,482,315,58,96,-1,-1,-1,-1
34, 18929.jpg,4,592,323,35,108,-1,-1,-1,-1
34, 18929.jpg,5,649,343,52,115,-1,-1,-1,-1
34, 18929.jpg,6,920,353,68,107,-1,-1,-1,-1
34, 18929.jpg,7,219,367,48,100,-1,-1,-1,-1
34, 18929.jpg,8,806,410,50,96,-1,-1,-1,-1
34, 18929.jpg,9,764,426,69,120,-1,-1,-1,-1
34, 18929.jpg,10,555,417,54,108,-1,-1,-1,-1
34, 18929.jpg,18,968,370,51,50,-1,-1,-1,-1
35, 18930.jpg,1,359,447,58,89,-1,-1,-1,-1
35, 18930.jpg,2,411,374,34,62,-1,-1,-1,-1
35, 18930.jpg,3,485,314,56,95,-1,-1,-1,-1
35, 18930.jpg,4,596,326,34,106,-1,-1,-1,-1
35, 18930.jpg,5,653,343,51,113,-1,-1,-1,-1
35, 18930.jpg,6,920,354,68,106,-1,-1,-1,-1
35, 18930.jpg,7,223,365,50,102,-1,-1,-1,-1
35, 18930.jpg,8,807,409,50,96,-1,-1,-1,-1
35, 18930.jpg,9,756,422,71,127,-1,-1,-1,-1
35, 18930.jpg,10,561,416,56,109,-1,-1,-1,-1
35, 18930.jpg,18,968,369,54,51,-1,-1,-1,-1
36, 18931.jpg,1,367,445,58,87,-1,-1,-1,-1
36, 18931.jpg,2,415,372,35,63,-1,-1,-1,-1
36, 18931.jpg,3,487,313,54,94,-1,-1,-1,-1
36, 18931.jpg,4,600,330,34,106,-1,-1,-1,-1
36, 18931.jpg,5,659,344,44,99,-1,-1,-1,-1
36, 18931.jpg,6,918,350,68,111,-1,-1,-1,-1
36, 18931.jpg,7,228,364,50,101,-1,-1,-1,-1
36, 18931.jpg,8,808,409,50,97,-1,-1,-1,-1
36, 18931.jpg,9,752,423,69,126,-1,-1,-1,-1
36, 18931.jpg,10,564,415,57,111,-1,-1,-1,-1
36, 18931.jpg,18,974,371,54,50,-1,-1,-1,-1
37, 18932.jpg,1,374,444,57,79,-1,-1,-1,-1
37, 18932.jpg,2,421,371,35,65,-1,-1,-1,-1
37, 18932.jpg,3,490,314,53,91,-1,-1,-1,-1
37, 18932.jpg,4,606,330,35,112,-1,-1,-1,-1
37, 18932.jpg,5,665,350,47,106,-1,-1,-1,-1
37, 18932.jpg,6,915,348,68,114,-1,-1,-1,-1
37, 18932.jpg,7,233,363,49,101,-1,-1,-1,-1
37, 18932.jpg,8,812,411,49,93,-1,-1,-1,-1
37, 18932.jpg,9,750,422,66,127,-1,-1,-1,-1
37, 18932.jpg,10,567,414,58,114,-1,-1,-1,-1
37, 18932.jpg,18,976,371,54,50,-1,-1,-1,-1
38, 18933.jpg,1,377,443,60,77,-1,-1,-1,-1
38, 18933.jpg,2,423,368,39,73,-1,-1,-1,-1
38, 18933.jpg,3,491,314,53,92,-1,-1,-1,-1
38, 18933.jpg,4,609,331,35,112,-1,-1,-1,-1
38, 18933.jpg,5,667,348,49,112,-1,-1,-1,-1
38, 18933.jpg,6,915,346,66,115,-1,-1,-1,-1
38, 18933.jpg,7,237,363,50,103,-1,-1,-1,-1
38, 18933.jpg,8,815,411,48,91,-1,-1,-1,-1
38, 18933.jpg,9,747,422,65,127,-1,-1,-1,-1
38, 18933.jpg,10,569,413,59,115,-1,-1,-1,-1
38, 18933.jpg,18,984,371,57,51,-1,-1,-1,-1
39, 18934.jpg,1,383,445,58,69,-1,-1,-1,-1
39, 18934.jpg,2,427,364,39,73,-1,-1,-1,-1
39, 18934.jpg,3,492,315,52,89,-1,-1,-1,-1
39, 18934.jpg,4,611,333,35,111,-1,-1,-1,-1
39, 18934.jpg,5,670,349,50,113,-1,-1,-1,-1
39, 18934.jpg,6,911,346,67,117,-1,-1,-1,-1
39, 18934.jpg,7,239,363,49,101,-1,-1,-1,-1
39, 18934.jpg,8,817,411,47,90,-1,-1,-1,-1
39, 18934.jpg,9,741,423,64,124,-1,-1,-1,-1
39, 18934.jpg,10,572,413,60,115,-1,-1,-1,-1
39, 18934.jpg,18,985,369,61,54,-1,-1,-1,-1
40, 18935.jpg,1,385,448,55,61,-1,-1,-1,-1
40, 18935.jpg,2,433,363,36,70,-1,-1,-1,-1
40, 18935.jpg,3,493,314,52,90,-1,-1,-1,-1
40, 18935.jpg,4,614,335,34,110,-1,-1,-1,-1
40, 18935.jpg,5,672,346,50,114,-1,-1,-1,-1
40, 18935.jpg,6,909,344,66,119,-1,-1,-1,-1
40, 18935.jpg,7,241,363,49,102,-1,-1,-1,-1
40, 18935.jpg,8,818,410,49,93,-1,-1,-1,-1
40, 18935.jpg,9,739,426,62,118,-1,-1,-1,-1
40, 18935.jpg,10,574,414,61,115,-1,-1,-1,-1
40, 18935.jpg,18,983,369,64,55,-1,-1,-1,-1
