2, 10332.jpg,1,532,251,56,78,-1,-1,-1,-1
2, 10332.jpg,2,785,371,32,120,-1,-1,-1,-1
2, 10332.jpg,3,377,337,51,85,-1,-1,-1,-1
2, 10332.jpg,4,351,381,45,104,-1,-1,-1,-1
2, 10332.jpg,5,316,313,49,103,-1,-1,-1,-1
2, 10332.jpg,6,1031,314,51,93,-1,-1,-1,-1
2, 10332.jpg,7,1091,375,42,109,-1,-1,-1,-1
2, 10332.jpg,8,690,379,60,116,-1,-1,-1,-1
2, 10332.jpg,9,563,352,44,88,-1,-1,-1,-1
2, 10332.jpg,10,995,414,45,112,-1,-1,-1,-1
3, 10333.jpg,1,530,250,56,79,-1,-1,-1,-1
3, 10333.jpg,2,785,364,30,108,-1,-1,-1,-1
3, 10333.jpg,3,380,338,51,86,-1,-1,-1,-1
3, 10333.jpg,4,352,382,45,103,-1,-1,-1,-1
3, 10333.jpg,5,311,313,51,106,-1,-1,-1,-1
3, 10333.jpg,6,1027,316,49,92,-1,-1,-1,-1
3, 10333.jpg,7,1086,375,42,109,-1,-1,-1,-1
3, 10333.jpg,8,685,381,59,115,-1,-1,-1,-1
3, 10333.jpg,9,560,354,45,89,-1,-1,-1,-1
3, 10333.jpg,10,993,414,45,112,-1,-1,-1,-1
4, 10334.jpg,2,785,364,28,102,-1,-1,-1,-1
4, 10334.jpg,3,384,341,49,82,-1,-1,-1,-1
4, 10334.jpg,4,351,382,44,103,-1,-1,-1,-1
4, 10334.jpg,5,308,314,51,107,-1,-1,-1,-1
4, 10334.jpg,6,1021,318,49,91,-1,-1,-1,-1
4, 10334.jpg,7,1082,373,42,110,-1,-1,-1,-1
4, 10334.jpg,8,678,382,61,119,-1,-1,-1,-1
4, 10334.jpg,9,558,357,46,91,-1,-1,-1,-1
4, 10334.jpg,10,991,414,46,112,-1,-1,-1,-1
5, 10335.jpg,3,389,342,46,74,-1,-1,-1,-1
5, 10335.jpg,4,350,382,44,103,-1,-1,-1,-1
5, 10335.jpg,5,307,316,51,105,-1,-1,-1,-1
5, 10335.jpg,6,1014,319,50,91,-1,-1,-1,-1
5, 10335.jpg,7,1078,374,43,110,-1,-1,-1,-1
5, 10335.jpg,8,671,383,63,121,-1,-1,-1,-1
5, 10335.jpg,9,557,357,45,91,-1,-1,-1,-1
5, 10335.jpg,10,990,416,46,111,-1,-1,-1,-1
6, 10336.jpg,2,772,339,39,144,-1,-1,-1,-1
6, 10336.jpg,3,391,343,47,74,-1,-1,-1,-1
6, 10336.jpg,4,348,381,45,105,-1,-1,-1,-1
6, 10336.jpg,5,307,319,49,101,-1,-1,-1,-1
6, 10336.jpg,6,1009,319,49,90,-1,-1,-1,-1
6, 10336.jpg,7,1074,373,44,111,-1,-1,-1,-1
6, 10336.jpg,8,664,386,63,118,-1,-1,-1,-1
6, 10336.jpg,9,553,358,47,96,-1,-1,-1,-1
6, 10336.jpg,10,988,415,47,115,-1,-1,-1,-1
7, 10337.jpg,2,770,344,38,138,-1,-1,-1,-1
7, 10337.jpg,3,389,343,53,83,-1,-1,-1,-1
7, 10337.jpg,4,348,382,45,105,-1,-1,-1,-1
7, 10337.jpg,5,307,321,49,99,-1,-1,-1,-1
7, 10337.jpg,6,1005,321,47,88,-1,-1,-1,-1
7, 10337.jpg,7,1071,373,44,110,-1,-1,-1,-1
7, 10337.jpg,8,659,389,63,117,-1,-1,-1,-1
7, 10337.jpg,9,550,362,45,93,-1,-1,-1,-1
7, 10337.jpg,10,988,415,47,115,-1,-1,-1,-1
8, 10338.jpg,1,515,255,52,73,-1,-1,-1,-1
8, 10338.jpg,2,765,350,40,146,-1,-1,-1,-1
8, 10338.jpg,3,390,345,54,86,-1,-1,-1,-1
8, 10338.jpg,4,347,382,44,104,-1,-1,-1,-1
8, 10338.jpg,5,305,322,49,97,-1,-1,-1,-1
8, 10338.jpg,6,999,322,49,90,-1,-1,-1,-1
8, 10338.jpg,7,1067,373,44,110,-1,-1,-1,-1
8, 10338.jpg,8,652,391,65,116,-1,-1,-1,-1
8, 10338.jpg,9,547,365,44,90,-1,-1,-1,-1
8, 10338.jpg,10,988,415,47,115,-1,-1,-1,-1
9, 10339.jpg,1,513,256,51,72,-1,-1,-1,-1
9, 10339.jpg,2,763,341,38,133,-1,-1,-1,-1
9, 10339.jpg,3,392,347,57,91,-1,-1,-1,-1
9, 10339.jpg,4,347,383,43,102,-1,-1,-1,-1
9, 10339.jpg,5,303,321,52,98,-1,-1,-1,-1
9, 10339.jpg,6,993,324,48,90,-1,-1,-1,-1
9, 10339.jpg,7,1065,372,45,113,-1,-1,-1,-1
9, 10339.jpg,8,647,390,67,117,-1,-1,-1,-1
9, 10339.jpg,9,540,369,45,91,-1,-1,-1,-1
9, 10339.jpg,10,987,412,48,118,-1,-1,-1,-1
10, 10340.jpg,2,763,324,31,107,-1,-1,-1,-1
10, 10340.jpg,3,393,348,57,93,-1,-1,-1,-1
10, 10340.jpg,4,346,384,43,102,-1,-1,-1,-1
10, 10340.jpg,5,300,320,55,100,-1,-1,-1,-1
10, 10340.jpg,6,988,326,48,89,-1,-1,-1,-1
10, 10340.jpg,7,1063,372,44,110,-1,-1,-1,-1
10, 10340.jpg,8,641,385,71,124,-1,-1,-1,-1
10, 10340.jpg,9,532,370,49,98,-1,-1,-1,-1
10, 10340.jpg,10,987,411,47,120,-1,-1,-1,-1
11, 10341.jpg,1,506,254,50,73,-1,-1,-1,-1
11, 10341.jpg,2,760,341,30,105,-1,-1,-1,-1
11, 10341.jpg,3,399,349,55,90,-1,-1,-1,-1
11, 10341.jpg,4,345,386,43,100,-1,-1,-1,-1
11, 10341.jpg,5,299,316,58,103,-1,-1,-1,-1
11, 10341.jpg,6,985,327,46,87,-1,-1,-1,-1
11, 10341.jpg,7,1061,373,44,109,-1,-1,-1,-1
11, 10341.jpg,8,632,380,74,127,-1,-1,-1,-1
11, 10341.jpg,9,528,372,52,103,-1,-1,-1,-1
11, 10341.jpg,10,986,414,46,116,-1,-1,-1,-1
12, 10342.jpg,1,504,252,50,74,-1,-1,-1,-1
12, 10342.jpg,2,758,323,27,91,-1,-1,-1,-1
12, 10342.jpg,3,402,350,55,88,-1,-1,-1,-1
12, 10342.jpg,4,344,386,43,100,-1,-1,-1,-1
12, 10342.jpg,5,298,317,60,102,-1,-1,-1,-1
12, 10342.jpg,6,979,326,46,87,-1,-1,-1,-1
12, 10342.jpg,7,1059,373,45,109,-1,-1,-1,-1
12, 10342.jpg,8,623,375,75,129,-1,-1,-1,-1
12, 10342.jpg,9,522,374,57,109,-1,-1,-1,-1
12, 10342.jpg,10,986,417,44,112,-1,-1,-1,-1
12, 10342.jpg,15,753,426,36,97,-1,-1,-1,-1
13, 10343.jpg,1,501,251,50,74,-1,-1,-1,-1
13, 10343.jpg,2,752,344,30,97,-1,-1,-1,-1
13, 10343.jpg,3,403,349,57,91,-1,-1,-1,-1
13, 10343.jpg,4,341,386,46,100,-1,-1,-1,-1
13, 10343.jpg,5,299,315,61,104,-1,-1,-1,-1
13, 10343.jpg,6,974,325,46,88,-1,-1,-1,-1
13, 10343.jpg,7,1057,373,45,108,-1,-1,-1,-1
13, 10343.jpg,8,616,371,75,132,-1,-1,-1,-1
13, 10343.jpg,9,520,375,57,112,-1,-1,-1,-1
13, 10343.jpg,10,984,419,44,109,-1,-1,-1,-1
13, 10343.jpg,15,752,428,34,92,-1,-1,-1,-1
14, 10344.jpg,1,499,248,51,77,-1,-1,-1,-1
14, 10344.jpg,2,751,326,29,92,-1,-1,-1,-1
14, 10344.jpg,3,407,350,58,92,-1,-1,-1,-1
14, 10344.jpg,4,340,386,46,100,-1,-1,-1,-1
14, 10344.jpg,5,302,316,61,101,-1,-1,-1,-1
14, 10344.jpg,6,970,324,47,89,-1,-1,-1,-1
14, 10344.jpg,7,1056,374,46,108,-1,-1,-1,-1
14, 10344.jpg,8,606,364,75,135,-1,-1,-1,-1
14, 10344.jpg,9,518,378,58,115,-1,-1,-1,-1
14, 10344.jpg,10,984,420,42,108,-1,-1,-1,-1
14, 10344.jpg,15,748,422,36,96,-1,-1,-1,-1
15, 10345.jpg,1,495,246,52,80,-1,-1,-1,-1
15, 10345.jpg,2,746,338,33,106,-1,-1,-1,-1
15, 10345.jpg,3,411,349,60,93,-1,-1,-1,-1
15, 10345.jpg,4,338,384,48,102,-1,-1,-1,-1
15, 10345.jpg,5,306,315,60,100,-1,-1,-1,-1
15, 10345.jpg,6,967,322,46,89,-1,-1,-1,-1
15, 10345.jpg,7,1053,372,47,106,-1,-1,-1,-1
15, 10345.jpg,8,604,367,71,130,-1,-1,-1,-1
15, 10345.jpg,9,519,382,56,111,-1,-1,-1,-1
15, 10345.jpg,10,981,418,44,111,-1,-1,-1,-1
15, 10345.jpg,15,742,409,42,113,-1,-1,-1,-1
16, 10346.jpg,1,492,246,53,82,-1,-1,-1,-1
16, 10346.jpg,2,743,347,33,107,-1,-1,-1,-1
16, 10346.jpg,3,415,348,62,94,-1,-1,-1,-1
16, 10346.jpg,4,338,381,49,103,-1,-1,-1,-1
16, 10346.jpg,5,310,313,60,100,-1,-1,-1,-1
16, 10346.jpg,6,962,321,47,89,-1,-1,-1,-1
16, 10346.jpg,7,1051,371,47,105,-1,-1,-1,-1
16, 10346.jpg,8,597,365,70,131,-1,-1,-1,-1
16, 10346.jpg,9,517,384,57,112,-1,-1,-1,-1
16, 10346.jpg,10,980,416,44,114,-1,-1,-1,-1
16, 10346.jpg,15,740,415,38,106,-1,-1,-1,-1
17, 10347.jpg,1,489,244,53,85,-1,-1,-1,-1
17, 10347.jpg,2,739,326,31,101,-1,-1,-1,-1
17, 10347.jpg,3,421,351,62,94,-1,-1,-1,-1
17, 10347.jpg,4,339,380,50,104,-1,-1,-1,-1
17, 10347.jpg,5,314,312,58,99,-1,-1,-1,-1
17, 10347.jpg,6,959,319,45,89,-1,-1,-1,-1
17, 10347.jpg,7,1048,370,47,104,-1,-1,-1,-1
17, 10347.jpg,8,591,359,71,139,-1,-1,-1,-1
17, 10347.jpg,9,515,389,56,108,-1,-1,-1,-1
17, 10347.jpg,10,979,416,45,116,-1,-1,-1,-1
17, 10347.jpg,15,731,395,47,129,-1,-1,-1,-1
18, 10348.jpg,1,487,242,53,84,-1,-1,-1,-1
18, 10348.jpg,2,735,316,30,94,-1,-1,-1,-1
18, 10348.jpg,3,430,357,57,90,-1,-1,-1,-1
18, 10348.jpg,4,341,379,50,106,-1,-1,-1,-1
18, 10348.jpg,5,316,309,60,101,-1,-1,-1,-1
18, 10348.jpg,6,955,319,46,89,-1,-1,-1,-1
18, 10348.jpg,7,1045,370,48,104,-1,-1,-1,-1
18, 10348.jpg,8,586,362,70,137,-1,-1,-1,-1
18, 10348.jpg,9,514,389,60,113,-1,-1,-1,-1
18, 10348.jpg,10,979,417,45,118,-1,-1,-1,-1
18, 10348.jpg,15,726,383,52,146,-1,-1,-1,-1
19, 10349.jpg,1,485,243,51,83,-1,-1,-1,-1
19, 10349.jpg,2,731,313,30,93,-1,-1,-1,-1
19, 10349.jpg,3,435,358,58,91,-1,-1,-1,-1
19, 10349.jpg,4,342,379,48,104,-1,-1,-1,-1
19, 10349.jpg,5,317,306,61,102,-1,-1,-1,-1
19, 10349.jpg,6,952,319,45,88,-1,-1,-1,-1
19, 10349.jpg,7,1043,370,49,104,-1,-1,-1,-1
19, 10349.jpg,8,579,360,68,139,-1,-1,-1,-1
19, 10349.jpg,9,518,391,62,118,-1,-1,-1,-1
19, 10349.jpg,10,978,419,45,117,-1,-1,-1,-1
19, 10349.jpg,15,724,389,50,142,-1,-1,-1,-1
20, 10350.jpg,1,483,244,51,82,-1,-1,-1,-1
20, 10350.jpg,2,728,310,30,90,-1,-1,-1,-1
20, 10350.jpg,3,438,359,59,91,-1,-1,-1,-1
20, 10350.jpg,4,343,379,47,102,-1,-1,-1,-1
20, 10350.jpg,5,318,305,62,101,-1,-1,-1,-1
20, 10350.jpg,6,946,318,46,89,-1,-1,-1,-1
20, 10350.jpg,7,1042,372,49,102,-1,-1,-1,-1
20, 10350.jpg,8,577,367,64,134,-1,-1,-1,-1
20, 10350.jpg,9,520,395,62,121,-1,-1,-1,-1
20, 10350.jpg,10,978,420,44,116,-1,-1,-1,-1
20, 10350.jpg,15,723,402,46,129,-1,-1,-1,-1
21, 10351.jpg,1,481,243,51,85,-1,-1,-1,-1
21, 10351.jpg,2,724,308,30,87,-1,-1,-1,-1
21, 10351.jpg,3,441,358,63,93,-1,-1,-1,-1
21, 10351.jpg,4,343,379,47,102,-1,-1,-1,-1
21, 10351.jpg,5,320,303,61,101,-1,-1,-1,-1
21, 10351.jpg,6,942,318,45,89,-1,-1,-1,-1
21, 10351.jpg,7,1040,373,48,101,-1,-1,-1,-1
21, 10351.jpg,8,558,380,61,127,-1,-1,-1,-1
21, 10351.jpg,9,521,396,61,122,-1,-1,-1,-1
21, 10351.jpg,10,977,422,44,113,-1,-1,-1,-1
21, 10351.jpg,15,719,405,45,128,-1,-1,-1,-1
22, 10352.jpg,1,480,243,52,85,-1,-1,-1,-1
22, 10352.jpg,2,719,329,33,95,-1,-1,-1,-1
22, 10352.jpg,3,448,358,67,95,-1,-1,-1,-1
22, 10352.jpg,4,342,380,48,100,-1,-1,-1,-1
22, 10352.jpg,5,320,303,63,102,-1,-1,-1,-1
22, 10352.jpg,6,938,319,45,87,-1,-1,-1,-1
22, 10352.jpg,7,1038,372,48,103,-1,-1,-1,-1
22, 10352.jpg,8,562,377,63,132,-1,-1,-1,-1
22, 10352.jpg,9,525,399,61,124,-1,-1,-1,-1
22, 10352.jpg,10,977,423,43,112,-1,-1,-1,-1
22, 10352.jpg,15,716,405,44,127,-1,-1,-1,-1
23, 10353.jpg,1,478,242,54,88,-1,-1,-1,-1
23, 10353.jpg,2,716,313,32,93,-1,-1,-1,-1
23, 10353.jpg,3,458,358,71,101,-1,-1,-1,-1
23, 10353.jpg,4,341,380,49,101,-1,-1,-1,-1
23, 10353.jpg,5,323,303,62,102,-1,-1,-1,-1
23, 10353.jpg,6,934,319,44,85,-1,-1,-1,-1
23, 10353.jpg,7,1035,372,48,103,-1,-1,-1,-1
23, 10353.jpg,8,554,386,59,125,-1,-1,-1,-1
23, 10353.jpg,9,529,401,57,121,-1,-1,-1,-1
23, 10353.jpg,10,977,423,43,112,-1,-1,-1,-1
23, 10353.jpg,15,712,405,45,130,-1,-1,-1,-1
24, 10354.jpg,1,475,242,55,89,-1,-1,-1,-1
24, 10354.jpg,2,711,311,34,99,-1,-1,-1,-1
24, 10354.jpg,3,464,363,68,98,-1,-1,-1,-1
24, 10354.jpg,4,342,381,49,100,-1,-1,-1,-1
24, 10354.jpg,5,327,303,62,103,-1,-1,-1,-1
24, 10354.jpg,6,930,321,43,83,-1,-1,-1,-1
24, 10354.jpg,7,1033,372,47,101,-1,-1,-1,-1
24, 10354.jpg,8,549,387,60,125,-1,-1,-1,-1
24, 10354.jpg,9,531,400,56,123,-1,-1,-1,-1
24, 10354.jpg,10,978,426,42,111,-1,-1,-1,-1
24, 10354.jpg,15,706,402,46,133,-1,-1,-1,-1
25, 10355.jpg,1,473,243,56,90,-1,-1,-1,-1
25, 10355.jpg,2,704,303,37,110,-1,-1,-1,-1
25, 10355.jpg,3,473,367,62,92,-1,-1,-1,-1
25, 10355.jpg,4,344,383,48,98,-1,-1,-1,-1
25, 10355.jpg,5,331,301,63,107,-1,-1,-1,-1
25, 10355.jpg,6,927,324,42,79,-1,-1,-1,-1
25, 10355.jpg,7,1029,372,47,99,-1,-1,-1,-1
25, 10355.jpg,8,541,383,63,127,-1,-1,-1,-1
25, 10355.jpg,9,530,401,58,125,-1,-1,-1,-1
25, 10355.jpg,10,977,429,43,107,-1,-1,-1,-1
25, 10355.jpg,15,702,399,44,131,-1,-1,-1,-1
26, 10356.jpg,1,472,244,56,91,-1,-1,-1,-1
26, 10356.jpg,2,701,305,35,106,-1,-1,-1,-1
26, 10356.jpg,3,482,368,61,94,-1,-1,-1,-1
26, 10356.jpg,4,345,382,48,100,-1,-1,-1,-1
26, 10356.jpg,5,334,301,60,106,-1,-1,-1,-1
26, 10356.jpg,6,921,325,42,78,-1,-1,-1,-1
26, 10356.jpg,7,1026,371,46,99,-1,-1,-1,-1
26, 10356.jpg,8,532,383,64,128,-1,-1,-1,-1
26, 10356.jpg,10,976,431,44,105,-1,-1,-1,-1
26, 10356.jpg,15,699,405,42,124,-1,-1,-1,-1
27, 10357.jpg,1,471,244,56,91,-1,-1,-1,-1
27, 10357.jpg,2,693,314,41,123,-1,-1,-1,-1
27, 10357.jpg,3,487,370,61,94,-1,-1,-1,-1
27, 10357.jpg,4,346,382,48,101,-1,-1,-1,-1
27, 10357.jpg,5,334,301,60,106,-1,-1,-1,-1
27, 10357.jpg,6,915,326,43,78,-1,-1,-1,-1
27, 10357.jpg,7,1023,370,45,98,-1,-1,-1,-1
27, 10357.jpg,8,537,391,59,116,-1,-1,-1,-1
27, 10357.jpg,9,516,379,58,121,-1,-1,-1,-1
27, 10357.jpg,10,976,433,45,103,-1,-1,-1,-1
27, 10357.jpg,15,693,403,41,124,-1,-1,-1,-1
28, 10358.jpg,1,472,246,54,88,-1,-1,-1,-1
28, 10358.jpg,2,696,311,37,106,-1,-1,-1,-1
28, 10358.jpg,3,487,364,63,99,-1,-1,-1,-1
28, 10358.jpg,4,347,380,50,103,-1,-1,-1,-1
28, 10358.jpg,5,336,299,59,105,-1,-1,-1,-1
28, 10358.jpg,6,912,326,43,78,-1,-1,-1,-1
28, 10358.jpg,7,1020,368,45,97,-1,-1,-1,-1
28, 10358.jpg,8,519,376,67,129,-1,-1,-1,-1
28, 10358.jpg,9,515,379,58,121,-1,-1,-1,-1
28, 10358.jpg,10,976,434,48,102,-1,-1,-1,-1
28, 10358.jpg,15,688,401,41,121,-1,-1,-1,-1
29, 10359.jpg,1,471,246,53,88,-1,-1,-1,-1
29, 10359.jpg,2,695,310,34,93,-1,-1,-1,-1
29, 10359.jpg,3,492,365,63,100,-1,-1,-1,-1
29, 10359.jpg,4,347,379,54,105,-1,-1,-1,-1
29, 10359.jpg,5,339,297,58,105,-1,-1,-1,-1
29, 10359.jpg,6,908,326,44,78,-1,-1,-1,-1
29, 10359.jpg,7,1020,367,45,96,-1,-1,-1,-1
29, 10359.jpg,8,500,369,66,129,-1,-1,-1,-1
29, 10359.jpg,10,974,434,51,103,-1,-1,-1,-1
29, 10359.jpg,15,685,395,42,129,-1,-1,-1,-1
30, 10360.jpg,1,470,244,53,90,-1,-1,-1,-1
30, 10360.jpg,2,692,311,35,88,-1,-1,-1,-1
30, 10360.jpg,4,345,378,56,105,-1,-1,-1,-1
30, 10360.jpg,5,341,297,61,107,-1,-1,-1,-1
30, 10360.jpg,6,903,325,44,79,-1,-1,-1,-1
30, 10360.jpg,7,1018,365,47,98,-1,-1,-1,-1
30, 10360.jpg,8,495,366,66,129,-1,-1,-1,-1
30, 10360.jpg,10,973,432,54,107,-1,-1,-1,-1
30, 10360.jpg,15,680,391,43,137,-1,-1,-1,-1
31, 10361.jpg,1,468,242,55,96,-1,-1,-1,-1
31, 10361.jpg,2,693,312,35,82,-1,-1,-1,-1
31, 10361.jpg,4,343,380,57,102,-1,-1,-1,-1
31, 10361.jpg,5,341,297,61,106,-1,-1,-1,-1
31, 10361.jpg,6,897,324,45,81,-1,-1,-1,-1
31, 10361.jpg,7,1016,365,48,97,-1,-1,-1,-1
31, 10361.jpg,8,502,367,65,126,-1,-1,-1,-1
31, 10361.jpg,10,975,431,54,108,-1,-1,-1,-1
31, 10361.jpg,15,673,380,46,147,-1,-1,-1,-1
32, 10362.jpg,1,466,241,57,99,-1,-1,-1,-1
32, 10362.jpg,2,689,312,38,83,-1,-1,-1,-1
32, 10362.jpg,4,342,379,59,103,-1,-1,-1,-1
32, 10362.jpg,5,343,297,61,108,-1,-1,-1,-1
32, 10362.jpg,6,895,323,43,80,-1,-1,-1,-1
32, 10362.jpg,7,1009,363,49,96,-1,-1,-1,-1
32, 10362.jpg,8,505,369,66,127,-1,-1,-1,-1
32, 10362.jpg,10,976,427,57,113,-1,-1,-1,-1
32, 10362.jpg,15,671,383,42,139,-1,-1,-1,-1
33, 10363.jpg,1,465,240,57,102,-1,-1,-1,-1
33, 10363.jpg,2,691,313,38,79,-1,-1,-1,-1
33, 10363.jpg,4,341,377,62,108,-1,-1,-1,-1
33, 10363.jpg,5,345,298,60,106,-1,-1,-1,-1
33, 10363.jpg,6,890,322,43,80,-1,-1,-1,-1
33, 10363.jpg,7,1004,360,49,95,-1,-1,-1,-1
33, 10363.jpg,8,514,365,70,137,-1,-1,-1,-1
33, 10363.jpg,9,481,372,56,119,-1,-1,-1,-1
33, 10363.jpg,10,981,427,57,114,-1,-1,-1,-1
33, 10363.jpg,15,669,385,41,134,-1,-1,-1,-1
34, 10364.jpg,1,465,240,55,101,-1,-1,-1,-1
34, 10364.jpg,2,688,309,41,83,-1,-1,-1,-1
34, 10364.jpg,3,512,353,46,77,-1,-1,-1,-1
34, 10364.jpg,4,343,377,60,107,-1,-1,-1,-1
34, 10364.jpg,5,352,298,54,98,-1,-1,-1,-1
34, 10364.jpg,6,885,320,43,82,-1,-1,-1,-1
34, 10364.jpg,7,999,360,51,94,-1,-1,-1,-1
34, 10364.jpg,8,524,368,70,133,-1,-1,-1,-1
34, 10364.jpg,9,488,366,56,116,-1,-1,-1,-1
34, 10364.jpg,10,984,427,57,116,-1,-1,-1,-1
34, 10364.jpg,15,662,372,45,147,-1,-1,-1,-1
35, 10365.jpg,1,466,240,53,100,-1,-1,-1,-1
35, 10365.jpg,2,682,306,44,85,-1,-1,-1,-1
35, 10365.jpg,3,516,353,46,75,-1,-1,-1,-1
35, 10365.jpg,4,344,374,59,109,-1,-1,-1,-1
35, 10365.jpg,5,355,298,52,96,-1,-1,-1,-1
35, 10365.jpg,6,880,319,43,81,-1,-1,-1,-1
35, 10365.jpg,7,995,359,53,96,-1,-1,-1,-1
35, 10365.jpg,8,529,371,71,136,-1,-1,-1,-1
35, 10365.jpg,9,468,370,57,118,-1,-1,-1,-1
35, 10365.jpg,10,988,428,56,118,-1,-1,-1,-1
35, 10365.jpg,15,660,376,42,138,-1,-1,-1,-1
36, 10366.jpg,1,466,241,52,101,-1,-1,-1,-1
36, 10366.jpg,2,682,305,45,84,-1,-1,-1,-1
36, 10366.jpg,4,345,376,58,110,-1,-1,-1,-1
36, 10366.jpg,5,356,297,53,99,-1,-1,-1,-1
36, 10366.jpg,6,873,318,43,81,-1,-1,-1,-1
36, 10366.jpg,7,994,359,52,94,-1,-1,-1,-1
36, 10366.jpg,8,529,374,74,141,-1,-1,-1,-1
36, 10366.jpg,9,454,374,54,115,-1,-1,-1,-1
36, 10366.jpg,10,990,431,54,112,-1,-1,-1,-1
36, 10366.jpg,15,655,373,42,137,-1,-1,-1,-1
37, 10367.jpg,1,467,242,50,99,-1,-1,-1,-1
37, 10367.jpg,2,681,304,46,85,-1,-1,-1,-1
37, 10367.jpg,3,524,353,49,78,-1,-1,-1,-1
37, 10367.jpg,4,345,376,57,111,-1,-1,-1,-1
37, 10367.jpg,5,357,294,55,105,-1,-1,-1,-1
37, 10367.jpg,6,867,316,44,82,-1,-1,-1,-1
37, 10367.jpg,7,989,358,52,91,-1,-1,-1,-1
37, 10367.jpg,8,530,377,73,141,-1,-1,-1,-1
37, 10367.jpg,9,443,373,56,121,-1,-1,-1,-1
37, 10367.jpg,10,993,434,50,104,-1,-1,-1,-1
37, 10367.jpg,15,653,379,39,125,-1,-1,-1,-1
38, 10368.jpg,1,470,244,46,94,-1,-1,-1,-1
38, 10368.jpg,2,680,303,47,85,-1,-1,-1,-1
38, 10368.jpg,3,526,355,53,84,-1,-1,-1,-1
38, 10368.jpg,4,346,375,58,116,-1,-1,-1,-1
38, 10368.jpg,5,356,291,58,109,-1,-1,-1,-1
38, 10368.jpg,6,860,315,47,85,-1,-1,-1,-1
38, 10368.jpg,7,984,359,54,90,-1,-1,-1,-1
38, 10368.jpg,8,530,382,73,143,-1,-1,-1,-1
38, 10368.jpg,9,436,377,57,124,-1,-1,-1,-1
38, 10368.jpg,10,994,438,48,101,-1,-1,-1,-1
38, 10368.jpg,15,650,388,35,106,-1,-1,-1,-1
39, 10369.jpg,1,470,243,46,94,-1,-1,-1,-1
39, 10369.jpg,2,681,302,47,84,-1,-1,-1,-1
39, 10369.jpg,3,525,356,59,95,-1,-1,-1,-1
39, 10369.jpg,4,348,374,58,120,-1,-1,-1,-1
39, 10369.jpg,5,356,288,60,115,-1,-1,-1,-1
39, 10369.jpg,6,854,315,46,83,-1,-1,-1,-1
39, 10369.jpg,7,980,359,53,88,-1,-1,-1,-1
39, 10369.jpg,8,531,385,74,149,-1,-1,-1,-1
39, 10369.jpg,9,428,382,56,121,-1,-1,-1,-1
39, 10369.jpg,10,997,439,46,97,-1,-1,-1,-1
39, 10369.jpg,15,645,364,33,102,-1,-1,-1,-1
40, 10370.jpg,1,470,241,47,97,-1,-1,-1,-1
40, 10370.jpg,2,682,301,47,86,-1,-1,-1,-1
40, 10370.jpg,3,526,357,58,97,-1,-1,-1,-1
40, 10370.jpg,4,349,376,57,119,-1,-1,-1,-1
40, 10370.jpg,5,357,288,60,113,-1,-1,-1,-1
40, 10370.jpg,6,849,315,48,85,-1,-1,-1,-1
40, 10370.jpg,7,975,359,50,81,-1,-1,-1,-1
40, 10370.jpg,8,536,400,70,141,-1,-1,-1,-1
40, 10370.jpg,9,421,388,53,115,-1,-1,-1,-1
40, 10370.jpg,10,996,439,45,96,-1,-1,-1,-1
40, 10370.jpg,15,636,357,34,102,-1,-1,-1,-1
