2, 49467.jpg,1,747,392,39,107,-1,-1,-1,-1
2, 49467.jpg,3,753,356,93,89,-1,-1,-1,-1
2, 49467.jpg,4,818,342,67,49,-1,-1,-1,-1
2, 49467.jpg,5,506,373,50,96,-1,-1,-1,-1
2, 49467.jpg,7,614,423,38,122,-1,-1,-1,-1
2, 49467.jpg,8,461,490,91,116,-1,-1,-1,-1
2, 49467.jpg,9,899,407,56,108,-1,-1,-1,-1
2, 49467.jpg,10,410,336,38,98,-1,-1,-1,-1
2, 49467.jpg,11,700,326,40,102,-1,-1,-1,-1
3, 49468.jpg,1,749,390,41,110,-1,-1,-1,-1
3, 49468.jpg,3,757,359,87,84,-1,-1,-1,-1
3, 49468.jpg,4,817,341,71,52,-1,-1,-1,-1
3, 49468.jpg,5,504,359,51,96,-1,-1,-1,-1
3, 49468.jpg,7,620,424,38,122,-1,-1,-1,-1
3, 49468.jpg,8,460,487,93,119,-1,-1,-1,-1
3, 49468.jpg,9,902,407,56,107,-1,-1,-1,-1
3, 49468.jpg,10,415,339,37,95,-1,-1,-1,-1
3, 49468.jpg,11,704,324,40,103,-1,-1,-1,-1
3, 49468.jpg,12,315,341,46,106,-1,-1,-1,-1
4, 49469.jpg,1,753,387,41,111,-1,-1,-1,-1
4, 49469.jpg,3,759,357,92,90,-1,-1,-1,-1
4, 49469.jpg,4,823,342,70,52,-1,-1,-1,-1
4, 49469.jpg,5,509,373,49,92,-1,-1,-1,-1
4, 49469.jpg,7,625,422,39,124,-1,-1,-1,-1
4, 49469.jpg,8,458,483,96,123,-1,-1,-1,-1
4, 49469.jpg,9,905,407,54,106,-1,-1,-1,-1
4, 49469.jpg,10,416,339,37,94,-1,-1,-1,-1
4, 49469.jpg,11,708,323,41,105,-1,-1,-1,-1
4, 49469.jpg,12,313,333,47,109,-1,-1,-1,-1
5, 49470.jpg,1,758,385,41,110,-1,-1,-1,-1
5, 49470.jpg,3,762,358,90,88,-1,-1,-1,-1
5, 49470.jpg,4,832,342,65,49,-1,-1,-1,-1
5, 49470.jpg,5,512,379,49,89,-1,-1,-1,-1
5, 49470.jpg,7,631,422,39,124,-1,-1,-1,-1
5, 49470.jpg,8,456,479,96,127,-1,-1,-1,-1
5, 49470.jpg,9,909,406,51,104,-1,-1,-1,-1
5, 49470.jpg,10,420,338,37,96,-1,-1,-1,-1
5, 49470.jpg,11,712,324,41,105,-1,-1,-1,-1
5, 49470.jpg,12,317,331,45,107,-1,-1,-1,-1
5, 49470.jpg,14,352,371,52,106,-1,-1,-1,-1
6, 49471.jpg,1,763,384,40,108,-1,-1,-1,-1
6, 49471.jpg,3,768,358,87,86,-1,-1,-1,-1
6, 49471.jpg,4,836,342,65,49,-1,-1,-1,-1
6, 49471.jpg,5,514,381,49,89,-1,-1,-1,-1
6, 49471.jpg,7,637,423,39,123,-1,-1,-1,-1
6, 49471.jpg,8,457,477,92,124,-1,-1,-1,-1
6, 49471.jpg,9,911,405,51,103,-1,-1,-1,-1
6, 49471.jpg,10,423,338,37,95,-1,-1,-1,-1
6, 49471.jpg,11,717,323,40,105,-1,-1,-1,-1
6, 49471.jpg,12,321,332,44,104,-1,-1,-1,-1
6, 49471.jpg,14,356,370,53,108,-1,-1,-1,-1
6, 49471.jpg,15,493,320,62,93,-1,-1,-1,-1
7, 49472.jpg,1,776,375,39,102,-1,-1,-1,-1
7, 49472.jpg,3,771,359,86,85,-1,-1,-1,-1
7, 49472.jpg,4,838,342,65,50,-1,-1,-1,-1
7, 49472.jpg,5,514,380,50,90,-1,-1,-1,-1
7, 49472.jpg,7,641,420,40,127,-1,-1,-1,-1
7, 49472.jpg,8,457,474,90,126,-1,-1,-1,-1
7, 49472.jpg,9,912,403,50,103,-1,-1,-1,-1
7, 49472.jpg,10,426,338,36,94,-1,-1,-1,-1
7, 49472.jpg,11,720,323,41,105,-1,-1,-1,-1
7, 49472.jpg,12,324,333,43,104,-1,-1,-1,-1
7, 49472.jpg,14,359,372,52,106,-1,-1,-1,-1
7, 49472.jpg,15,494,319,60,92,-1,-1,-1,-1
8, 49473.jpg,1,773,371,43,113,-1,-1,-1,-1
8, 49473.jpg,4,840,341,66,51,-1,-1,-1,-1
8, 49473.jpg,5,514,377,55,94,-1,-1,-1,-1
8, 49473.jpg,7,645,419,41,128,-1,-1,-1,-1
8, 49473.jpg,8,457,471,89,129,-1,-1,-1,-1
8, 49473.jpg,9,913,402,50,104,-1,-1,-1,-1
8, 49473.jpg,10,428,338,36,93,-1,-1,-1,-1
8, 49473.jpg,11,723,322,41,105,-1,-1,-1,-1
8, 49473.jpg,12,328,335,42,104,-1,-1,-1,-1
8, 49473.jpg,14,364,372,52,104,-1,-1,-1,-1
8, 49473.jpg,15,494,317,61,93,-1,-1,-1,-1
9, 49474.jpg,1,777,369,43,112,-1,-1,-1,-1
9, 49474.jpg,4,845,343,63,49,-1,-1,-1,-1
9, 49474.jpg,5,517,375,55,93,-1,-1,-1,-1
9, 49474.jpg,7,650,418,42,129,-1,-1,-1,-1
9, 49474.jpg,8,459,471,85,127,-1,-1,-1,-1
9, 49474.jpg,9,914,402,50,102,-1,-1,-1,-1
9, 49474.jpg,10,429,338,37,94,-1,-1,-1,-1
9, 49474.jpg,11,726,322,41,107,-1,-1,-1,-1
9, 49474.jpg,12,332,338,41,102,-1,-1,-1,-1
9, 49474.jpg,14,370,371,52,106,-1,-1,-1,-1
9, 49474.jpg,15,498,317,62,96,-1,-1,-1,-1
10, 49475.jpg,1,776,375,41,109,-1,-1,-1,-1
10, 49475.jpg,4,850,344,61,47,-1,-1,-1,-1
10, 49475.jpg,5,516,375,53,90,-1,-1,-1,-1
10, 49475.jpg,7,656,419,41,125,-1,-1,-1,-1
10, 49475.jpg,8,461,473,80,124,-1,-1,-1,-1
10, 49475.jpg,9,916,402,49,103,-1,-1,-1,-1
10, 49475.jpg,10,431,339,38,94,-1,-1,-1,-1
10, 49475.jpg,11,731,323,40,104,-1,-1,-1,-1
10, 49475.jpg,12,336,342,39,97,-1,-1,-1,-1
10, 49475.jpg,14,375,373,51,105,-1,-1,-1,-1
10, 49475.jpg,15,501,317,62,96,-1,-1,-1,-1
10, 49475.jpg,16,789,361,56,83,-1,-1,-1,-1
11, 49476.jpg,1,779,374,41,109,-1,-1,-1,-1
11, 49476.jpg,4,852,343,62,48,-1,-1,-1,-1
11, 49476.jpg,5,507,345,69,117,-1,-1,-1,-1
11, 49476.jpg,7,659,413,45,136,-1,-1,-1,-1
11, 49476.jpg,8,462,475,77,123,-1,-1,-1,-1
11, 49476.jpg,9,917,401,50,103,-1,-1,-1,-1
11, 49476.jpg,10,435,341,37,92,-1,-1,-1,-1
11, 49476.jpg,11,734,323,40,104,-1,-1,-1,-1
11, 49476.jpg,12,339,346,39,96,-1,-1,-1,-1
11, 49476.jpg,14,383,373,51,105,-1,-1,-1,-1
11, 49476.jpg,15,499,316,63,99,-1,-1,-1,-1
11, 49476.jpg,16,785,359,59,89,-1,-1,-1,-1
12, 49477.jpg,1,792,363,39,103,-1,-1,-1,-1
12, 49477.jpg,4,853,343,63,49,-1,-1,-1,-1
12, 49477.jpg,5,507,339,68,119,-1,-1,-1,-1
12, 49477.jpg,7,663,414,44,136,-1,-1,-1,-1
12, 49477.jpg,8,462,474,75,124,-1,-1,-1,-1
12, 49477.jpg,9,920,401,49,102,-1,-1,-1,-1
12, 49477.jpg,10,437,342,37,92,-1,-1,-1,-1
12, 49477.jpg,11,737,323,39,103,-1,-1,-1,-1
12, 49477.jpg,12,341,347,39,96,-1,-1,-1,-1
12, 49477.jpg,14,389,373,51,106,-1,-1,-1,-1
12, 49477.jpg,15,502,319,58,93,-1,-1,-1,-1
12, 49477.jpg,16,784,358,61,91,-1,-1,-1,-1
13, 49478.jpg,1,789,368,41,109,-1,-1,-1,-1
13, 49478.jpg,4,854,343,66,52,-1,-1,-1,-1
13, 49478.jpg,5,512,359,56,100,-1,-1,-1,-1
13, 49478.jpg,7,668,415,43,129,-1,-1,-1,-1
13, 49478.jpg,8,462,473,73,124,-1,-1,-1,-1
13, 49478.jpg,9,920,400,50,104,-1,-1,-1,-1
13, 49478.jpg,10,439,342,37,94,-1,-1,-1,-1
13, 49478.jpg,11,738,322,39,104,-1,-1,-1,-1
13, 49478.jpg,12,344,347,40,100,-1,-1,-1,-1
13, 49478.jpg,14,393,372,51,106,-1,-1,-1,-1
13, 49478.jpg,15,508,324,52,84,-1,-1,-1,-1
13, 49478.jpg,16,794,358,57,87,-1,-1,-1,-1
14, 49479.jpg,1,799,366,39,103,-1,-1,-1,-1
14, 49479.jpg,4,858,347,62,48,-1,-1,-1,-1
14, 49479.jpg,5,512,366,53,96,-1,-1,-1,-1
14, 49479.jpg,7,672,416,43,125,-1,-1,-1,-1
14, 49479.jpg,8,460,469,72,126,-1,-1,-1,-1
14, 49479.jpg,9,921,398,49,106,-1,-1,-1,-1
14, 49479.jpg,10,441,342,37,94,-1,-1,-1,-1
14, 49479.jpg,11,740,322,39,105,-1,-1,-1,-1
14, 49479.jpg,12,347,347,40,100,-1,-1,-1,-1
14, 49479.jpg,14,398,372,50,108,-1,-1,-1,-1
14, 49479.jpg,15,507,326,47,78,-1,-1,-1,-1
14, 49479.jpg,16,796,357,58,88,-1,-1,-1,-1
15, 49480.jpg,1,805,367,36,92,-1,-1,-1,-1
15, 49480.jpg,4,862,350,61,46,-1,-1,-1,-1
15, 49480.jpg,5,512,360,53,98,-1,-1,-1,-1
15, 49480.jpg,7,676,416,42,122,-1,-1,-1,-1
15, 49480.jpg,8,459,465,73,129,-1,-1,-1,-1
15, 49480.jpg,9,921,396,47,107,-1,-1,-1,-1
15, 49480.jpg,10,443,345,36,91,-1,-1,-1,-1
15, 49480.jpg,11,742,323,39,104,-1,-1,-1,-1
15, 49480.jpg,12,350,347,39,98,-1,-1,-1,-1
15, 49480.jpg,14,403,371,49,108,-1,-1,-1,-1
15, 49480.jpg,15,510,328,44,73,-1,-1,-1,-1
16, 49481.jpg,1,809,364,34,85,-1,-1,-1,-1
16, 49481.jpg,4,865,351,60,45,-1,-1,-1,-1
16, 49481.jpg,5,512,359,54,98,-1,-1,-1,-1
16, 49481.jpg,7,678,418,43,120,-1,-1,-1,-1
16, 49481.jpg,8,458,460,72,132,-1,-1,-1,-1
16, 49481.jpg,9,920,397,45,103,-1,-1,-1,-1
16, 49481.jpg,10,444,345,36,92,-1,-1,-1,-1
16, 49481.jpg,11,745,324,39,102,-1,-1,-1,-1
16, 49481.jpg,12,352,346,39,100,-1,-1,-1,-1
16, 49481.jpg,14,408,371,47,106,-1,-1,-1,-1
16, 49481.jpg,15,509,337,46,76,-1,-1,-1,-1
17, 49482.jpg,1,811,364,34,86,-1,-1,-1,-1
17, 49482.jpg,4,867,354,60,43,-1,-1,-1,-1
17, 49482.jpg,5,507,354,57,106,-1,-1,-1,-1
17, 49482.jpg,7,682,417,44,119,-1,-1,-1,-1
17, 49482.jpg,8,458,460,70,131,-1,-1,-1,-1
17, 49482.jpg,9,920,397,44,101,-1,-1,-1,-1
17, 49482.jpg,10,437,353,39,97,-1,-1,-1,-1
17, 49482.jpg,11,747,325,38,101,-1,-1,-1,-1
17, 49482.jpg,12,354,346,40,102,-1,-1,-1,-1
17, 49482.jpg,14,411,371,46,106,-1,-1,-1,-1
17, 49482.jpg,15,510,339,45,75,-1,-1,-1,-1
18, 49483.jpg,1,811,365,35,88,-1,-1,-1,-1
18, 49483.jpg,4,867,356,61,43,-1,-1,-1,-1
18, 49483.jpg,5,505,350,58,111,-1,-1,-1,-1
18, 49483.jpg,7,684,413,46,123,-1,-1,-1,-1
18, 49483.jpg,8,458,460,65,126,-1,-1,-1,-1
18, 49483.jpg,9,918,396,42,99,-1,-1,-1,-1
18, 49483.jpg,10,442,349,39,96,-1,-1,-1,-1
18, 49483.jpg,11,748,325,38,100,-1,-1,-1,-1
18, 49483.jpg,12,355,346,41,104,-1,-1,-1,-1
18, 49483.jpg,14,424,361,47,108,-1,-1,-1,-1
19, 49484.jpg,1,806,366,40,97,-1,-1,-1,-1
19, 49484.jpg,4,867,357,61,42,-1,-1,-1,-1
19, 49484.jpg,5,503,349,59,112,-1,-1,-1,-1
19, 49484.jpg,7,685,411,47,125,-1,-1,-1,-1
19, 49484.jpg,8,457,461,60,118,-1,-1,-1,-1
19, 49484.jpg,9,917,395,41,99,-1,-1,-1,-1
19, 49484.jpg,10,441,348,40,100,-1,-1,-1,-1
19, 49484.jpg,11,748,325,38,100,-1,-1,-1,-1
19, 49484.jpg,12,359,345,40,104,-1,-1,-1,-1
19, 49484.jpg,14,429,359,48,109,-1,-1,-1,-1
20, 49485.jpg,1,804,365,42,101,-1,-1,-1,-1
20, 49485.jpg,4,868,357,61,41,-1,-1,-1,-1
20, 49485.jpg,5,500,346,61,117,-1,-1,-1,-1
20, 49485.jpg,7,688,410,47,124,-1,-1,-1,-1
20, 49485.jpg,8,454,457,59,118,-1,-1,-1,-1
20, 49485.jpg,9,915,393,42,101,-1,-1,-1,-1
20, 49485.jpg,10,433,353,45,112,-1,-1,-1,-1
20, 49485.jpg,11,748,325,38,100,-1,-1,-1,-1
20, 49485.jpg,12,363,345,39,103,-1,-1,-1,-1
21, 49486.jpg,1,798,368,43,103,-1,-1,-1,-1
21, 49486.jpg,4,868,357,62,42,-1,-1,-1,-1
21, 49486.jpg,5,499,344,62,120,-1,-1,-1,-1
21, 49486.jpg,7,692,409,46,123,-1,-1,-1,-1
21, 49486.jpg,8,453,455,56,118,-1,-1,-1,-1
21, 49486.jpg,9,912,392,44,103,-1,-1,-1,-1
21, 49486.jpg,10,431,354,48,117,-1,-1,-1,-1
21, 49486.jpg,11,748,326,38,99,-1,-1,-1,-1
21, 49486.jpg,12,366,347,38,100,-1,-1,-1,-1
21, 49486.jpg,16,812,365,51,81,-1,-1,-1,-1
22, 49487.jpg,1,802,366,42,102,-1,-1,-1,-1
22, 49487.jpg,4,867,357,64,43,-1,-1,-1,-1
22, 49487.jpg,5,497,346,61,118,-1,-1,-1,-1
22, 49487.jpg,7,696,409,45,121,-1,-1,-1,-1
22, 49487.jpg,8,451,452,56,119,-1,-1,-1,-1
22, 49487.jpg,9,911,391,44,104,-1,-1,-1,-1
22, 49487.jpg,10,430,354,51,121,-1,-1,-1,-1
22, 49487.jpg,11,748,326,37,99,-1,-1,-1,-1
22, 49487.jpg,12,368,347,37,99,-1,-1,-1,-1
22, 49487.jpg,16,814,365,51,81,-1,-1,-1,-1
23, 49488.jpg,1,803,366,43,100,-1,-1,-1,-1
23, 49488.jpg,4,866,355,66,45,-1,-1,-1,-1
23, 49488.jpg,5,498,347,59,115,-1,-1,-1,-1
23, 49488.jpg,7,701,409,42,116,-1,-1,-1,-1
23, 49488.jpg,8,447,447,56,120,-1,-1,-1,-1
23, 49488.jpg,9,910,390,44,103,-1,-1,-1,-1
23, 49488.jpg,10,427,352,53,127,-1,-1,-1,-1
23, 49488.jpg,11,748,326,38,99,-1,-1,-1,-1
23, 49488.jpg,12,369,347,38,99,-1,-1,-1,-1
23, 49488.jpg,15,501,337,45,79,-1,-1,-1,-1
24, 49489.jpg,1,806,365,41,95,-1,-1,-1,-1
24, 49489.jpg,4,866,354,70,49,-1,-1,-1,-1
24, 49489.jpg,5,495,346,61,115,-1,-1,-1,-1
24, 49489.jpg,7,703,408,42,116,-1,-1,-1,-1
24, 49489.jpg,8,444,439,57,125,-1,-1,-1,-1
24, 49489.jpg,9,908,388,45,103,-1,-1,-1,-1
24, 49489.jpg,10,428,352,53,126,-1,-1,-1,-1
24, 49489.jpg,11,748,327,38,97,-1,-1,-1,-1
24, 49489.jpg,12,370,346,38,101,-1,-1,-1,-1
24, 49489.jpg,15,500,337,45,80,-1,-1,-1,-1
25, 49490.jpg,1,806,364,40,93,-1,-1,-1,-1
25, 49490.jpg,4,865,353,77,55,-1,-1,-1,-1
25, 49490.jpg,5,493,345,61,116,-1,-1,-1,-1
25, 49490.jpg,7,706,407,41,115,-1,-1,-1,-1
25, 49490.jpg,8,440,439,57,123,-1,-1,-1,-1
25, 49490.jpg,9,903,385,46,106,-1,-1,-1,-1
25, 49490.jpg,10,429,350,55,128,-1,-1,-1,-1
25, 49490.jpg,11,748,326,37,98,-1,-1,-1,-1
25, 49490.jpg,12,371,346,39,101,-1,-1,-1,-1
26, 49491.jpg,1,806,363,42,97,-1,-1,-1,-1
26, 49491.jpg,4,864,351,79,59,-1,-1,-1,-1
26, 49491.jpg,5,491,346,60,114,-1,-1,-1,-1
26, 49491.jpg,7,708,404,42,117,-1,-1,-1,-1
26, 49491.jpg,8,440,440,54,116,-1,-1,-1,-1
26, 49491.jpg,9,901,384,45,105,-1,-1,-1,-1
26, 49491.jpg,10,430,351,55,130,-1,-1,-1,-1
26, 49491.jpg,11,747,325,38,98,-1,-1,-1,-1
26, 49491.jpg,12,375,347,40,101,-1,-1,-1,-1
26, 49491.jpg,14,407,350,53,116,-1,-1,-1,-1
26, 49491.jpg,16,815,363,48,79,-1,-1,-1,-1
27, 49492.jpg,1,798,365,44,103,-1,-1,-1,-1
27, 49492.jpg,3,873,351,60,61,-1,-1,-1,-1
27, 49492.jpg,4,864,351,81,60,-1,-1,-1,-1
27, 49492.jpg,5,490,345,61,114,-1,-1,-1,-1
27, 49492.jpg,7,711,403,42,116,-1,-1,-1,-1
27, 49492.jpg,8,436,434,55,120,-1,-1,-1,-1
27, 49492.jpg,9,900,383,43,100,-1,-1,-1,-1
27, 49492.jpg,11,747,325,38,98,-1,-1,-1,-1
27, 49492.jpg,12,377,347,41,102,-1,-1,-1,-1
27, 49492.jpg,14,419,351,53,118,-1,-1,-1,-1
27, 49492.jpg,16,816,363,46,79,-1,-1,-1,-1
28, 49493.jpg,1,805,363,44,98,-1,-1,-1,-1
28, 49493.jpg,3,877,351,57,62,-1,-1,-1,-1
28, 49493.jpg,5,490,347,60,111,-1,-1,-1,-1
28, 49493.jpg,7,712,402,43,117,-1,-1,-1,-1
28, 49493.jpg,8,434,431,55,121,-1,-1,-1,-1
28, 49493.jpg,9,899,382,42,98,-1,-1,-1,-1
28, 49493.jpg,10,433,379,57,137,-1,-1,-1,-1
28, 49493.jpg,11,747,326,38,96,-1,-1,-1,-1
28, 49493.jpg,12,377,347,43,103,-1,-1,-1,-1
28, 49493.jpg,14,421,350,53,119,-1,-1,-1,-1
28, 49493.jpg,16,817,362,44,79,-1,-1,-1,-1
29, 49494.jpg,1,807,362,42,93,-1,-1,-1,-1
29, 49494.jpg,3,878,351,54,60,-1,-1,-1,-1
29, 49494.jpg,5,489,346,60,112,-1,-1,-1,-1
29, 49494.jpg,7,714,401,44,118,-1,-1,-1,-1
29, 49494.jpg,8,433,435,54,117,-1,-1,-1,-1
29, 49494.jpg,9,894,371,44,100,-1,-1,-1,-1
29, 49494.jpg,10,433,382,58,140,-1,-1,-1,-1
29, 49494.jpg,11,747,326,38,96,-1,-1,-1,-1
29, 49494.jpg,12,377,347,44,103,-1,-1,-1,-1
29, 49494.jpg,16,818,362,44,78,-1,-1,-1,-1
30, 49495.jpg,1,806,362,43,96,-1,-1,-1,-1
30, 49495.jpg,3,882,351,53,59,-1,-1,-1,-1
30, 49495.jpg,7,715,401,45,117,-1,-1,-1,-1
30, 49495.jpg,8,432,431,54,120,-1,-1,-1,-1
30, 49495.jpg,9,893,367,45,102,-1,-1,-1,-1
30, 49495.jpg,11,747,326,38,97,-1,-1,-1,-1
30, 49495.jpg,12,378,346,44,104,-1,-1,-1,-1
31, 49496.jpg,1,807,361,46,98,-1,-1,-1,-1
31, 49496.jpg,3,877,349,55,62,-1,-1,-1,-1
31, 49496.jpg,5,482,349,59,106,-1,-1,-1,-1
31, 49496.jpg,7,717,400,46,117,-1,-1,-1,-1
31, 49496.jpg,8,430,429,54,120,-1,-1,-1,-1
31, 49496.jpg,9,889,364,46,103,-1,-1,-1,-1
31, 49496.jpg,10,435,388,50,123,-1,-1,-1,-1
31, 49496.jpg,11,746,327,39,96,-1,-1,-1,-1
31, 49496.jpg,12,379,345,45,106,-1,-1,-1,-1
32, 49497.jpg,1,795,363,46,102,-1,-1,-1,-1
32, 49497.jpg,3,878,349,53,62,-1,-1,-1,-1
32, 49497.jpg,5,481,348,60,108,-1,-1,-1,-1
32, 49497.jpg,7,717,399,47,118,-1,-1,-1,-1
32, 49497.jpg,9,889,365,46,103,-1,-1,-1,-1
32, 49497.jpg,10,434,414,47,119,-1,-1,-1,-1
32, 49497.jpg,11,746,327,40,96,-1,-1,-1,-1
32, 49497.jpg,12,380,345,46,106,-1,-1,-1,-1
32, 49497.jpg,14,436,353,46,104,-1,-1,-1,-1
32, 49497.jpg,16,821,355,44,81,-1,-1,-1,-1
33, 49498.jpg,1,802,359,46,101,-1,-1,-1,-1
33, 49498.jpg,3,877,347,51,61,-1,-1,-1,-1
33, 49498.jpg,5,475,348,62,112,-1,-1,-1,-1
33, 49498.jpg,7,718,396,49,122,-1,-1,-1,-1
33, 49498.jpg,9,885,363,46,102,-1,-1,-1,-1
33, 49498.jpg,10,433,421,45,117,-1,-1,-1,-1
33, 49498.jpg,11,747,326,40,96,-1,-1,-1,-1
33, 49498.jpg,12,383,346,46,104,-1,-1,-1,-1
33, 49498.jpg,14,447,351,48,107,-1,-1,-1,-1
33, 49498.jpg,16,822,354,44,82,-1,-1,-1,-1
34, 49499.jpg,1,806,357,47,98,-1,-1,-1,-1
34, 49499.jpg,3,878,346,51,61,-1,-1,-1,-1
34, 49499.jpg,5,473,347,62,114,-1,-1,-1,-1
34, 49499.jpg,7,719,397,50,119,-1,-1,-1,-1
34, 49499.jpg,9,884,370,45,96,-1,-1,-1,-1
34, 49499.jpg,10,431,420,45,119,-1,-1,-1,-1
34, 49499.jpg,11,747,326,41,98,-1,-1,-1,-1
34, 49499.jpg,12,387,346,44,104,-1,-1,-1,-1
34, 49499.jpg,14,457,348,51,110,-1,-1,-1,-1
35, 49500.jpg,1,794,360,46,101,-1,-1,-1,-1
35, 49500.jpg,3,877,346,52,64,-1,-1,-1,-1
35, 49500.jpg,7,724,395,49,119,-1,-1,-1,-1
35, 49500.jpg,8,435,386,46,107,-1,-1,-1,-1
35, 49500.jpg,9,881,363,48,104,-1,-1,-1,-1
35, 49500.jpg,10,430,418,44,116,-1,-1,-1,-1
35, 49500.jpg,11,745,325,42,102,-1,-1,-1,-1
35, 49500.jpg,12,390,345,45,105,-1,-1,-1,-1
35, 49500.jpg,14,474,347,53,110,-1,-1,-1,-1
35, 49500.jpg,16,822,352,43,83,-1,-1,-1,-1
36, 49501.jpg,1,789,361,46,101,-1,-1,-1,-1
36, 49501.jpg,3,878,345,52,64,-1,-1,-1,-1
36, 49501.jpg,7,728,395,48,117,-1,-1,-1,-1
36, 49501.jpg,8,427,356,49,103,-1,-1,-1,-1
36, 49501.jpg,9,878,358,51,110,-1,-1,-1,-1
36, 49501.jpg,10,430,417,42,114,-1,-1,-1,-1
36, 49501.jpg,11,743,325,43,105,-1,-1,-1,-1
36, 49501.jpg,12,392,345,45,105,-1,-1,-1,-1
36, 49501.jpg,14,476,346,54,113,-1,-1,-1,-1
36, 49501.jpg,16,822,351,43,84,-1,-1,-1,-1
37, 49502.jpg,1,798,354,47,99,-1,-1,-1,-1
37, 49502.jpg,5,450,346,63,109,-1,-1,-1,-1
37, 49502.jpg,7,731,395,47,114,-1,-1,-1,-1
37, 49502.jpg,8,425,348,49,102,-1,-1,-1,-1
37, 49502.jpg,9,877,357,51,111,-1,-1,-1,-1
37, 49502.jpg,10,430,417,41,110,-1,-1,-1,-1
37, 49502.jpg,11,744,324,43,108,-1,-1,-1,-1
37, 49502.jpg,12,398,344,44,106,-1,-1,-1,-1
37, 49502.jpg,14,481,345,55,114,-1,-1,-1,-1
37, 49502.jpg,16,823,350,43,85,-1,-1,-1,-1
38, 49503.jpg,1,801,353,48,99,-1,-1,-1,-1
38, 49503.jpg,5,459,345,62,112,-1,-1,-1,-1
38, 49503.jpg,7,734,393,47,115,-1,-1,-1,-1
38, 49503.jpg,9,876,357,52,112,-1,-1,-1,-1
38, 49503.jpg,10,423,392,44,116,-1,-1,-1,-1
38, 49503.jpg,11,747,328,42,104,-1,-1,-1,-1
38, 49503.jpg,12,401,345,43,104,-1,-1,-1,-1
38, 49503.jpg,15,435,349,53,101,-1,-1,-1,-1
39, 49504.jpg,1,804,350,50,99,-1,-1,-1,-1
39, 49504.jpg,5,461,345,62,112,-1,-1,-1,-1
39, 49504.jpg,7,737,390,48,118,-1,-1,-1,-1
39, 49504.jpg,9,874,357,51,109,-1,-1,-1,-1
39, 49504.jpg,10,425,403,42,110,-1,-1,-1,-1
39, 49504.jpg,11,749,332,40,101,-1,-1,-1,-1
39, 49504.jpg,12,403,345,43,104,-1,-1,-1,-1
39, 49504.jpg,15,420,351,54,98,-1,-1,-1,-1
40, 49505.jpg,1,792,352,49,102,-1,-1,-1,-1
40, 49505.jpg,5,454,345,58,108,-1,-1,-1,-1
40, 49505.jpg,7,741,392,46,115,-1,-1,-1,-1
40, 49505.jpg,9,861,356,50,100,-1,-1,-1,-1
40, 49505.jpg,10,426,406,41,107,-1,-1,-1,-1
40, 49505.jpg,11,749,331,41,103,-1,-1,-1,-1
40, 49505.jpg,15,416,349,57,100,-1,-1,-1,-1
