2, 26917.jpg,1,385,364,64,82,-1,-1,-1,-1
2, 26917.jpg,2,320,355,36,77,-1,-1,-1,-1
2, 26917.jpg,3,626,317,33,93,-1,-1,-1,-1
2, 26917.jpg,4,550,289,33,94,-1,-1,-1,-1
2, 26917.jpg,5,890,361,70,89,-1,-1,-1,-1
2, 26917.jpg,6,701,357,44,96,-1,-1,-1,-1
2, 26917.jpg,8,840,321,34,75,-1,-1,-1,-1
2, 26917.jpg,9,557,385,44,95,-1,-1,-1,-1
2, 26917.jpg,10,355,397,56,72,-1,-1,-1,-1
2, 26917.jpg,11,749,391,44,109,-1,-1,-1,-1
3, 26918.jpg,1,387,361,63,82,-1,-1,-1,-1
3, 26918.jpg,2,310,356,38,81,-1,-1,-1,-1
3, 26918.jpg,3,624,318,33,93,-1,-1,-1,-1
3, 26918.jpg,4,551,292,31,89,-1,-1,-1,-1
3, 26918.jpg,5,887,358,70,89,-1,-1,-1,-1
3, 26918.jpg,6,701,356,45,97,-1,-1,-1,-1
3, 26918.jpg,8,837,321,34,75,-1,-1,-1,-1
3, 26918.jpg,9,558,382,46,98,-1,-1,-1,-1
3, 26918.jpg,10,354,397,56,72,-1,-1,-1,-1
3, 26918.jpg,11,753,394,43,107,-1,-1,-1,-1
4, 26919.jpg,1,387,361,60,79,-1,-1,-1,-1
4, 26919.jpg,2,303,357,41,84,-1,-1,-1,-1
4, 26919.jpg,3,623,319,32,91,-1,-1,-1,-1
4, 26919.jpg,4,551,294,30,86,-1,-1,-1,-1
4, 26919.jpg,5,881,354,69,89,-1,-1,-1,-1
4, 26919.jpg,6,700,355,45,97,-1,-1,-1,-1
4, 26919.jpg,8,834,324,33,72,-1,-1,-1,-1
4, 26919.jpg,9,556,382,46,99,-1,-1,-1,-1
4, 26919.jpg,10,352,395,58,75,-1,-1,-1,-1
4, 26919.jpg,11,756,394,44,110,-1,-1,-1,-1
5, 26920.jpg,1,388,358,59,79,-1,-1,-1,-1
5, 26920.jpg,2,298,357,42,87,-1,-1,-1,-1
5, 26920.jpg,3,621,319,32,91,-1,-1,-1,-1
5, 26920.jpg,4,551,297,30,84,-1,-1,-1,-1
5, 26920.jpg,5,887,344,63,81,-1,-1,-1,-1
5, 26920.jpg,6,700,354,46,98,-1,-1,-1,-1
5, 26920.jpg,8,833,326,31,68,-1,-1,-1,-1
5, 26920.jpg,9,559,380,46,99,-1,-1,-1,-1
5, 26920.jpg,10,361,384,61,80,-1,-1,-1,-1
5, 26920.jpg,11,759,395,44,111,-1,-1,-1,-1
6, 26921.jpg,2,293,359,43,88,-1,-1,-1,-1
6, 26921.jpg,3,619,321,33,91,-1,-1,-1,-1
6, 26921.jpg,4,552,298,30,84,-1,-1,-1,-1
6, 26921.jpg,5,888,339,61,79,-1,-1,-1,-1
6, 26921.jpg,6,701,354,46,96,-1,-1,-1,-1
6, 26921.jpg,8,832,328,30,65,-1,-1,-1,-1
6, 26921.jpg,9,559,378,47,101,-1,-1,-1,-1
6, 26921.jpg,10,363,379,64,84,-1,-1,-1,-1
6, 26921.jpg,11,761,396,43,109,-1,-1,-1,-1
6, 26921.jpg,13,862,357,67,88,-1,-1,-1,-1
7, 26922.jpg,2,287,361,44,91,-1,-1,-1,-1
7, 26922.jpg,3,616,320,33,92,-1,-1,-1,-1
7, 26922.jpg,4,550,299,31,84,-1,-1,-1,-1
7, 26922.jpg,6,702,354,47,96,-1,-1,-1,-1
7, 26922.jpg,8,830,328,31,66,-1,-1,-1,-1
7, 26922.jpg,9,550,384,41,86,-1,-1,-1,-1
7, 26922.jpg,10,353,381,65,86,-1,-1,-1,-1
7, 26922.jpg,11,765,396,43,108,-1,-1,-1,-1
7, 26922.jpg,13,864,351,64,85,-1,-1,-1,-1
8, 26923.jpg,2,281,366,45,90,-1,-1,-1,-1
8, 26923.jpg,3,613,320,33,95,-1,-1,-1,-1
8, 26923.jpg,4,550,300,31,83,-1,-1,-1,-1
8, 26923.jpg,6,704,354,47,97,-1,-1,-1,-1
8, 26923.jpg,8,828,327,33,69,-1,-1,-1,-1
8, 26923.jpg,9,556,380,44,94,-1,-1,-1,-1
8, 26923.jpg,10,357,375,64,87,-1,-1,-1,-1
8, 26923.jpg,11,768,397,44,110,-1,-1,-1,-1
8, 26923.jpg,13,860,347,65,86,-1,-1,-1,-1
9, 26924.jpg,2,280,367,44,89,-1,-1,-1,-1
9, 26924.jpg,3,610,320,33,95,-1,-1,-1,-1
9, 26924.jpg,4,552,302,30,82,-1,-1,-1,-1
9, 26924.jpg,6,706,354,47,96,-1,-1,-1,-1
9, 26924.jpg,8,827,328,32,68,-1,-1,-1,-1
9, 26924.jpg,9,556,379,44,94,-1,-1,-1,-1
9, 26924.jpg,10,344,378,67,91,-1,-1,-1,-1
9, 26924.jpg,11,772,400,44,111,-1,-1,-1,-1
9, 26924.jpg,13,864,338,62,83,-1,-1,-1,-1
9, 26924.jpg,16,840,353,48,86,-1,-1,-1,-1
10, 26925.jpg,2,278,368,44,89,-1,-1,-1,-1
10, 26925.jpg,3,609,321,32,93,-1,-1,-1,-1
10, 26925.jpg,4,551,302,32,86,-1,-1,-1,-1
10, 26925.jpg,6,710,355,45,92,-1,-1,-1,-1
10, 26925.jpg,8,825,327,35,74,-1,-1,-1,-1
10, 26925.jpg,10,342,376,68,94,-1,-1,-1,-1
10, 26925.jpg,11,774,401,44,111,-1,-1,-1,-1
10, 26925.jpg,13,865,331,62,82,-1,-1,-1,-1
10, 26925.jpg,16,847,345,49,86,-1,-1,-1,-1
10, 26925.jpg,17,536,386,54,78,-1,-1,-1,-1
11, 26926.jpg,2,275,370,45,90,-1,-1,-1,-1
11, 26926.jpg,3,607,322,32,91,-1,-1,-1,-1
11, 26926.jpg,4,550,303,34,90,-1,-1,-1,-1
11, 26926.jpg,6,711,354,46,92,-1,-1,-1,-1
11, 26926.jpg,8,823,324,36,78,-1,-1,-1,-1
11, 26926.jpg,9,558,377,46,99,-1,-1,-1,-1
11, 26926.jpg,10,341,372,69,97,-1,-1,-1,-1
11, 26926.jpg,11,776,405,44,109,-1,-1,-1,-1
11, 26926.jpg,16,842,346,48,82,-1,-1,-1,-1
11, 26926.jpg,17,538,384,58,83,-1,-1,-1,-1
12, 26927.jpg,2,274,372,45,92,-1,-1,-1,-1
12, 26927.jpg,3,604,323,32,92,-1,-1,-1,-1
12, 26927.jpg,4,550,303,34,91,-1,-1,-1,-1
12, 26927.jpg,6,711,351,48,94,-1,-1,-1,-1
12, 26927.jpg,8,818,321,38,82,-1,-1,-1,-1
12, 26927.jpg,9,557,376,47,101,-1,-1,-1,-1
12, 26927.jpg,10,340,370,68,95,-1,-1,-1,-1
12, 26927.jpg,11,777,410,43,106,-1,-1,-1,-1
12, 26927.jpg,16,835,340,51,90,-1,-1,-1,-1
13, 26928.jpg,2,270,375,45,92,-1,-1,-1,-1
13, 26928.jpg,3,602,323,32,93,-1,-1,-1,-1
13, 26928.jpg,4,549,305,34,90,-1,-1,-1,-1
13, 26928.jpg,6,710,349,49,95,-1,-1,-1,-1
13, 26928.jpg,8,818,320,38,80,-1,-1,-1,-1
13, 26928.jpg,9,558,375,47,104,-1,-1,-1,-1
13, 26928.jpg,10,338,368,68,96,-1,-1,-1,-1
13, 26928.jpg,11,778,412,43,106,-1,-1,-1,-1
13, 26928.jpg,16,834,332,49,85,-1,-1,-1,-1
13, 26928.jpg,18,1241,427,38,118,-1,-1,-1,-1
13, 26928.jpg,19,814,361,47,84,-1,-1,-1,-1
13, 26928.jpg,20,515,381,44,70,-1,-1,-1,-1
14, 26929.jpg,2,266,379,46,93,-1,-1,-1,-1
14, 26929.jpg,3,600,324,32,92,-1,-1,-1,-1
14, 26929.jpg,4,549,306,34,91,-1,-1,-1,-1
14, 26929.jpg,6,709,347,50,98,-1,-1,-1,-1
14, 26929.jpg,8,816,320,39,81,-1,-1,-1,-1
14, 26929.jpg,9,555,374,48,105,-1,-1,-1,-1
14, 26929.jpg,10,334,367,68,96,-1,-1,-1,-1
14, 26929.jpg,11,781,413,45,111,-1,-1,-1,-1
14, 26929.jpg,16,821,332,54,94,-1,-1,-1,-1
14, 26929.jpg,18,1240,422,39,123,-1,-1,-1,-1
14, 26929.jpg,19,807,355,49,89,-1,-1,-1,-1
14, 26929.jpg,20,513,380,46,73,-1,-1,-1,-1
15, 26930.jpg,2,263,381,47,95,-1,-1,-1,-1
15, 26930.jpg,3,600,324,32,91,-1,-1,-1,-1
15, 26930.jpg,4,549,308,35,90,-1,-1,-1,-1
15, 26930.jpg,6,708,344,52,101,-1,-1,-1,-1
15, 26930.jpg,9,556,374,47,106,-1,-1,-1,-1
15, 26930.jpg,10,332,364,69,98,-1,-1,-1,-1
15, 26930.jpg,11,784,414,47,113,-1,-1,-1,-1
15, 26930.jpg,16,817,324,55,97,-1,-1,-1,-1
15, 26930.jpg,18,1239,419,40,126,-1,-1,-1,-1
15, 26930.jpg,19,804,352,51,92,-1,-1,-1,-1
15, 26930.jpg,20,512,380,48,76,-1,-1,-1,-1
16, 26931.jpg,2,262,384,48,95,-1,-1,-1,-1
16, 26931.jpg,3,600,324,32,91,-1,-1,-1,-1
16, 26931.jpg,4,550,310,33,88,-1,-1,-1,-1
16, 26931.jpg,6,709,343,51,101,-1,-1,-1,-1
16, 26931.jpg,9,558,375,46,106,-1,-1,-1,-1
16, 26931.jpg,10,331,362,69,99,-1,-1,-1,-1
16, 26931.jpg,11,786,411,50,119,-1,-1,-1,-1
16, 26931.jpg,16,818,325,56,97,-1,-1,-1,-1
16, 26931.jpg,18,1238,417,41,128,-1,-1,-1,-1
16, 26931.jpg,20,511,379,49,78,-1,-1,-1,-1
17, 26932.jpg,2,261,386,50,97,-1,-1,-1,-1
17, 26932.jpg,3,601,324,31,91,-1,-1,-1,-1
17, 26932.jpg,4,550,312,34,89,-1,-1,-1,-1
17, 26932.jpg,6,710,340,52,102,-1,-1,-1,-1
17, 26932.jpg,9,560,376,45,104,-1,-1,-1,-1
17, 26932.jpg,10,333,360,69,101,-1,-1,-1,-1
17, 26932.jpg,11,789,410,50,121,-1,-1,-1,-1
17, 26932.jpg,16,818,326,54,94,-1,-1,-1,-1
17, 26932.jpg,20,511,379,48,79,-1,-1,-1,-1
18, 26933.jpg,2,264,389,49,96,-1,-1,-1,-1
18, 26933.jpg,3,602,325,30,90,-1,-1,-1,-1
18, 26933.jpg,4,553,314,32,88,-1,-1,-1,-1
18, 26933.jpg,6,712,338,51,103,-1,-1,-1,-1
18, 26933.jpg,8,832,323,35,72,-1,-1,-1,-1
18, 26933.jpg,9,560,372,45,108,-1,-1,-1,-1
18, 26933.jpg,10,332,360,67,100,-1,-1,-1,-1
18, 26933.jpg,11,791,409,51,123,-1,-1,-1,-1
18, 26933.jpg,16,815,322,56,95,-1,-1,-1,-1
18, 26933.jpg,19,828,353,41,72,-1,-1,-1,-1
18, 26933.jpg,20,509,380,47,78,-1,-1,-1,-1
19, 26934.jpg,2,267,391,48,97,-1,-1,-1,-1
19, 26934.jpg,3,602,326,30,89,-1,-1,-1,-1
19, 26934.jpg,4,555,317,31,83,-1,-1,-1,-1
19, 26934.jpg,6,714,337,50,103,-1,-1,-1,-1
19, 26934.jpg,8,830,315,36,73,-1,-1,-1,-1
19, 26934.jpg,9,560,367,46,113,-1,-1,-1,-1
19, 26934.jpg,10,328,359,66,102,-1,-1,-1,-1
19, 26934.jpg,11,794,410,50,122,-1,-1,-1,-1
19, 26934.jpg,19,826,352,42,75,-1,-1,-1,-1
19, 26934.jpg,20,510,380,45,76,-1,-1,-1,-1
20, 26935.jpg,2,269,391,49,101,-1,-1,-1,-1
20, 26935.jpg,3,602,325,31,90,-1,-1,-1,-1
20, 26935.jpg,4,555,319,31,82,-1,-1,-1,-1
20, 26935.jpg,6,715,336,50,104,-1,-1,-1,-1
20, 26935.jpg,8,831,312,37,77,-1,-1,-1,-1
20, 26935.jpg,9,560,348,41,102,-1,-1,-1,-1
20, 26935.jpg,10,326,358,64,103,-1,-1,-1,-1
20, 26935.jpg,11,799,411,49,122,-1,-1,-1,-1
20, 26935.jpg,19,823,353,42,73,-1,-1,-1,-1
20, 26935.jpg,20,511,381,45,77,-1,-1,-1,-1
21, 26936.jpg,2,271,394,50,103,-1,-1,-1,-1
21, 26936.jpg,3,603,326,30,90,-1,-1,-1,-1
21, 26936.jpg,4,557,317,32,85,-1,-1,-1,-1
21, 26936.jpg,6,716,337,49,102,-1,-1,-1,-1
21, 26936.jpg,8,839,312,36,76,-1,-1,-1,-1
21, 26936.jpg,9,561,361,41,99,-1,-1,-1,-1
21, 26936.jpg,10,325,358,63,103,-1,-1,-1,-1
21, 26936.jpg,11,802,413,50,121,-1,-1,-1,-1
21, 26936.jpg,16,801,344,45,79,-1,-1,-1,-1
21, 26936.jpg,19,825,352,44,76,-1,-1,-1,-1
21, 26936.jpg,20,511,380,45,79,-1,-1,-1,-1
22, 26937.jpg,2,275,395,48,102,-1,-1,-1,-1
22, 26937.jpg,3,604,327,30,88,-1,-1,-1,-1
22, 26937.jpg,4,557,319,32,84,-1,-1,-1,-1
22, 26937.jpg,6,717,337,48,101,-1,-1,-1,-1
22, 26937.jpg,8,844,311,35,73,-1,-1,-1,-1
22, 26937.jpg,9,561,344,39,98,-1,-1,-1,-1
22, 26937.jpg,10,337,357,57,95,-1,-1,-1,-1
22, 26937.jpg,11,805,414,50,121,-1,-1,-1,-1
22, 26937.jpg,16,800,347,43,79,-1,-1,-1,-1
22, 26937.jpg,19,826,350,44,77,-1,-1,-1,-1
22, 26937.jpg,20,512,380,44,80,-1,-1,-1,-1
23, 26938.jpg,2,275,399,49,102,-1,-1,-1,-1
23, 26938.jpg,3,605,327,29,88,-1,-1,-1,-1
23, 26938.jpg,4,558,319,31,81,-1,-1,-1,-1
23, 26938.jpg,6,719,338,48,100,-1,-1,-1,-1
23, 26938.jpg,8,848,311,36,71,-1,-1,-1,-1
23, 26938.jpg,9,562,358,39,96,-1,-1,-1,-1
23, 26938.jpg,10,343,354,56,93,-1,-1,-1,-1
23, 26938.jpg,11,808,420,48,116,-1,-1,-1,-1
23, 26938.jpg,16,806,347,40,74,-1,-1,-1,-1
23, 26938.jpg,19,823,350,41,76,-1,-1,-1,-1
23, 26938.jpg,20,513,382,43,79,-1,-1,-1,-1
24, 26939.jpg,2,279,400,47,101,-1,-1,-1,-1
24, 26939.jpg,3,605,328,30,86,-1,-1,-1,-1
24, 26939.jpg,4,559,320,30,80,-1,-1,-1,-1
24, 26939.jpg,6,723,340,46,96,-1,-1,-1,-1
24, 26939.jpg,8,852,309,38,73,-1,-1,-1,-1
24, 26939.jpg,9,561,342,38,96,-1,-1,-1,-1
24, 26939.jpg,10,356,351,49,85,-1,-1,-1,-1
24, 26939.jpg,11,810,424,47,114,-1,-1,-1,-1
24, 26939.jpg,16,803,370,45,83,-1,-1,-1,-1
24, 26939.jpg,19,821,347,44,78,-1,-1,-1,-1
24, 26939.jpg,20,515,383,41,78,-1,-1,-1,-1
25, 26940.jpg,2,282,399,50,105,-1,-1,-1,-1
25, 26940.jpg,3,607,329,30,87,-1,-1,-1,-1
25, 26940.jpg,4,557,317,33,84,-1,-1,-1,-1
25, 26940.jpg,6,723,344,46,92,-1,-1,-1,-1
25, 26940.jpg,8,855,309,41,74,-1,-1,-1,-1
25, 26940.jpg,9,561,339,38,95,-1,-1,-1,-1
25, 26940.jpg,10,361,350,47,83,-1,-1,-1,-1
25, 26940.jpg,11,811,426,49,117,-1,-1,-1,-1
25, 26940.jpg,16,801,373,45,83,-1,-1,-1,-1
25, 26940.jpg,17,552,367,63,96,-1,-1,-1,-1
25, 26940.jpg,19,824,349,44,79,-1,-1,-1,-1
25, 26940.jpg,20,515,385,40,76,-1,-1,-1,-1
26, 26941.jpg,2,283,399,52,107,-1,-1,-1,-1
26, 26941.jpg,3,608,329,31,88,-1,-1,-1,-1
26, 26941.jpg,4,557,316,33,86,-1,-1,-1,-1
26, 26941.jpg,6,723,345,46,93,-1,-1,-1,-1
26, 26941.jpg,8,856,309,44,76,-1,-1,-1,-1
26, 26941.jpg,10,364,350,45,82,-1,-1,-1,-1
26, 26941.jpg,11,812,423,51,121,-1,-1,-1,-1
26, 26941.jpg,17,553,367,59,96,-1,-1,-1,-1
26, 26941.jpg,19,813,348,54,94,-1,-1,-1,-1
26, 26941.jpg,20,516,385,39,77,-1,-1,-1,-1
26, 26941.jpg,23,325,355,35,96,-1,-1,-1,-1
27, 26942.jpg,2,286,399,55,108,-1,-1,-1,-1
27, 26942.jpg,3,609,329,32,89,-1,-1,-1,-1
27, 26942.jpg,4,557,318,33,85,-1,-1,-1,-1
27, 26942.jpg,6,722,345,48,94,-1,-1,-1,-1
27, 26942.jpg,8,858,309,46,78,-1,-1,-1,-1
27, 26942.jpg,10,364,352,44,81,-1,-1,-1,-1
27, 26942.jpg,11,815,428,51,121,-1,-1,-1,-1
27, 26942.jpg,17,555,367,56,96,-1,-1,-1,-1
27, 26942.jpg,19,808,350,57,101,-1,-1,-1,-1
27, 26942.jpg,20,517,384,38,77,-1,-1,-1,-1
27, 26942.jpg,23,326,357,31,86,-1,-1,-1,-1
28, 26943.jpg,2,294,402,54,104,-1,-1,-1,-1
28, 26943.jpg,3,610,329,33,91,-1,-1,-1,-1
28, 26943.jpg,4,558,318,33,85,-1,-1,-1,-1
28, 26943.jpg,6,722,345,48,91,-1,-1,-1,-1
28, 26943.jpg,8,859,310,47,78,-1,-1,-1,-1
28, 26943.jpg,10,364,351,45,82,-1,-1,-1,-1
28, 26943.jpg,11,816,424,54,128,-1,-1,-1,-1
28, 26943.jpg,16,806,382,46,87,-1,-1,-1,-1
28, 26943.jpg,17,556,367,54,96,-1,-1,-1,-1
28, 26943.jpg,19,806,350,58,103,-1,-1,-1,-1
28, 26943.jpg,20,518,386,37,76,-1,-1,-1,-1
28, 26943.jpg,23,327,358,29,79,-1,-1,-1,-1
29, 26944.jpg,2,301,404,55,103,-1,-1,-1,-1
29, 26944.jpg,3,612,330,33,91,-1,-1,-1,-1
29, 26944.jpg,4,558,319,33,85,-1,-1,-1,-1
29, 26944.jpg,6,722,345,49,92,-1,-1,-1,-1
29, 26944.jpg,8,862,310,48,77,-1,-1,-1,-1
29, 26944.jpg,9,562,338,38,96,-1,-1,-1,-1
29, 26944.jpg,10,368,350,44,82,-1,-1,-1,-1
29, 26944.jpg,11,819,432,53,123,-1,-1,-1,-1
29, 26944.jpg,16,805,385,46,88,-1,-1,-1,-1
29, 26944.jpg,17,557,366,55,97,-1,-1,-1,-1
29, 26944.jpg,19,812,343,53,92,-1,-1,-1,-1
29, 26944.jpg,20,519,386,39,81,-1,-1,-1,-1
29, 26944.jpg,23,325,357,32,88,-1,-1,-1,-1
30, 26945.jpg,2,303,406,55,103,-1,-1,-1,-1
30, 26945.jpg,3,613,329,33,92,-1,-1,-1,-1
30, 26945.jpg,6,720,345,49,93,-1,-1,-1,-1
30, 26945.jpg,8,864,308,48,79,-1,-1,-1,-1
30, 26945.jpg,9,561,325,35,89,-1,-1,-1,-1
30, 26945.jpg,10,373,349,43,81,-1,-1,-1,-1
30, 26945.jpg,11,822,438,51,118,-1,-1,-1,-1
30, 26945.jpg,17,558,365,52,96,-1,-1,-1,-1
30, 26945.jpg,19,816,342,49,87,-1,-1,-1,-1
30, 26945.jpg,20,518,384,41,89,-1,-1,-1,-1
30, 26945.jpg,23,322,357,36,96,-1,-1,-1,-1
31, 26946.jpg,2,315,390,51,98,-1,-1,-1,-1
31, 26946.jpg,3,614,328,34,92,-1,-1,-1,-1
31, 26946.jpg,6,719,346,49,91,-1,-1,-1,-1
31, 26946.jpg,8,865,307,49,80,-1,-1,-1,-1
31, 26946.jpg,9,560,318,37,93,-1,-1,-1,-1
31, 26946.jpg,10,376,348,43,81,-1,-1,-1,-1
31, 26946.jpg,11,824,441,52,115,-1,-1,-1,-1
31, 26946.jpg,17,561,367,48,93,-1,-1,-1,-1
31, 26946.jpg,19,821,342,47,84,-1,-1,-1,-1
31, 26946.jpg,20,519,384,41,93,-1,-1,-1,-1
31, 26946.jpg,23,321,357,36,96,-1,-1,-1,-1
32, 26947.jpg,2,322,405,49,96,-1,-1,-1,-1
32, 26947.jpg,3,615,327,35,93,-1,-1,-1,-1
32, 26947.jpg,6,717,345,48,93,-1,-1,-1,-1
32, 26947.jpg,8,865,306,51,80,-1,-1,-1,-1
32, 26947.jpg,9,562,316,37,94,-1,-1,-1,-1
32, 26947.jpg,10,381,346,42,80,-1,-1,-1,-1
32, 26947.jpg,11,824,440,53,117,-1,-1,-1,-1
32, 26947.jpg,16,809,369,53,99,-1,-1,-1,-1
32, 26947.jpg,17,563,367,46,92,-1,-1,-1,-1
32, 26947.jpg,19,821,341,47,84,-1,-1,-1,-1
32, 26947.jpg,20,521,386,41,94,-1,-1,-1,-1
32, 26947.jpg,23,324,358,33,89,-1,-1,-1,-1
33, 26948.jpg,2,328,409,49,98,-1,-1,-1,-1
33, 26948.jpg,3,617,327,35,95,-1,-1,-1,-1
33, 26948.jpg,6,716,346,47,92,-1,-1,-1,-1
33, 26948.jpg,8,868,305,49,78,-1,-1,-1,-1
33, 26948.jpg,9,564,318,36,92,-1,-1,-1,-1
33, 26948.jpg,10,387,344,40,79,-1,-1,-1,-1
33, 26948.jpg,11,823,438,55,119,-1,-1,-1,-1
33, 26948.jpg,16,810,366,55,102,-1,-1,-1,-1
33, 26948.jpg,17,564,365,45,91,-1,-1,-1,-1
33, 26948.jpg,20,523,387,40,94,-1,-1,-1,-1
33, 26948.jpg,23,325,357,35,90,-1,-1,-1,-1
34, 26949.jpg,2,335,411,50,100,-1,-1,-1,-1
34, 26949.jpg,3,619,327,35,94,-1,-1,-1,-1
34, 26949.jpg,6,715,349,45,90,-1,-1,-1,-1
34, 26949.jpg,8,872,305,49,78,-1,-1,-1,-1
34, 26949.jpg,9,565,316,35,91,-1,-1,-1,-1
34, 26949.jpg,10,390,345,40,78,-1,-1,-1,-1
34, 26949.jpg,11,822,433,58,124,-1,-1,-1,-1
34, 26949.jpg,16,810,367,56,103,-1,-1,-1,-1
34, 26949.jpg,17,563,361,45,92,-1,-1,-1,-1
34, 26949.jpg,19,822,344,51,91,-1,-1,-1,-1
34, 26949.jpg,20,528,388,38,92,-1,-1,-1,-1
34, 26949.jpg,23,324,354,36,94,-1,-1,-1,-1
35, 26950.jpg,2,341,411,51,101,-1,-1,-1,-1
35, 26950.jpg,3,621,327,36,94,-1,-1,-1,-1
35, 26950.jpg,4,564,324,41,111,-1,-1,-1,-1
35, 26950.jpg,6,712,347,47,94,-1,-1,-1,-1
35, 26950.jpg,8,872,305,50,79,-1,-1,-1,-1
35, 26950.jpg,10,394,344,39,79,-1,-1,-1,-1
35, 26950.jpg,11,823,434,58,122,-1,-1,-1,-1
35, 26950.jpg,17,564,360,44,92,-1,-1,-1,-1
35, 26950.jpg,19,818,356,53,93,-1,-1,-1,-1
35, 26950.jpg,20,530,388,39,94,-1,-1,-1,-1
35, 26950.jpg,23,324,352,36,96,-1,-1,-1,-1
36, 26951.jpg,2,346,411,53,101,-1,-1,-1,-1
36, 26951.jpg,3,623,328,36,93,-1,-1,-1,-1
36, 26951.jpg,4,565,324,42,113,-1,-1,-1,-1
36, 26951.jpg,5,827,342,59,83,-1,-1,-1,-1
36, 26951.jpg,6,710,348,47,92,-1,-1,-1,-1
36, 26951.jpg,8,875,305,49,79,-1,-1,-1,-1
36, 26951.jpg,10,398,343,39,80,-1,-1,-1,-1
36, 26951.jpg,11,826,437,54,115,-1,-1,-1,-1
36, 26951.jpg,19,812,369,50,88,-1,-1,-1,-1
36, 26951.jpg,20,533,389,39,95,-1,-1,-1,-1
36, 26951.jpg,23,324,352,36,96,-1,-1,-1,-1
37, 26952.jpg,2,353,412,52,101,-1,-1,-1,-1
37, 26952.jpg,3,624,326,37,95,-1,-1,-1,-1
37, 26952.jpg,4,566,325,42,114,-1,-1,-1,-1
37, 26952.jpg,5,824,342,60,84,-1,-1,-1,-1
37, 26952.jpg,6,707,346,49,93,-1,-1,-1,-1
37, 26952.jpg,8,877,305,50,81,-1,-1,-1,-1
37, 26952.jpg,10,401,342,40,80,-1,-1,-1,-1
37, 26952.jpg,11,829,443,50,105,-1,-1,-1,-1
37, 26952.jpg,16,813,384,49,92,-1,-1,-1,-1
37, 26952.jpg,17,571,359,45,94,-1,-1,-1,-1
37, 26952.jpg,19,818,361,51,89,-1,-1,-1,-1
37, 26952.jpg,20,534,391,40,100,-1,-1,-1,-1
37, 26952.jpg,23,324,353,37,96,-1,-1,-1,-1
38, 26953.jpg,2,357,413,53,100,-1,-1,-1,-1
38, 26953.jpg,3,625,326,37,95,-1,-1,-1,-1
38, 26953.jpg,4,572,320,42,115,-1,-1,-1,-1
38, 26953.jpg,5,828,342,58,83,-1,-1,-1,-1
38, 26953.jpg,6,703,344,52,95,-1,-1,-1,-1
38, 26953.jpg,8,877,305,50,82,-1,-1,-1,-1
38, 26953.jpg,10,406,343,39,78,-1,-1,-1,-1
38, 26953.jpg,11,830,446,49,101,-1,-1,-1,-1
38, 26953.jpg,16,813,385,47,90,-1,-1,-1,-1
38, 26953.jpg,17,573,358,45,95,-1,-1,-1,-1
38, 26953.jpg,19,818,362,51,90,-1,-1,-1,-1
38, 26953.jpg,20,535,392,41,103,-1,-1,-1,-1
38, 26953.jpg,23,325,355,36,93,-1,-1,-1,-1
39, 26954.jpg,2,363,414,51,97,-1,-1,-1,-1
39, 26954.jpg,3,627,328,36,94,-1,-1,-1,-1
39, 26954.jpg,4,574,319,42,115,-1,-1,-1,-1
39, 26954.jpg,5,829,340,58,86,-1,-1,-1,-1
39, 26954.jpg,6,698,342,52,93,-1,-1,-1,-1
39, 26954.jpg,8,878,306,49,81,-1,-1,-1,-1
39, 26954.jpg,10,410,346,39,76,-1,-1,-1,-1
39, 26954.jpg,11,829,447,51,101,-1,-1,-1,-1
39, 26954.jpg,16,816,385,40,77,-1,-1,-1,-1
39, 26954.jpg,20,537,393,42,108,-1,-1,-1,-1
39, 26954.jpg,23,326,356,36,93,-1,-1,-1,-1
40, 26955.jpg,2,370,417,50,95,-1,-1,-1,-1
40, 26955.jpg,3,629,329,37,93,-1,-1,-1,-1
40, 26955.jpg,4,581,340,39,108,-1,-1,-1,-1
40, 26955.jpg,5,830,340,58,88,-1,-1,-1,-1
40, 26955.jpg,6,693,341,54,93,-1,-1,-1,-1
40, 26955.jpg,8,879,308,47,77,-1,-1,-1,-1
40, 26955.jpg,10,412,346,40,75,-1,-1,-1,-1
40, 26955.jpg,11,827,447,52,101,-1,-1,-1,-1
40, 26955.jpg,16,817,384,38,72,-1,-1,-1,-1
40, 26955.jpg,20,541,395,42,108,-1,-1,-1,-1
40, 26955.jpg,23,328,357,36,93,-1,-1,-1,-1
