2, 19687.jpg,1,619,689,64,89,-1,-1,-1,-1
2, 19687.jpg,2,1118,516,76,139,-1,-1,-1,-1
2, 19687.jpg,3,891,496,60,161,-1,-1,-1,-1
2, 19687.jpg,4,1219,636,66,152,-1,-1,-1,-1
2, 19687.jpg,5,424,658,68,169,-1,-1,-1,-1
2, 19687.jpg,6,1084,564,55,147,-1,-1,-1,-1
2, 19687.jpg,7,714,491,104,140,-1,-1,-1,-1
2, 19687.jpg,8,1403,581,67,144,-1,-1,-1,-1
2, 19687.jpg,9,1060,654,116,161,-1,-1,-1,-1
2, 19687.jpg,10,812,626,66,174,-1,-1,-1,-1
3, 19688.jpg,1,612,686,66,91,-1,-1,-1,-1
3, 19688.jpg,2,1095,531,82,149,-1,-1,-1,-1
3, 19688.jpg,3,885,496,63,167,-1,-1,-1,-1
3, 19688.jpg,4,1228,638,65,146,-1,-1,-1,-1
3, 19688.jpg,5,413,661,69,169,-1,-1,-1,-1
3, 19688.jpg,6,1092,559,56,149,-1,-1,-1,-1
3, 19688.jpg,7,718,493,107,143,-1,-1,-1,-1
3, 19688.jpg,8,1403,585,64,138,-1,-1,-1,-1
3, 19688.jpg,9,1064,657,113,157,-1,-1,-1,-1
3, 19688.jpg,10,810,629,66,171,-1,-1,-1,-1
4, 19689.jpg,1,610,690,64,86,-1,-1,-1,-1
4, 19689.jpg,2,1088,539,80,143,-1,-1,-1,-1
4, 19689.jpg,3,878,489,50,130,-1,-1,-1,-1
4, 19689.jpg,4,1235,641,65,142,-1,-1,-1,-1
4, 19689.jpg,5,406,666,69,166,-1,-1,-1,-1
4, 19689.jpg,7,724,498,105,140,-1,-1,-1,-1
4, 19689.jpg,8,1400,589,63,134,-1,-1,-1,-1
4, 19689.jpg,9,1067,656,111,158,-1,-1,-1,-1
4, 19689.jpg,10,809,636,66,165,-1,-1,-1,-1
4, 19689.jpg,11,177,482,66,131,-1,-1,-1,-1
5, 19690.jpg,1,605,684,67,92,-1,-1,-1,-1
5, 19690.jpg,2,1078,557,79,140,-1,-1,-1,-1
5, 19690.jpg,3,872,488,45,117,-1,-1,-1,-1
5, 19690.jpg,4,1236,644,68,141,-1,-1,-1,-1
5, 19690.jpg,5,399,671,68,161,-1,-1,-1,-1
5, 19690.jpg,6,1084,533,50,131,-1,-1,-1,-1
5, 19690.jpg,7,731,506,101,134,-1,-1,-1,-1
5, 19690.jpg,8,1397,590,62,133,-1,-1,-1,-1
5, 19690.jpg,9,1070,656,112,161,-1,-1,-1,-1
5, 19690.jpg,10,805,638,68,164,-1,-1,-1,-1
5, 19690.jpg,11,173,481,68,133,-1,-1,-1,-1
6, 19691.jpg,1,600,685,69,91,-1,-1,-1,-1
6, 19691.jpg,2,1068,550,85,150,-1,-1,-1,-1
6, 19691.jpg,3,867,486,42,109,-1,-1,-1,-1
6, 19691.jpg,4,1234,647,71,138,-1,-1,-1,-1
6, 19691.jpg,5,391,673,69,163,-1,-1,-1,-1
6, 19691.jpg,6,1083,521,47,121,-1,-1,-1,-1
6, 19691.jpg,7,738,514,95,126,-1,-1,-1,-1
6, 19691.jpg,8,1392,590,64,133,-1,-1,-1,-1
6, 19691.jpg,9,1072,654,113,166,-1,-1,-1,-1
6, 19691.jpg,10,803,640,70,165,-1,-1,-1,-1
6, 19691.jpg,11,168,485,65,129,-1,-1,-1,-1
7, 19692.jpg,1,596,690,66,88,-1,-1,-1,-1
7, 19692.jpg,2,1064,543,87,153,-1,-1,-1,-1
7, 19692.jpg,3,864,479,41,104,-1,-1,-1,-1
7, 19692.jpg,4,1234,647,74,139,-1,-1,-1,-1
7, 19692.jpg,5,384,674,68,162,-1,-1,-1,-1
7, 19692.jpg,6,1086,511,44,118,-1,-1,-1,-1
7, 19692.jpg,7,745,523,90,121,-1,-1,-1,-1
7, 19692.jpg,8,1386,592,65,135,-1,-1,-1,-1
7, 19692.jpg,9,1075,653,112,169,-1,-1,-1,-1
7, 19692.jpg,10,801,642,73,164,-1,-1,-1,-1
7, 19692.jpg,11,164,485,66,130,-1,-1,-1,-1
7, 19692.jpg,13,872,515,65,151,-1,-1,-1,-1
8, 19693.jpg,1,591,688,70,91,-1,-1,-1,-1
8, 19693.jpg,2,1052,544,74,131,-1,-1,-1,-1
8, 19693.jpg,3,858,478,43,104,-1,-1,-1,-1
8, 19693.jpg,4,1231,648,77,139,-1,-1,-1,-1
8, 19693.jpg,5,377,674,68,164,-1,-1,-1,-1
8, 19693.jpg,6,1094,522,41,109,-1,-1,-1,-1
8, 19693.jpg,7,750,529,87,120,-1,-1,-1,-1
8, 19693.jpg,8,1383,593,68,135,-1,-1,-1,-1
8, 19693.jpg,9,1078,654,110,171,-1,-1,-1,-1
8, 19693.jpg,10,799,641,77,166,-1,-1,-1,-1
8, 19693.jpg,11,157,485,65,128,-1,-1,-1,-1
8, 19693.jpg,13,874,534,60,136,-1,-1,-1,-1
9, 19694.jpg,1,586,686,74,97,-1,-1,-1,-1
9, 19694.jpg,2,1044,544,68,125,-1,-1,-1,-1
9, 19694.jpg,3,857,476,42,102,-1,-1,-1,-1
9, 19694.jpg,4,1226,648,78,138,-1,-1,-1,-1
9, 19694.jpg,5,372,672,67,165,-1,-1,-1,-1
9, 19694.jpg,6,1091,521,41,108,-1,-1,-1,-1
9, 19694.jpg,7,756,534,84,116,-1,-1,-1,-1
9, 19694.jpg,8,1375,596,71,134,-1,-1,-1,-1
9, 19694.jpg,9,1082,654,109,175,-1,-1,-1,-1
9, 19694.jpg,10,796,639,79,166,-1,-1,-1,-1
9, 19694.jpg,11,153,486,65,128,-1,-1,-1,-1
9, 19694.jpg,13,874,539,61,135,-1,-1,-1,-1
10, 19695.jpg,1,581,683,75,99,-1,-1,-1,-1
10, 19695.jpg,2,1050,543,69,122,-1,-1,-1,-1
10, 19695.jpg,3,852,478,43,102,-1,-1,-1,-1
10, 19695.jpg,4,1223,647,80,139,-1,-1,-1,-1
10, 19695.jpg,5,365,672,67,166,-1,-1,-1,-1
10, 19695.jpg,6,1094,517,39,103,-1,-1,-1,-1
10, 19695.jpg,7,757,537,81,116,-1,-1,-1,-1
10, 19695.jpg,8,1371,599,70,131,-1,-1,-1,-1
10, 19695.jpg,9,1091,659,103,170,-1,-1,-1,-1
10, 19695.jpg,10,795,638,81,165,-1,-1,-1,-1
10, 19695.jpg,13,872,538,63,138,-1,-1,-1,-1
11, 19696.jpg,1,578,683,74,99,-1,-1,-1,-1
11, 19696.jpg,2,1052,540,71,123,-1,-1,-1,-1
11, 19696.jpg,3,852,477,47,110,-1,-1,-1,-1
11, 19696.jpg,4,1219,647,82,137,-1,-1,-1,-1
11, 19696.jpg,5,357,675,65,161,-1,-1,-1,-1
11, 19696.jpg,7,762,538,78,115,-1,-1,-1,-1
11, 19696.jpg,8,1363,599,75,133,-1,-1,-1,-1
11, 19696.jpg,9,1097,664,98,164,-1,-1,-1,-1
11, 19696.jpg,10,799,635,84,169,-1,-1,-1,-1
11, 19696.jpg,11,146,485,65,131,-1,-1,-1,-1
11, 19696.jpg,13,869,537,68,143,-1,-1,-1,-1
12, 19697.jpg,1,573,678,76,105,-1,-1,-1,-1
12, 19697.jpg,2,1044,542,67,115,-1,-1,-1,-1
12, 19697.jpg,3,849,476,47,108,-1,-1,-1,-1
12, 19697.jpg,4,1214,648,82,134,-1,-1,-1,-1
12, 19697.jpg,5,347,674,67,163,-1,-1,-1,-1
12, 19697.jpg,7,763,539,78,116,-1,-1,-1,-1
12, 19697.jpg,8,1352,599,77,133,-1,-1,-1,-1
12, 19697.jpg,9,1102,670,93,157,-1,-1,-1,-1
12, 19697.jpg,10,802,633,85,171,-1,-1,-1,-1
12, 19697.jpg,13,869,539,67,139,-1,-1,-1,-1
13, 19698.jpg,1,573,679,73,101,-1,-1,-1,-1
13, 19698.jpg,2,1039,542,69,115,-1,-1,-1,-1
13, 19698.jpg,3,844,479,48,108,-1,-1,-1,-1
13, 19698.jpg,4,1211,649,83,131,-1,-1,-1,-1
13, 19698.jpg,5,341,679,68,162,-1,-1,-1,-1
13, 19698.jpg,7,766,539,79,119,-1,-1,-1,-1
13, 19698.jpg,8,1342,601,80,135,-1,-1,-1,-1
13, 19698.jpg,9,1105,674,91,154,-1,-1,-1,-1
13, 19698.jpg,10,807,633,84,171,-1,-1,-1,-1
13, 19698.jpg,13,868,539,69,140,-1,-1,-1,-1
14, 19699.jpg,1,571,677,73,102,-1,-1,-1,-1
14, 19699.jpg,2,1035,545,71,113,-1,-1,-1,-1
14, 19699.jpg,3,847,482,46,102,-1,-1,-1,-1
14, 19699.jpg,4,1210,648,84,131,-1,-1,-1,-1
14, 19699.jpg,5,336,683,71,162,-1,-1,-1,-1
14, 19699.jpg,7,767,540,79,120,-1,-1,-1,-1
14, 19699.jpg,8,1335,607,78,130,-1,-1,-1,-1
14, 19699.jpg,9,1107,672,92,156,-1,-1,-1,-1
14, 19699.jpg,10,810,631,84,174,-1,-1,-1,-1
14, 19699.jpg,13,873,542,69,140,-1,-1,-1,-1
14, 19699.jpg,17,1112,597,54,118,-1,-1,-1,-1
15, 19700.jpg,1,567,674,72,101,-1,-1,-1,-1
15, 19700.jpg,2,1031,546,69,111,-1,-1,-1,-1
15, 19700.jpg,3,844,484,48,104,-1,-1,-1,-1
15, 19700.jpg,4,1207,648,87,132,-1,-1,-1,-1
15, 19700.jpg,5,331,688,73,156,-1,-1,-1,-1
15, 19700.jpg,7,769,542,78,121,-1,-1,-1,-1
15, 19700.jpg,8,1326,612,77,128,-1,-1,-1,-1
15, 19700.jpg,9,1106,672,95,159,-1,-1,-1,-1
15, 19700.jpg,10,815,631,83,172,-1,-1,-1,-1
15, 19700.jpg,13,875,540,71,144,-1,-1,-1,-1
15, 19700.jpg,17,1097,569,60,128,-1,-1,-1,-1
16, 19701.jpg,1,565,673,70,99,-1,-1,-1,-1
16, 19701.jpg,2,1029,547,73,112,-1,-1,-1,-1
16, 19701.jpg,3,845,485,47,101,-1,-1,-1,-1
16, 19701.jpg,4,1205,646,88,133,-1,-1,-1,-1
16, 19701.jpg,5,325,692,76,154,-1,-1,-1,-1
16, 19701.jpg,7,773,546,77,121,-1,-1,-1,-1
16, 19701.jpg,8,1317,618,74,124,-1,-1,-1,-1
16, 19701.jpg,9,1110,679,92,151,-1,-1,-1,-1
16, 19701.jpg,10,820,631,80,169,-1,-1,-1,-1
16, 19701.jpg,13,877,542,71,145,-1,-1,-1,-1
16, 19701.jpg,17,1092,555,60,129,-1,-1,-1,-1
17, 19702.jpg,1,562,672,69,98,-1,-1,-1,-1
17, 19702.jpg,2,1031,545,78,113,-1,-1,-1,-1
17, 19702.jpg,3,844,486,49,101,-1,-1,-1,-1
17, 19702.jpg,4,1205,643,88,134,-1,-1,-1,-1
17, 19702.jpg,5,325,695,78,149,-1,-1,-1,-1
17, 19702.jpg,7,772,548,79,125,-1,-1,-1,-1
17, 19702.jpg,8,1311,622,75,126,-1,-1,-1,-1
17, 19702.jpg,9,1114,677,94,154,-1,-1,-1,-1
17, 19702.jpg,10,826,633,77,166,-1,-1,-1,-1
17, 19702.jpg,13,877,542,71,145,-1,-1,-1,-1
17, 19702.jpg,17,1094,549,59,123,-1,-1,-1,-1
18, 19703.jpg,1,561,672,67,96,-1,-1,-1,-1
18, 19703.jpg,2,1028,546,77,112,-1,-1,-1,-1
18, 19703.jpg,3,841,489,52,104,-1,-1,-1,-1
18, 19703.jpg,4,1224,639,87,133,-1,-1,-1,-1
18, 19703.jpg,5,323,696,81,148,-1,-1,-1,-1
18, 19703.jpg,7,772,550,79,126,-1,-1,-1,-1
18, 19703.jpg,8,1302,625,73,125,-1,-1,-1,-1
18, 19703.jpg,9,1122,681,94,153,-1,-1,-1,-1
18, 19703.jpg,10,824,634,78,169,-1,-1,-1,-1
18, 19703.jpg,13,877,543,71,146,-1,-1,-1,-1
18, 19703.jpg,17,1096,546,69,141,-1,-1,-1,-1
18, 19703.jpg,20,1127,599,62,132,-1,-1,-1,-1
19, 19704.jpg,1,559,670,68,98,-1,-1,-1,-1
19, 19704.jpg,3,841,487,56,109,-1,-1,-1,-1
19, 19704.jpg,4,1245,639,86,130,-1,-1,-1,-1
19, 19704.jpg,5,320,694,86,150,-1,-1,-1,-1
19, 19704.jpg,7,771,550,79,127,-1,-1,-1,-1
19, 19704.jpg,8,1295,629,73,123,-1,-1,-1,-1
19, 19704.jpg,9,1130,680,94,157,-1,-1,-1,-1
19, 19704.jpg,10,831,633,78,166,-1,-1,-1,-1
19, 19704.jpg,13,879,547,69,144,-1,-1,-1,-1
19, 19704.jpg,17,1104,552,73,146,-1,-1,-1,-1
19, 19704.jpg,20,1128,599,64,136,-1,-1,-1,-1
19, 19704.jpg,21,979,549,65,126,-1,-1,-1,-1
20, 19705.jpg,1,557,666,70,102,-1,-1,-1,-1
20, 19705.jpg,3,838,486,58,113,-1,-1,-1,-1
20, 19705.jpg,4,1229,639,85,131,-1,-1,-1,-1
20, 19705.jpg,5,324,694,89,151,-1,-1,-1,-1
20, 19705.jpg,7,771,551,79,129,-1,-1,-1,-1
20, 19705.jpg,8,1293,638,69,118,-1,-1,-1,-1
20, 19705.jpg,9,1133,650,92,158,-1,-1,-1,-1
20, 19705.jpg,10,835,635,77,165,-1,-1,-1,-1
20, 19705.jpg,13,881,551,66,139,-1,-1,-1,-1
20, 19705.jpg,17,1094,533,71,140,-1,-1,-1,-1
20, 19705.jpg,21,976,549,66,129,-1,-1,-1,-1
21, 19706.jpg,1,554,661,73,108,-1,-1,-1,-1
21, 19706.jpg,3,840,485,60,115,-1,-1,-1,-1
21, 19706.jpg,4,1247,642,81,122,-1,-1,-1,-1
21, 19706.jpg,5,328,689,92,154,-1,-1,-1,-1
21, 19706.jpg,7,770,549,79,131,-1,-1,-1,-1
21, 19706.jpg,8,1287,642,68,116,-1,-1,-1,-1
21, 19706.jpg,9,1148,670,90,158,-1,-1,-1,-1
21, 19706.jpg,10,838,636,78,164,-1,-1,-1,-1
21, 19706.jpg,13,883,553,63,136,-1,-1,-1,-1
21, 19706.jpg,17,1092,523,72,143,-1,-1,-1,-1
21, 19706.jpg,20,1117,558,77,163,-1,-1,-1,-1
21, 19706.jpg,21,974,550,64,125,-1,-1,-1,-1
22, 19707.jpg,1,551,658,74,111,-1,-1,-1,-1
22, 19707.jpg,3,841,483,62,119,-1,-1,-1,-1
22, 19707.jpg,4,1263,642,80,119,-1,-1,-1,-1
22, 19707.jpg,5,331,686,91,153,-1,-1,-1,-1
22, 19707.jpg,7,768,547,79,130,-1,-1,-1,-1
22, 19707.jpg,9,1159,680,88,157,-1,-1,-1,-1
22, 19707.jpg,10,842,637,77,162,-1,-1,-1,-1
22, 19707.jpg,13,883,557,62,135,-1,-1,-1,-1
22, 19707.jpg,17,1095,515,75,149,-1,-1,-1,-1
22, 19707.jpg,20,1134,582,73,155,-1,-1,-1,-1
22, 19707.jpg,21,973,547,65,127,-1,-1,-1,-1
23, 19708.jpg,1,546,650,79,119,-1,-1,-1,-1
23, 19708.jpg,3,843,484,62,121,-1,-1,-1,-1
23, 19708.jpg,4,1254,643,85,119,-1,-1,-1,-1
23, 19708.jpg,5,339,683,91,154,-1,-1,-1,-1
23, 19708.jpg,7,766,543,78,130,-1,-1,-1,-1
23, 19708.jpg,8,1300,649,56,99,-1,-1,-1,-1
23, 19708.jpg,9,1159,659,96,175,-1,-1,-1,-1
23, 19708.jpg,10,846,639,75,159,-1,-1,-1,-1
23, 19708.jpg,13,886,561,58,130,-1,-1,-1,-1
23, 19708.jpg,17,1101,513,73,145,-1,-1,-1,-1
23, 19708.jpg,20,1140,589,74,158,-1,-1,-1,-1
23, 19708.jpg,21,973,547,63,124,-1,-1,-1,-1
24, 19709.jpg,1,539,644,82,124,-1,-1,-1,-1
24, 19709.jpg,3,847,484,63,125,-1,-1,-1,-1
24, 19709.jpg,4,1234,634,101,142,-1,-1,-1,-1
24, 19709.jpg,5,355,682,88,155,-1,-1,-1,-1
24, 19709.jpg,7,758,543,77,128,-1,-1,-1,-1
24, 19709.jpg,8,1297,653,54,96,-1,-1,-1,-1
24, 19709.jpg,9,1179,671,91,166,-1,-1,-1,-1
24, 19709.jpg,10,854,640,74,158,-1,-1,-1,-1
24, 19709.jpg,13,888,561,57,131,-1,-1,-1,-1
24, 19709.jpg,17,1116,513,71,140,-1,-1,-1,-1
24, 19709.jpg,20,1144,593,72,156,-1,-1,-1,-1
24, 19709.jpg,21,966,549,65,129,-1,-1,-1,-1
25, 19710.jpg,1,531,640,83,127,-1,-1,-1,-1
25, 19710.jpg,3,848,485,65,132,-1,-1,-1,-1
25, 19710.jpg,4,1251,624,100,143,-1,-1,-1,-1
25, 19710.jpg,5,365,680,86,157,-1,-1,-1,-1
25, 19710.jpg,7,749,539,77,133,-1,-1,-1,-1
25, 19710.jpg,9,1195,675,89,164,-1,-1,-1,-1
25, 19710.jpg,10,860,639,73,161,-1,-1,-1,-1
25, 19710.jpg,13,889,560,56,132,-1,-1,-1,-1
25, 19710.jpg,17,1122,511,69,139,-1,-1,-1,-1
25, 19710.jpg,20,1151,591,72,157,-1,-1,-1,-1
25, 19710.jpg,21,963,549,65,131,-1,-1,-1,-1
26, 19711.jpg,1,523,639,82,128,-1,-1,-1,-1
26, 19711.jpg,3,852,490,64,132,-1,-1,-1,-1
26, 19711.jpg,4,1259,617,99,144,-1,-1,-1,-1
26, 19711.jpg,5,371,676,86,162,-1,-1,-1,-1
26, 19711.jpg,7,741,536,76,134,-1,-1,-1,-1
26, 19711.jpg,9,1204,678,89,169,-1,-1,-1,-1
26, 19711.jpg,10,863,640,71,161,-1,-1,-1,-1
26, 19711.jpg,13,889,556,57,137,-1,-1,-1,-1
26, 19711.jpg,17,1128,511,66,134,-1,-1,-1,-1
26, 19711.jpg,20,1158,590,71,157,-1,-1,-1,-1
26, 19711.jpg,21,963,548,64,130,-1,-1,-1,-1
27, 19712.jpg,1,516,637,81,129,-1,-1,-1,-1
27, 19712.jpg,3,860,505,65,136,-1,-1,-1,-1
27, 19712.jpg,4,1265,613,97,145,-1,-1,-1,-1
27, 19712.jpg,5,380,677,85,159,-1,-1,-1,-1
27, 19712.jpg,7,738,536,74,134,-1,-1,-1,-1
27, 19712.jpg,9,1213,682,89,171,-1,-1,-1,-1
27, 19712.jpg,10,864,642,68,158,-1,-1,-1,-1
27, 19712.jpg,11,122,488,65,130,-1,-1,-1,-1
27, 19712.jpg,13,890,554,58,141,-1,-1,-1,-1
27, 19712.jpg,17,1134,515,60,125,-1,-1,-1,-1
27, 19712.jpg,20,1163,588,71,157,-1,-1,-1,-1
27, 19712.jpg,21,961,547,65,132,-1,-1,-1,-1
28, 19713.jpg,1,510,638,79,127,-1,-1,-1,-1
28, 19713.jpg,3,864,517,70,146,-1,-1,-1,-1
28, 19713.jpg,4,1273,613,94,144,-1,-1,-1,-1
28, 19713.jpg,5,388,679,83,153,-1,-1,-1,-1
28, 19713.jpg,7,731,535,72,134,-1,-1,-1,-1
28, 19713.jpg,9,1218,683,88,172,-1,-1,-1,-1
28, 19713.jpg,10,865,642,67,157,-1,-1,-1,-1
28, 19713.jpg,11,121,489,66,131,-1,-1,-1,-1
28, 19713.jpg,13,890,555,59,142,-1,-1,-1,-1
28, 19713.jpg,17,1139,516,59,124,-1,-1,-1,-1
28, 19713.jpg,20,1166,584,71,159,-1,-1,-1,-1
28, 19713.jpg,21,959,545,65,135,-1,-1,-1,-1
29, 19714.jpg,1,503,636,81,132,-1,-1,-1,-1
29, 19714.jpg,3,864,516,72,148,-1,-1,-1,-1
29, 19714.jpg,4,1280,612,92,146,-1,-1,-1,-1
29, 19714.jpg,5,393,678,86,155,-1,-1,-1,-1
29, 19714.jpg,7,725,535,72,136,-1,-1,-1,-1
29, 19714.jpg,9,1228,689,84,166,-1,-1,-1,-1
29, 19714.jpg,10,871,616,61,145,-1,-1,-1,-1
29, 19714.jpg,11,120,491,65,128,-1,-1,-1,-1
29, 19714.jpg,17,1142,512,58,123,-1,-1,-1,-1
29, 19714.jpg,20,1157,559,72,162,-1,-1,-1,-1
29, 19714.jpg,21,958,544,65,137,-1,-1,-1,-1
30, 19715.jpg,1,498,632,83,135,-1,-1,-1,-1
30, 19715.jpg,3,867,516,72,148,-1,-1,-1,-1
30, 19715.jpg,4,1285,612,91,145,-1,-1,-1,-1
30, 19715.jpg,5,394,676,89,158,-1,-1,-1,-1
30, 19715.jpg,7,717,537,67,131,-1,-1,-1,-1
30, 19715.jpg,9,1237,691,84,167,-1,-1,-1,-1
30, 19715.jpg,10,873,602,57,138,-1,-1,-1,-1
30, 19715.jpg,11,120,491,64,128,-1,-1,-1,-1
30, 19715.jpg,17,1145,512,64,133,-1,-1,-1,-1
30, 19715.jpg,20,1173,577,69,156,-1,-1,-1,-1
30, 19715.jpg,21,957,544,64,137,-1,-1,-1,-1
31, 19716.jpg,1,492,631,83,135,-1,-1,-1,-1
31, 19716.jpg,3,859,507,66,140,-1,-1,-1,-1
31, 19716.jpg,4,1291,614,88,143,-1,-1,-1,-1
31, 19716.jpg,5,391,675,93,161,-1,-1,-1,-1
31, 19716.jpg,7,710,536,66,132,-1,-1,-1,-1
31, 19716.jpg,9,1248,692,85,166,-1,-1,-1,-1
31, 19716.jpg,10,873,598,57,135,-1,-1,-1,-1
31, 19716.jpg,11,119,491,64,128,-1,-1,-1,-1
31, 19716.jpg,17,1154,512,62,127,-1,-1,-1,-1
31, 19716.jpg,20,1181,584,68,155,-1,-1,-1,-1
31, 19716.jpg,21,957,545,64,138,-1,-1,-1,-1
32, 19717.jpg,1,486,632,82,133,-1,-1,-1,-1
32, 19717.jpg,3,857,506,62,132,-1,-1,-1,-1
32, 19717.jpg,4,1293,614,88,140,-1,-1,-1,-1
32, 19717.jpg,5,395,675,93,159,-1,-1,-1,-1
32, 19717.jpg,7,703,537,65,132,-1,-1,-1,-1
32, 19717.jpg,9,1255,692,88,168,-1,-1,-1,-1
32, 19717.jpg,10,875,600,54,129,-1,-1,-1,-1
32, 19717.jpg,11,117,490,66,130,-1,-1,-1,-1
32, 19717.jpg,17,1161,508,61,125,-1,-1,-1,-1
32, 19717.jpg,20,1185,587,69,158,-1,-1,-1,-1
32, 19717.jpg,21,957,544,62,138,-1,-1,-1,-1
33, 19718.jpg,1,483,632,78,131,-1,-1,-1,-1
33, 19718.jpg,3,857,505,60,132,-1,-1,-1,-1
33, 19718.jpg,4,1304,615,87,137,-1,-1,-1,-1
33, 19718.jpg,5,400,671,94,161,-1,-1,-1,-1
33, 19718.jpg,7,692,535,67,134,-1,-1,-1,-1
33, 19718.jpg,8,1277,611,70,126,-1,-1,-1,-1
33, 19718.jpg,9,1264,697,89,163,-1,-1,-1,-1
33, 19718.jpg,10,875,609,53,124,-1,-1,-1,-1
33, 19718.jpg,11,115,490,67,131,-1,-1,-1,-1
33, 19718.jpg,17,1164,504,63,132,-1,-1,-1,-1
33, 19718.jpg,20,1188,590,70,160,-1,-1,-1,-1
33, 19718.jpg,21,957,544,60,137,-1,-1,-1,-1
34, 19719.jpg,1,477,630,80,133,-1,-1,-1,-1
34, 19719.jpg,3,857,504,60,131,-1,-1,-1,-1
34, 19719.jpg,4,1323,615,88,139,-1,-1,-1,-1
34, 19719.jpg,5,422,663,91,155,-1,-1,-1,-1
34, 19719.jpg,7,684,534,69,136,-1,-1,-1,-1
34, 19719.jpg,8,1276,610,68,128,-1,-1,-1,-1
34, 19719.jpg,9,1265,701,94,165,-1,-1,-1,-1
34, 19719.jpg,10,872,631,60,144,-1,-1,-1,-1
34, 19719.jpg,11,114,490,66,130,-1,-1,-1,-1
34, 19719.jpg,17,1173,505,64,138,-1,-1,-1,-1
34, 19719.jpg,20,1193,598,69,155,-1,-1,-1,-1
34, 19719.jpg,21,956,545,60,136,-1,-1,-1,-1
35, 19720.jpg,3,860,502,60,136,-1,-1,-1,-1
35, 19720.jpg,4,1336,615,89,138,-1,-1,-1,-1
35, 19720.jpg,5,438,655,89,154,-1,-1,-1,-1
35, 19720.jpg,7,676,534,72,137,-1,-1,-1,-1
35, 19720.jpg,8,1275,611,67,128,-1,-1,-1,-1
35, 19720.jpg,9,1271,706,99,167,-1,-1,-1,-1
35, 19720.jpg,10,870,642,61,148,-1,-1,-1,-1
35, 19720.jpg,11,113,490,66,130,-1,-1,-1,-1
35, 19720.jpg,17,1176,502,67,145,-1,-1,-1,-1
35, 19720.jpg,20,1201,606,69,149,-1,-1,-1,-1
35, 19720.jpg,21,955,546,60,139,-1,-1,-1,-1
36, 19721.jpg,1,461,632,75,128,-1,-1,-1,-1
36, 19721.jpg,3,860,500,61,139,-1,-1,-1,-1
36, 19721.jpg,4,1344,617,90,136,-1,-1,-1,-1
36, 19721.jpg,5,434,658,91,160,-1,-1,-1,-1
36, 19721.jpg,7,669,534,73,137,-1,-1,-1,-1
36, 19721.jpg,8,1269,610,68,132,-1,-1,-1,-1
36, 19721.jpg,9,1276,708,103,169,-1,-1,-1,-1
36, 19721.jpg,10,870,647,60,151,-1,-1,-1,-1
36, 19721.jpg,11,111,490,66,130,-1,-1,-1,-1
36, 19721.jpg,13,885,599,59,144,-1,-1,-1,-1
36, 19721.jpg,17,1181,500,67,144,-1,-1,-1,-1
36, 19721.jpg,20,1204,611,71,147,-1,-1,-1,-1
36, 19721.jpg,21,954,547,59,139,-1,-1,-1,-1
37, 19722.jpg,1,458,634,70,124,-1,-1,-1,-1
37, 19722.jpg,3,862,499,60,139,-1,-1,-1,-1
37, 19722.jpg,4,1353,619,90,133,-1,-1,-1,-1
37, 19722.jpg,5,442,665,85,154,-1,-1,-1,-1
37, 19722.jpg,7,663,534,71,135,-1,-1,-1,-1
37, 19722.jpg,8,1268,606,69,137,-1,-1,-1,-1
37, 19722.jpg,9,1279,713,103,167,-1,-1,-1,-1
37, 19722.jpg,10,870,649,60,153,-1,-1,-1,-1
37, 19722.jpg,11,110,490,66,130,-1,-1,-1,-1
37, 19722.jpg,13,885,596,61,149,-1,-1,-1,-1
37, 19722.jpg,17,1187,501,65,140,-1,-1,-1,-1
37, 19722.jpg,20,1206,616,71,142,-1,-1,-1,-1
37, 19722.jpg,21,952,549,59,140,-1,-1,-1,-1
38, 19723.jpg,1,455,632,71,127,-1,-1,-1,-1
38, 19723.jpg,3,865,498,58,139,-1,-1,-1,-1
38, 19723.jpg,4,1360,620,92,133,-1,-1,-1,-1
38, 19723.jpg,5,447,665,85,153,-1,-1,-1,-1
38, 19723.jpg,7,656,534,71,134,-1,-1,-1,-1
38, 19723.jpg,8,1269,600,68,140,-1,-1,-1,-1
38, 19723.jpg,9,1282,720,101,166,-1,-1,-1,-1
38, 19723.jpg,10,870,652,61,154,-1,-1,-1,-1
38, 19723.jpg,13,880,599,65,161,-1,-1,-1,-1
38, 19723.jpg,17,1193,504,63,135,-1,-1,-1,-1
38, 19723.jpg,20,1207,619,73,140,-1,-1,-1,-1
38, 19723.jpg,21,952,551,56,137,-1,-1,-1,-1
39, 19724.jpg,1,448,630,66,120,-1,-1,-1,-1
39, 19724.jpg,3,866,499,58,139,-1,-1,-1,-1
39, 19724.jpg,4,1365,621,92,132,-1,-1,-1,-1
39, 19724.jpg,5,449,680,76,139,-1,-1,-1,-1
39, 19724.jpg,7,649,533,69,135,-1,-1,-1,-1
39, 19724.jpg,8,1269,595,70,147,-1,-1,-1,-1
39, 19724.jpg,9,1287,725,101,166,-1,-1,-1,-1
39, 19724.jpg,13,881,598,63,155,-1,-1,-1,-1
39, 19724.jpg,17,1200,507,62,128,-1,-1,-1,-1
39, 19724.jpg,20,1207,623,73,137,-1,-1,-1,-1
39, 19724.jpg,21,954,550,55,136,-1,-1,-1,-1
40, 19725.jpg,1,439,626,68,121,-1,-1,-1,-1
40, 19725.jpg,3,867,500,58,138,-1,-1,-1,-1
40, 19725.jpg,4,1367,622,89,127,-1,-1,-1,-1
40, 19725.jpg,5,448,665,83,148,-1,-1,-1,-1
40, 19725.jpg,7,641,533,67,135,-1,-1,-1,-1
40, 19725.jpg,8,1266,593,72,149,-1,-1,-1,-1
40, 19725.jpg,9,1285,729,105,173,-1,-1,-1,-1
40, 19725.jpg,13,878,598,58,141,-1,-1,-1,-1
40, 19725.jpg,17,1204,506,63,126,-1,-1,-1,-1
40, 19725.jpg,20,1221,615,80,145,-1,-1,-1,-1
40, 19725.jpg,21,956,549,55,137,-1,-1,-1,-1
