2, 26972.jpg,1,819,379,60,93,-1,-1,-1,-1
2, 26972.jpg,2,615,423,40,87,-1,-1,-1,-1
2, 26972.jpg,3,622,356,40,93,-1,-1,-1,-1
2, 26972.jpg,4,852,356,43,91,-1,-1,-1,-1
2, 26972.jpg,5,868,311,44,73,-1,-1,-1,-1
2, 26972.jpg,6,671,331,48,87,-1,-1,-1,-1
2, 26972.jpg,7,490,352,33,80,-1,-1,-1,-1
2, 26972.jpg,8,761,427,57,101,-1,-1,-1,-1
2, 26972.jpg,9,358,356,37,90,-1,-1,-1,-1
2, 26972.jpg,10,443,428,51,81,-1,-1,-1,-1
3, 26973.jpg,1,811,387,57,90,-1,-1,-1,-1
3, 26973.jpg,2,617,426,41,91,-1,-1,-1,-1
3, 26973.jpg,3,625,365,38,89,-1,-1,-1,-1
3, 26973.jpg,4,858,345,37,79,-1,-1,-1,-1
3, 26973.jpg,5,868,311,43,74,-1,-1,-1,-1
3, 26973.jpg,6,669,331,49,90,-1,-1,-1,-1
3, 26973.jpg,7,492,351,34,81,-1,-1,-1,-1
3, 26973.jpg,8,753,428,56,101,-1,-1,-1,-1
3, 26973.jpg,9,360,355,36,89,-1,-1,-1,-1
3, 26973.jpg,10,446,431,48,78,-1,-1,-1,-1
4, 26974.jpg,1,809,391,57,91,-1,-1,-1,-1
4, 26974.jpg,2,621,424,41,92,-1,-1,-1,-1
4, 26974.jpg,3,625,339,43,104,-1,-1,-1,-1
4, 26974.jpg,4,853,355,39,83,-1,-1,-1,-1
4, 26974.jpg,6,668,331,50,93,-1,-1,-1,-1
4, 26974.jpg,7,494,351,34,81,-1,-1,-1,-1
4, 26974.jpg,8,744,429,56,100,-1,-1,-1,-1
4, 26974.jpg,9,360,353,37,90,-1,-1,-1,-1
4, 26974.jpg,10,448,431,51,81,-1,-1,-1,-1
5, 26975.jpg,1,808,393,57,92,-1,-1,-1,-1
5, 26975.jpg,2,625,422,40,91,-1,-1,-1,-1
5, 26975.jpg,3,627,362,42,100,-1,-1,-1,-1
5, 26975.jpg,4,854,346,42,91,-1,-1,-1,-1
5, 26975.jpg,5,856,319,44,76,-1,-1,-1,-1
5, 26975.jpg,6,668,329,50,95,-1,-1,-1,-1
5, 26975.jpg,7,495,350,34,80,-1,-1,-1,-1
5, 26975.jpg,8,738,425,58,102,-1,-1,-1,-1
5, 26975.jpg,9,361,352,37,90,-1,-1,-1,-1
5, 26975.jpg,10,449,433,49,79,-1,-1,-1,-1
6, 26976.jpg,1,809,395,56,92,-1,-1,-1,-1
6, 26976.jpg,2,627,421,41,93,-1,-1,-1,-1
6, 26976.jpg,3,629,372,41,100,-1,-1,-1,-1
6, 26976.jpg,4,853,342,44,96,-1,-1,-1,-1
6, 26976.jpg,5,855,320,43,76,-1,-1,-1,-1
6, 26976.jpg,6,668,328,51,97,-1,-1,-1,-1
6, 26976.jpg,7,495,351,34,76,-1,-1,-1,-1
6, 26976.jpg,8,735,424,59,104,-1,-1,-1,-1
6, 26976.jpg,9,362,352,37,89,-1,-1,-1,-1
6, 26976.jpg,10,450,434,49,79,-1,-1,-1,-1
7, 26977.jpg,1,810,398,55,91,-1,-1,-1,-1
7, 26977.jpg,3,632,375,37,90,-1,-1,-1,-1
7, 26977.jpg,4,848,359,42,88,-1,-1,-1,-1
7, 26977.jpg,5,852,320,42,76,-1,-1,-1,-1
7, 26977.jpg,6,671,326,51,102,-1,-1,-1,-1
7, 26977.jpg,7,497,353,34,72,-1,-1,-1,-1
7, 26977.jpg,8,733,419,62,110,-1,-1,-1,-1
7, 26977.jpg,9,362,351,38,90,-1,-1,-1,-1
7, 26977.jpg,10,450,433,51,81,-1,-1,-1,-1
8, 26978.jpg,1,808,399,56,95,-1,-1,-1,-1
8, 26978.jpg,2,632,437,37,82,-1,-1,-1,-1
8, 26978.jpg,3,634,379,35,85,-1,-1,-1,-1
8, 26978.jpg,4,847,359,42,89,-1,-1,-1,-1
8, 26978.jpg,5,850,328,45,80,-1,-1,-1,-1
8, 26978.jpg,6,674,328,49,100,-1,-1,-1,-1
8, 26978.jpg,7,496,353,34,68,-1,-1,-1,-1
8, 26978.jpg,8,731,411,66,116,-1,-1,-1,-1
8, 26978.jpg,9,362,352,39,90,-1,-1,-1,-1
8, 26978.jpg,10,451,433,53,84,-1,-1,-1,-1
8, 26978.jpg,13,635,315,36,97,-1,-1,-1,-1
9, 26979.jpg,1,812,401,54,93,-1,-1,-1,-1
9, 26979.jpg,2,635,424,39,90,-1,-1,-1,-1
9, 26979.jpg,3,636,382,34,83,-1,-1,-1,-1
9, 26979.jpg,4,841,366,45,97,-1,-1,-1,-1
9, 26979.jpg,5,848,323,46,84,-1,-1,-1,-1
9, 26979.jpg,6,676,330,49,103,-1,-1,-1,-1
9, 26979.jpg,7,496,354,33,64,-1,-1,-1,-1
9, 26979.jpg,8,730,402,69,123,-1,-1,-1,-1
9, 26979.jpg,9,362,355,39,87,-1,-1,-1,-1
9, 26979.jpg,10,450,432,56,88,-1,-1,-1,-1
9, 26979.jpg,13,640,319,32,90,-1,-1,-1,-1
10, 26980.jpg,1,812,402,52,92,-1,-1,-1,-1
10, 26980.jpg,2,638,424,39,91,-1,-1,-1,-1
10, 26980.jpg,3,638,381,41,100,-1,-1,-1,-1
10, 26980.jpg,4,839,368,46,98,-1,-1,-1,-1
10, 26980.jpg,5,849,321,47,88,-1,-1,-1,-1
10, 26980.jpg,6,677,334,48,104,-1,-1,-1,-1
10, 26980.jpg,7,498,354,35,64,-1,-1,-1,-1
10, 26980.jpg,8,729,397,68,123,-1,-1,-1,-1
10, 26980.jpg,9,362,357,39,85,-1,-1,-1,-1
10, 26980.jpg,10,449,432,55,88,-1,-1,-1,-1
10, 26980.jpg,13,642,321,32,88,-1,-1,-1,-1
11, 26981.jpg,1,812,406,49,87,-1,-1,-1,-1
11, 26981.jpg,3,639,359,43,110,-1,-1,-1,-1
11, 26981.jpg,4,846,355,46,99,-1,-1,-1,-1
11, 26981.jpg,5,847,322,48,90,-1,-1,-1,-1
11, 26981.jpg,6,678,341,44,99,-1,-1,-1,-1
11, 26981.jpg,7,495,352,38,65,-1,-1,-1,-1
11, 26981.jpg,8,730,392,66,120,-1,-1,-1,-1
11, 26981.jpg,9,362,359,39,83,-1,-1,-1,-1
11, 26981.jpg,10,444,432,56,90,-1,-1,-1,-1
11, 26981.jpg,13,644,323,31,85,-1,-1,-1,-1
12, 26982.jpg,1,812,408,48,86,-1,-1,-1,-1
12, 26982.jpg,2,640,396,42,97,-1,-1,-1,-1
12, 26982.jpg,3,640,358,45,113,-1,-1,-1,-1
12, 26982.jpg,4,839,376,43,89,-1,-1,-1,-1
12, 26982.jpg,5,850,329,43,81,-1,-1,-1,-1
12, 26982.jpg,6,682,337,40,91,-1,-1,-1,-1
12, 26982.jpg,7,493,350,40,67,-1,-1,-1,-1
12, 26982.jpg,8,729,386,65,119,-1,-1,-1,-1
12, 26982.jpg,9,362,360,39,81,-1,-1,-1,-1
12, 26982.jpg,10,440,434,54,89,-1,-1,-1,-1
12, 26982.jpg,13,647,324,33,92,-1,-1,-1,-1
13, 26983.jpg,1,817,406,46,84,-1,-1,-1,-1
13, 26983.jpg,2,640,383,43,102,-1,-1,-1,-1
13, 26983.jpg,4,842,363,45,94,-1,-1,-1,-1
13, 26983.jpg,5,848,331,43,82,-1,-1,-1,-1
13, 26983.jpg,6,686,333,37,86,-1,-1,-1,-1
13, 26983.jpg,7,490,348,42,70,-1,-1,-1,-1
13, 26983.jpg,8,727,379,68,124,-1,-1,-1,-1
13, 26983.jpg,9,361,360,40,80,-1,-1,-1,-1
13, 26983.jpg,10,435,434,55,91,-1,-1,-1,-1
13, 26983.jpg,13,648,327,32,88,-1,-1,-1,-1
14, 26984.jpg,1,817,408,46,83,-1,-1,-1,-1
14, 26984.jpg,2,643,413,40,96,-1,-1,-1,-1
14, 26984.jpg,4,836,380,43,90,-1,-1,-1,-1
14, 26984.jpg,5,848,332,42,79,-1,-1,-1,-1
14, 26984.jpg,6,687,331,36,87,-1,-1,-1,-1
14, 26984.jpg,7,485,347,43,69,-1,-1,-1,-1
14, 26984.jpg,8,726,371,67,127,-1,-1,-1,-1
14, 26984.jpg,9,360,357,42,84,-1,-1,-1,-1
14, 26984.jpg,10,431,433,55,93,-1,-1,-1,-1
14, 26984.jpg,13,651,337,28,80,-1,-1,-1,-1
15, 26985.jpg,1,818,406,45,83,-1,-1,-1,-1
15, 26985.jpg,2,644,407,44,107,-1,-1,-1,-1
15, 26985.jpg,3,643,348,39,104,-1,-1,-1,-1
15, 26985.jpg,4,844,374,42,87,-1,-1,-1,-1
15, 26985.jpg,5,847,334,41,79,-1,-1,-1,-1
15, 26985.jpg,6,688,331,38,91,-1,-1,-1,-1
15, 26985.jpg,7,480,346,43,69,-1,-1,-1,-1
15, 26985.jpg,8,724,367,65,127,-1,-1,-1,-1
15, 26985.jpg,9,357,357,43,84,-1,-1,-1,-1
15, 26985.jpg,10,427,430,56,96,-1,-1,-1,-1
15, 26985.jpg,13,653,340,28,78,-1,-1,-1,-1
16, 26986.jpg,1,826,396,49,89,-1,-1,-1,-1
16, 26986.jpg,2,641,397,47,122,-1,-1,-1,-1
16, 26986.jpg,3,644,347,40,105,-1,-1,-1,-1
16, 26986.jpg,4,846,374,41,86,-1,-1,-1,-1
16, 26986.jpg,5,847,332,42,80,-1,-1,-1,-1
16, 26986.jpg,6,688,330,40,100,-1,-1,-1,-1
16, 26986.jpg,7,475,343,43,70,-1,-1,-1,-1
16, 26986.jpg,8,722,365,60,121,-1,-1,-1,-1
16, 26986.jpg,9,354,357,43,84,-1,-1,-1,-1
16, 26986.jpg,10,422,430,58,98,-1,-1,-1,-1
17, 26987.jpg,1,822,402,47,87,-1,-1,-1,-1
17, 26987.jpg,2,642,396,47,124,-1,-1,-1,-1
17, 26987.jpg,4,842,382,41,83,-1,-1,-1,-1
17, 26987.jpg,5,847,332,41,79,-1,-1,-1,-1
17, 26987.jpg,6,689,329,41,104,-1,-1,-1,-1
17, 26987.jpg,7,470,341,43,72,-1,-1,-1,-1
17, 26987.jpg,8,718,363,57,120,-1,-1,-1,-1
17, 26987.jpg,9,349,359,43,84,-1,-1,-1,-1
17, 26987.jpg,10,418,430,58,97,-1,-1,-1,-1
18, 26988.jpg,1,831,396,47,84,-1,-1,-1,-1
18, 26988.jpg,2,643,396,46,125,-1,-1,-1,-1
18, 26988.jpg,4,842,384,41,82,-1,-1,-1,-1
18, 26988.jpg,5,845,342,49,94,-1,-1,-1,-1
18, 26988.jpg,6,692,327,36,94,-1,-1,-1,-1
18, 26988.jpg,7,466,341,42,71,-1,-1,-1,-1
18, 26988.jpg,8,717,360,58,125,-1,-1,-1,-1
18, 26988.jpg,9,347,360,41,82,-1,-1,-1,-1
18, 26988.jpg,10,414,430,57,98,-1,-1,-1,-1
19, 26989.jpg,1,825,402,47,86,-1,-1,-1,-1
19, 26989.jpg,2,646,404,42,116,-1,-1,-1,-1
19, 26989.jpg,3,650,350,40,108,-1,-1,-1,-1
19, 26989.jpg,4,843,373,45,90,-1,-1,-1,-1
19, 26989.jpg,5,843,331,48,92,-1,-1,-1,-1
19, 26989.jpg,6,693,327,37,94,-1,-1,-1,-1
19, 26989.jpg,7,461,340,41,69,-1,-1,-1,-1
19, 26989.jpg,8,707,357,56,122,-1,-1,-1,-1
19, 26989.jpg,9,344,361,42,83,-1,-1,-1,-1
19, 26989.jpg,10,407,431,57,98,-1,-1,-1,-1
20, 26990.jpg,1,823,404,47,87,-1,-1,-1,-1
20, 26990.jpg,2,649,397,40,111,-1,-1,-1,-1
20, 26990.jpg,3,650,350,35,92,-1,-1,-1,-1
20, 26990.jpg,4,845,368,44,83,-1,-1,-1,-1
20, 26990.jpg,5,842,332,48,94,-1,-1,-1,-1
20, 26990.jpg,6,693,334,39,104,-1,-1,-1,-1
20, 26990.jpg,7,458,340,39,67,-1,-1,-1,-1
20, 26990.jpg,8,712,360,54,123,-1,-1,-1,-1
20, 26990.jpg,9,342,363,43,85,-1,-1,-1,-1
20, 26990.jpg,10,402,431,57,99,-1,-1,-1,-1
21, 26991.jpg,1,831,396,50,92,-1,-1,-1,-1
21, 26991.jpg,2,651,397,41,117,-1,-1,-1,-1
21, 26991.jpg,3,655,362,34,93,-1,-1,-1,-1
21, 26991.jpg,4,856,375,43,81,-1,-1,-1,-1
21, 26991.jpg,5,846,339,50,97,-1,-1,-1,-1
21, 26991.jpg,6,695,329,37,100,-1,-1,-1,-1
21, 26991.jpg,7,451,341,40,65,-1,-1,-1,-1
21, 26991.jpg,8,702,352,55,129,-1,-1,-1,-1
21, 26991.jpg,9,339,366,42,85,-1,-1,-1,-1
21, 26991.jpg,10,397,431,57,98,-1,-1,-1,-1
22, 26992.jpg,1,834,396,51,91,-1,-1,-1,-1
22, 26992.jpg,2,652,395,42,120,-1,-1,-1,-1
22, 26992.jpg,3,657,363,34,92,-1,-1,-1,-1
22, 26992.jpg,4,857,375,43,81,-1,-1,-1,-1
22, 26992.jpg,5,841,329,49,92,-1,-1,-1,-1
22, 26992.jpg,6,696,329,37,100,-1,-1,-1,-1
22, 26992.jpg,7,443,342,43,69,-1,-1,-1,-1
22, 26992.jpg,8,697,349,55,131,-1,-1,-1,-1
22, 26992.jpg,9,336,369,43,86,-1,-1,-1,-1
22, 26992.jpg,10,390,430,58,101,-1,-1,-1,-1
22, 26992.jpg,13,657,351,28,75,-1,-1,-1,-1
23, 26993.jpg,1,835,394,52,91,-1,-1,-1,-1
23, 26993.jpg,2,653,393,43,122,-1,-1,-1,-1
23, 26993.jpg,3,654,371,37,96,-1,-1,-1,-1
23, 26993.jpg,4,863,378,44,81,-1,-1,-1,-1
23, 26993.jpg,5,844,327,46,88,-1,-1,-1,-1
23, 26993.jpg,7,437,344,45,67,-1,-1,-1,-1
23, 26993.jpg,8,703,361,54,128,-1,-1,-1,-1
23, 26993.jpg,9,334,374,42,85,-1,-1,-1,-1
23, 26993.jpg,10,385,431,58,99,-1,-1,-1,-1
23, 26993.jpg,13,658,353,28,74,-1,-1,-1,-1
24, 26994.jpg,1,829,403,53,94,-1,-1,-1,-1
24, 26994.jpg,2,655,395,42,119,-1,-1,-1,-1
24, 26994.jpg,3,656,372,36,97,-1,-1,-1,-1
24, 26994.jpg,4,868,378,44,80,-1,-1,-1,-1
24, 26994.jpg,5,844,327,46,87,-1,-1,-1,-1
24, 26994.jpg,6,703,328,34,90,-1,-1,-1,-1
24, 26994.jpg,7,435,348,44,64,-1,-1,-1,-1
24, 26994.jpg,8,707,369,53,127,-1,-1,-1,-1
24, 26994.jpg,9,333,379,42,82,-1,-1,-1,-1
24, 26994.jpg,10,381,433,58,97,-1,-1,-1,-1
24, 26994.jpg,13,660,352,28,72,-1,-1,-1,-1
25, 26995.jpg,1,829,407,52,94,-1,-1,-1,-1
25, 26995.jpg,2,657,395,41,119,-1,-1,-1,-1
25, 26995.jpg,4,863,363,48,88,-1,-1,-1,-1
25, 26995.jpg,5,844,329,46,85,-1,-1,-1,-1
25, 26995.jpg,6,706,329,38,100,-1,-1,-1,-1
25, 26995.jpg,7,434,351,44,60,-1,-1,-1,-1
25, 26995.jpg,8,710,378,50,121,-1,-1,-1,-1
25, 26995.jpg,9,333,382,40,78,-1,-1,-1,-1
25, 26995.jpg,10,378,433,59,97,-1,-1,-1,-1
25, 26995.jpg,13,660,352,29,71,-1,-1,-1,-1
26, 26996.jpg,1,831,410,50,93,-1,-1,-1,-1
26, 26996.jpg,2,659,389,41,120,-1,-1,-1,-1
26, 26996.jpg,4,872,369,48,88,-1,-1,-1,-1
26, 26996.jpg,5,844,330,47,85,-1,-1,-1,-1
26, 26996.jpg,6,711,327,39,108,-1,-1,-1,-1
26, 26996.jpg,7,436,355,44,56,-1,-1,-1,-1
26, 26996.jpg,8,705,376,56,135,-1,-1,-1,-1
26, 26996.jpg,9,333,384,40,78,-1,-1,-1,-1
26, 26996.jpg,10,376,432,60,98,-1,-1,-1,-1
26, 26996.jpg,13,661,354,29,69,-1,-1,-1,-1
27, 26997.jpg,1,833,414,47,90,-1,-1,-1,-1
27, 26997.jpg,2,660,395,41,123,-1,-1,-1,-1
27, 26997.jpg,4,867,363,49,89,-1,-1,-1,-1
27, 26997.jpg,5,843,330,48,86,-1,-1,-1,-1
27, 26997.jpg,6,711,328,42,112,-1,-1,-1,-1
27, 26997.jpg,7,435,355,46,56,-1,-1,-1,-1
27, 26997.jpg,8,705,384,54,129,-1,-1,-1,-1
27, 26997.jpg,9,331,386,42,79,-1,-1,-1,-1
27, 26997.jpg,10,373,431,62,99,-1,-1,-1,-1
27, 26997.jpg,13,662,351,33,83,-1,-1,-1,-1
28, 26998.jpg,1,836,414,46,91,-1,-1,-1,-1
28, 26998.jpg,2,662,399,41,122,-1,-1,-1,-1
28, 26998.jpg,4,866,358,52,93,-1,-1,-1,-1
28, 26998.jpg,6,715,329,39,107,-1,-1,-1,-1
28, 26998.jpg,7,438,355,48,55,-1,-1,-1,-1
28, 26998.jpg,8,708,385,52,127,-1,-1,-1,-1
28, 26998.jpg,9,330,390,41,78,-1,-1,-1,-1
28, 26998.jpg,10,370,428,65,102,-1,-1,-1,-1
28, 26998.jpg,13,662,352,33,82,-1,-1,-1,-1
29, 26999.jpg,1,838,411,46,92,-1,-1,-1,-1
29, 26999.jpg,2,666,404,38,116,-1,-1,-1,-1
29, 26999.jpg,4,878,367,51,93,-1,-1,-1,-1
29, 26999.jpg,5,848,330,50,93,-1,-1,-1,-1
29, 26999.jpg,6,718,334,40,107,-1,-1,-1,-1
29, 26999.jpg,7,439,353,50,57,-1,-1,-1,-1
29, 26999.jpg,8,708,395,49,118,-1,-1,-1,-1
29, 26999.jpg,9,331,396,40,72,-1,-1,-1,-1
29, 26999.jpg,10,368,427,65,100,-1,-1,-1,-1
29, 26999.jpg,13,664,349,35,85,-1,-1,-1,-1
30, 27000.jpg,1,839,408,48,96,-1,-1,-1,-1
30, 27000.jpg,2,669,406,38,114,-1,-1,-1,-1
30, 27000.jpg,4,884,369,52,94,-1,-1,-1,-1
30, 27000.jpg,5,850,330,51,95,-1,-1,-1,-1
30, 27000.jpg,6,721,335,42,110,-1,-1,-1,-1
30, 27000.jpg,7,439,351,53,59,-1,-1,-1,-1
30, 27000.jpg,8,713,389,48,118,-1,-1,-1,-1
30, 27000.jpg,9,330,402,39,67,-1,-1,-1,-1
30, 27000.jpg,10,365,425,66,102,-1,-1,-1,-1
30, 27000.jpg,13,664,349,32,77,-1,-1,-1,-1
31, 27001.jpg,1,841,404,48,100,-1,-1,-1,-1
31, 27001.jpg,2,672,411,36,109,-1,-1,-1,-1
31, 27001.jpg,4,891,368,52,96,-1,-1,-1,-1
31, 27001.jpg,5,853,331,50,93,-1,-1,-1,-1
31, 27001.jpg,6,722,324,36,95,-1,-1,-1,-1
31, 27001.jpg,7,439,349,56,60,-1,-1,-1,-1
31, 27001.jpg,8,717,387,47,113,-1,-1,-1,-1
31, 27001.jpg,9,323,407,40,66,-1,-1,-1,-1
31, 27001.jpg,10,363,425,64,99,-1,-1,-1,-1
31, 27001.jpg,13,664,346,32,78,-1,-1,-1,-1
32, 27002.jpg,1,843,407,47,98,-1,-1,-1,-1
32, 27002.jpg,2,672,407,36,111,-1,-1,-1,-1
32, 27002.jpg,3,718,336,44,118,-1,-1,-1,-1
32, 27002.jpg,4,894,367,52,98,-1,-1,-1,-1
32, 27002.jpg,5,855,330,49,94,-1,-1,-1,-1
32, 27002.jpg,6,724,324,35,94,-1,-1,-1,-1
32, 27002.jpg,7,438,346,59,63,-1,-1,-1,-1
32, 27002.jpg,8,717,387,47,113,-1,-1,-1,-1
32, 27002.jpg,9,319,412,39,64,-1,-1,-1,-1
32, 27002.jpg,10,361,424,63,97,-1,-1,-1,-1
32, 27002.jpg,13,664,344,33,79,-1,-1,-1,-1
33, 27003.jpg,1,849,409,44,93,-1,-1,-1,-1
33, 27003.jpg,2,672,401,37,116,-1,-1,-1,-1
33, 27003.jpg,3,723,332,43,115,-1,-1,-1,-1
33, 27003.jpg,4,897,367,52,100,-1,-1,-1,-1
33, 27003.jpg,5,857,330,49,92,-1,-1,-1,-1
33, 27003.jpg,7,438,344,60,63,-1,-1,-1,-1
33, 27003.jpg,8,717,388,47,110,-1,-1,-1,-1
33, 27003.jpg,9,316,418,39,60,-1,-1,-1,-1
33, 27003.jpg,10,358,422,61,97,-1,-1,-1,-1
33, 27003.jpg,13,662,339,35,83,-1,-1,-1,-1
34, 27004.jpg,1,852,404,44,97,-1,-1,-1,-1
34, 27004.jpg,2,672,395,38,120,-1,-1,-1,-1
34, 27004.jpg,3,724,327,42,113,-1,-1,-1,-1
34, 27004.jpg,4,902,366,51,99,-1,-1,-1,-1
34, 27004.jpg,5,860,329,49,93,-1,-1,-1,-1
34, 27004.jpg,7,438,343,62,64,-1,-1,-1,-1
34, 27004.jpg,8,718,393,45,105,-1,-1,-1,-1
34, 27004.jpg,9,310,424,36,53,-1,-1,-1,-1
34, 27004.jpg,10,353,420,61,96,-1,-1,-1,-1
34, 27004.jpg,13,661,336,35,83,-1,-1,-1,-1
35, 27005.jpg,1,854,405,44,97,-1,-1,-1,-1
35, 27005.jpg,2,673,392,39,121,-1,-1,-1,-1
35, 27005.jpg,3,728,325,43,113,-1,-1,-1,-1
35, 27005.jpg,4,907,363,50,101,-1,-1,-1,-1
35, 27005.jpg,5,863,328,49,94,-1,-1,-1,-1
35, 27005.jpg,6,728,322,33,88,-1,-1,-1,-1
35, 27005.jpg,7,441,341,62,63,-1,-1,-1,-1
35, 27005.jpg,8,719,395,43,101,-1,-1,-1,-1
35, 27005.jpg,9,308,431,36,49,-1,-1,-1,-1
35, 27005.jpg,10,351,420,57,92,-1,-1,-1,-1
35, 27005.jpg,13,661,332,35,81,-1,-1,-1,-1
36, 27006.jpg,1,855,401,46,102,-1,-1,-1,-1
36, 27006.jpg,2,673,388,40,125,-1,-1,-1,-1
36, 27006.jpg,4,912,360,49,102,-1,-1,-1,-1
36, 27006.jpg,5,866,327,49,94,-1,-1,-1,-1
36, 27006.jpg,6,731,319,29,77,-1,-1,-1,-1
36, 27006.jpg,7,443,340,62,62,-1,-1,-1,-1
36, 27006.jpg,8,723,392,44,102,-1,-1,-1,-1
36, 27006.jpg,9,300,436,43,54,-1,-1,-1,-1
36, 27006.jpg,10,349,419,56,92,-1,-1,-1,-1
36, 27006.jpg,13,659,329,36,80,-1,-1,-1,-1
37, 27007.jpg,1,857,397,46,106,-1,-1,-1,-1
37, 27007.jpg,2,673,384,39,126,-1,-1,-1,-1
37, 27007.jpg,3,730,329,40,106,-1,-1,-1,-1
37, 27007.jpg,4,918,359,49,102,-1,-1,-1,-1
37, 27007.jpg,5,870,327,48,95,-1,-1,-1,-1
37, 27007.jpg,6,733,319,28,74,-1,-1,-1,-1
37, 27007.jpg,7,445,339,62,62,-1,-1,-1,-1
37, 27007.jpg,8,726,384,45,107,-1,-1,-1,-1
37, 27007.jpg,9,297,440,42,53,-1,-1,-1,-1
37, 27007.jpg,10,333,426,53,78,-1,-1,-1,-1
37, 27007.jpg,13,656,326,40,83,-1,-1,-1,-1
38, 27008.jpg,1,858,396,46,108,-1,-1,-1,-1
38, 27008.jpg,2,673,380,41,131,-1,-1,-1,-1
38, 27008.jpg,3,734,330,39,100,-1,-1,-1,-1
38, 27008.jpg,4,925,357,47,102,-1,-1,-1,-1
38, 27008.jpg,5,872,327,48,96,-1,-1,-1,-1
38, 27008.jpg,7,446,339,63,62,-1,-1,-1,-1
38, 27008.jpg,8,725,376,50,118,-1,-1,-1,-1
38, 27008.jpg,10,318,428,57,76,-1,-1,-1,-1
38, 27008.jpg,13,653,324,43,85,-1,-1,-1,-1
39, 27009.jpg,1,862,395,45,108,-1,-1,-1,-1
39, 27009.jpg,2,675,386,39,125,-1,-1,-1,-1
39, 27009.jpg,3,735,325,41,102,-1,-1,-1,-1
39, 27009.jpg,4,930,356,47,103,-1,-1,-1,-1
39, 27009.jpg,5,874,326,48,97,-1,-1,-1,-1
39, 27009.jpg,7,449,340,61,60,-1,-1,-1,-1
39, 27009.jpg,8,727,374,49,120,-1,-1,-1,-1
39, 27009.jpg,10,299,424,58,75,-1,-1,-1,-1
39, 27009.jpg,13,652,321,44,82,-1,-1,-1,-1
40, 27010.jpg,1,862,399,43,104,-1,-1,-1,-1
40, 27010.jpg,2,676,388,38,123,-1,-1,-1,-1
40, 27010.jpg,3,734,319,37,92,-1,-1,-1,-1
40, 27010.jpg,4,935,357,45,104,-1,-1,-1,-1
40, 27010.jpg,5,876,327,47,98,-1,-1,-1,-1
40, 27010.jpg,7,449,341,63,61,-1,-1,-1,-1
40, 27010.jpg,8,729,375,47,116,-1,-1,-1,-1
40, 27010.jpg,10,286,427,60,76,-1,-1,-1,-1
40, 27010.jpg,13,650,322,46,82,-1,-1,-1,-1
