2, 19497.jpg,1,74,528,70,135,-1,-1,-1,-1
2, 19497.jpg,2,658,501,53,113,-1,-1,-1,-1
2, 19497.jpg,3,656,602,44,106,-1,-1,-1,-1
2, 19497.jpg,4,848,608,59,147,-1,-1,-1,-1
2, 19497.jpg,5,988,654,54,155,-1,-1,-1,-1
2, 19497.jpg,6,1315,685,55,144,-1,-1,-1,-1
2, 19497.jpg,7,591,669,69,128,-1,-1,-1,-1
2, 19497.jpg,8,1386,590,60,148,-1,-1,-1,-1
2, 19497.jpg,9,1229,560,57,128,-1,-1,-1,-1
2, 19497.jpg,10,935,558,56,173,-1,-1,-1,-1
2, 19497.jpg,11,507,548,83,124,-1,-1,-1,-1
3, 19498.jpg,1,79,528,71,135,-1,-1,-1,-1
3, 19498.jpg,2,659,502,52,110,-1,-1,-1,-1
3, 19498.jpg,3,663,601,43,103,-1,-1,-1,-1
3, 19498.jpg,4,851,606,61,152,-1,-1,-1,-1
3, 19498.jpg,5,991,655,53,153,-1,-1,-1,-1
3, 19498.jpg,6,1320,685,55,145,-1,-1,-1,-1
3, 19498.jpg,7,585,666,67,120,-1,-1,-1,-1
3, 19498.jpg,8,1390,593,60,147,-1,-1,-1,-1
3, 19498.jpg,9,1237,561,58,127,-1,-1,-1,-1
3, 19498.jpg,10,940,561,55,173,-1,-1,-1,-1
3, 19498.jpg,11,506,548,85,125,-1,-1,-1,-1
4, 19499.jpg,1,84,528,69,134,-1,-1,-1,-1
4, 19499.jpg,2,658,503,51,107,-1,-1,-1,-1
4, 19499.jpg,3,663,599,44,105,-1,-1,-1,-1
4, 19499.jpg,4,854,607,61,150,-1,-1,-1,-1
4, 19499.jpg,5,995,654,54,153,-1,-1,-1,-1
4, 19499.jpg,6,1325,685,55,145,-1,-1,-1,-1
4, 19499.jpg,7,588,666,68,119,-1,-1,-1,-1
4, 19499.jpg,8,1394,594,60,148,-1,-1,-1,-1
4, 19499.jpg,9,1248,561,59,129,-1,-1,-1,-1
4, 19499.jpg,10,950,586,48,150,-1,-1,-1,-1
4, 19499.jpg,11,502,545,87,129,-1,-1,-1,-1
5, 19500.jpg,1,88,528,69,133,-1,-1,-1,-1
5, 19500.jpg,2,659,504,51,106,-1,-1,-1,-1
5, 19500.jpg,3,666,597,45,107,-1,-1,-1,-1
5, 19500.jpg,4,856,608,61,148,-1,-1,-1,-1
5, 19500.jpg,5,997,652,55,155,-1,-1,-1,-1
5, 19500.jpg,6,1328,683,57,148,-1,-1,-1,-1
5, 19500.jpg,7,590,665,70,119,-1,-1,-1,-1
5, 19500.jpg,8,1400,596,60,148,-1,-1,-1,-1
5, 19500.jpg,9,1256,561,60,129,-1,-1,-1,-1
5, 19500.jpg,10,951,576,51,159,-1,-1,-1,-1
5, 19500.jpg,11,501,546,85,129,-1,-1,-1,-1
6, 19501.jpg,1,97,529,68,130,-1,-1,-1,-1
6, 19501.jpg,2,656,507,53,106,-1,-1,-1,-1
6, 19501.jpg,3,669,594,47,112,-1,-1,-1,-1
6, 19501.jpg,4,859,608,61,148,-1,-1,-1,-1
6, 19501.jpg,5,1002,652,55,155,-1,-1,-1,-1
6, 19501.jpg,6,1332,681,57,150,-1,-1,-1,-1
6, 19501.jpg,7,588,664,75,122,-1,-1,-1,-1
6, 19501.jpg,8,1405,600,59,145,-1,-1,-1,-1
6, 19501.jpg,9,1263,561,64,134,-1,-1,-1,-1
6, 19501.jpg,10,956,559,51,156,-1,-1,-1,-1
6, 19501.jpg,11,499,544,84,128,-1,-1,-1,-1
7, 19502.jpg,1,102,527,68,131,-1,-1,-1,-1
7, 19502.jpg,2,657,510,52,103,-1,-1,-1,-1
7, 19502.jpg,3,671,594,49,114,-1,-1,-1,-1
7, 19502.jpg,4,863,606,62,150,-1,-1,-1,-1
7, 19502.jpg,5,1006,652,55,153,-1,-1,-1,-1
7, 19502.jpg,6,1338,680,57,149,-1,-1,-1,-1
7, 19502.jpg,7,584,662,75,119,-1,-1,-1,-1
7, 19502.jpg,8,1412,600,59,147,-1,-1,-1,-1
7, 19502.jpg,9,1271,561,64,130,-1,-1,-1,-1
7, 19502.jpg,10,962,557,46,141,-1,-1,-1,-1
7, 19502.jpg,11,498,542,82,127,-1,-1,-1,-1
7, 19502.jpg,13,1287,810,48,205,-1,-1,-1,-1
8, 19503.jpg,1,107,526,68,132,-1,-1,-1,-1
8, 19503.jpg,2,658,510,54,103,-1,-1,-1,-1
8, 19503.jpg,3,677,590,48,113,-1,-1,-1,-1
8, 19503.jpg,4,867,606,62,149,-1,-1,-1,-1
8, 19503.jpg,5,1004,651,56,155,-1,-1,-1,-1
8, 19503.jpg,6,1342,678,58,153,-1,-1,-1,-1
8, 19503.jpg,7,585,664,74,114,-1,-1,-1,-1
8, 19503.jpg,8,1418,602,60,148,-1,-1,-1,-1
8, 19503.jpg,9,1277,559,65,131,-1,-1,-1,-1
8, 19503.jpg,10,965,553,46,136,-1,-1,-1,-1
8, 19503.jpg,11,499,543,78,123,-1,-1,-1,-1
8, 19503.jpg,13,1288,810,48,205,-1,-1,-1,-1
9, 19504.jpg,1,115,528,66,127,-1,-1,-1,-1
9, 19504.jpg,2,660,512,54,100,-1,-1,-1,-1
9, 19504.jpg,3,678,586,51,117,-1,-1,-1,-1
9, 19504.jpg,4,871,605,61,147,-1,-1,-1,-1
9, 19504.jpg,5,1004,650,57,155,-1,-1,-1,-1
9, 19504.jpg,6,1345,677,60,158,-1,-1,-1,-1
9, 19504.jpg,7,585,664,74,112,-1,-1,-1,-1
9, 19504.jpg,8,1423,602,60,149,-1,-1,-1,-1
9, 19504.jpg,9,1285,559,65,130,-1,-1,-1,-1
9, 19504.jpg,10,973,583,46,135,-1,-1,-1,-1
9, 19504.jpg,11,498,542,78,124,-1,-1,-1,-1
10, 19505.jpg,1,120,529,65,126,-1,-1,-1,-1
10, 19505.jpg,2,661,513,53,99,-1,-1,-1,-1
10, 19505.jpg,3,679,558,52,116,-1,-1,-1,-1
10, 19505.jpg,4,872,604,61,148,-1,-1,-1,-1
10, 19505.jpg,5,1004,648,60,159,-1,-1,-1,-1
10, 19505.jpg,6,1349,678,60,160,-1,-1,-1,-1
10, 19505.jpg,7,585,664,73,110,-1,-1,-1,-1
10, 19505.jpg,8,1429,603,59,149,-1,-1,-1,-1
10, 19505.jpg,9,1293,560,66,131,-1,-1,-1,-1
10, 19505.jpg,10,983,591,46,132,-1,-1,-1,-1
10, 19505.jpg,11,499,543,76,122,-1,-1,-1,-1
11, 19506.jpg,1,123,527,66,128,-1,-1,-1,-1
11, 19506.jpg,2,667,508,56,102,-1,-1,-1,-1
11, 19506.jpg,3,686,575,52,117,-1,-1,-1,-1
11, 19506.jpg,4,873,602,61,151,-1,-1,-1,-1
11, 19506.jpg,5,995,622,62,162,-1,-1,-1,-1
11, 19506.jpg,6,1355,680,59,159,-1,-1,-1,-1
11, 19506.jpg,8,1436,605,58,147,-1,-1,-1,-1
11, 19506.jpg,9,1301,558,67,132,-1,-1,-1,-1
11, 19506.jpg,10,989,596,45,127,-1,-1,-1,-1
11, 19506.jpg,11,500,548,71,113,-1,-1,-1,-1
12, 19507.jpg,1,127,526,67,129,-1,-1,-1,-1
12, 19507.jpg,2,667,507,56,102,-1,-1,-1,-1
12, 19507.jpg,3,691,578,55,121,-1,-1,-1,-1
12, 19507.jpg,4,876,603,60,149,-1,-1,-1,-1
12, 19507.jpg,5,1009,641,60,154,-1,-1,-1,-1
12, 19507.jpg,6,1358,681,60,160,-1,-1,-1,-1
12, 19507.jpg,7,609,654,80,119,-1,-1,-1,-1
12, 19507.jpg,8,1442,605,58,147,-1,-1,-1,-1
12, 19507.jpg,9,1311,558,67,133,-1,-1,-1,-1
12, 19507.jpg,10,983,577,48,135,-1,-1,-1,-1
12, 19507.jpg,11,503,549,69,110,-1,-1,-1,-1
13, 19508.jpg,1,132,526,66,128,-1,-1,-1,-1
13, 19508.jpg,2,671,505,58,104,-1,-1,-1,-1
13, 19508.jpg,3,695,580,54,121,-1,-1,-1,-1
13, 19508.jpg,4,881,603,60,150,-1,-1,-1,-1
13, 19508.jpg,5,1008,641,53,128,-1,-1,-1,-1
13, 19508.jpg,6,1364,684,58,157,-1,-1,-1,-1
13, 19508.jpg,7,620,651,81,123,-1,-1,-1,-1
13, 19508.jpg,8,1448,606,57,146,-1,-1,-1,-1
13, 19508.jpg,9,1321,559,65,131,-1,-1,-1,-1
13, 19508.jpg,10,989,569,45,125,-1,-1,-1,-1
13, 19508.jpg,11,505,550,69,109,-1,-1,-1,-1
14, 19509.jpg,2,676,504,57,103,-1,-1,-1,-1
14, 19509.jpg,3,700,582,55,121,-1,-1,-1,-1
14, 19509.jpg,4,884,602,61,151,-1,-1,-1,-1
14, 19509.jpg,5,1009,634,50,120,-1,-1,-1,-1
14, 19509.jpg,6,1367,685,58,157,-1,-1,-1,-1
14, 19509.jpg,7,624,650,79,122,-1,-1,-1,-1
14, 19509.jpg,8,1454,606,56,145,-1,-1,-1,-1
14, 19509.jpg,9,1327,556,64,130,-1,-1,-1,-1
14, 19509.jpg,10,994,568,44,121,-1,-1,-1,-1
14, 19509.jpg,11,506,546,73,116,-1,-1,-1,-1
15, 19510.jpg,2,680,499,57,105,-1,-1,-1,-1
15, 19510.jpg,3,703,578,57,126,-1,-1,-1,-1
15, 19510.jpg,4,886,601,61,152,-1,-1,-1,-1
15, 19510.jpg,5,1011,632,49,116,-1,-1,-1,-1
15, 19510.jpg,6,1372,684,58,158,-1,-1,-1,-1
15, 19510.jpg,7,633,650,80,124,-1,-1,-1,-1
15, 19510.jpg,8,1462,608,54,142,-1,-1,-1,-1
15, 19510.jpg,9,1335,558,62,127,-1,-1,-1,-1
15, 19510.jpg,10,997,569,45,124,-1,-1,-1,-1
15, 19510.jpg,11,504,542,75,120,-1,-1,-1,-1
15, 19510.jpg,15,590,671,65,106,-1,-1,-1,-1
16, 19511.jpg,2,684,498,56,104,-1,-1,-1,-1
16, 19511.jpg,3,707,580,55,125,-1,-1,-1,-1
16, 19511.jpg,4,889,601,61,151,-1,-1,-1,-1
16, 19511.jpg,6,1376,683,58,159,-1,-1,-1,-1
16, 19511.jpg,7,638,649,79,124,-1,-1,-1,-1
16, 19511.jpg,8,1467,608,54,143,-1,-1,-1,-1
16, 19511.jpg,9,1344,559,62,128,-1,-1,-1,-1
16, 19511.jpg,10,998,570,49,130,-1,-1,-1,-1
16, 19511.jpg,11,507,537,76,124,-1,-1,-1,-1
16, 19511.jpg,15,603,663,68,110,-1,-1,-1,-1
16, 19511.jpg,17,1026,658,65,146,-1,-1,-1,-1
17, 19512.jpg,2,686,498,57,106,-1,-1,-1,-1
17, 19512.jpg,3,712,580,54,123,-1,-1,-1,-1
17, 19512.jpg,4,891,598,63,154,-1,-1,-1,-1
17, 19512.jpg,6,1380,683,57,160,-1,-1,-1,-1
17, 19512.jpg,7,625,640,88,137,-1,-1,-1,-1
17, 19512.jpg,8,1472,607,54,146,-1,-1,-1,-1
17, 19512.jpg,9,1349,557,63,130,-1,-1,-1,-1
17, 19512.jpg,10,1001,564,54,140,-1,-1,-1,-1
17, 19512.jpg,11,508,535,74,122,-1,-1,-1,-1
17, 19512.jpg,15,607,661,69,110,-1,-1,-1,-1
17, 19512.jpg,17,1026,658,65,146,-1,-1,-1,-1
18, 19513.jpg,2,691,498,57,105,-1,-1,-1,-1
18, 19513.jpg,3,714,579,54,121,-1,-1,-1,-1
18, 19513.jpg,4,895,597,62,154,-1,-1,-1,-1
18, 19513.jpg,6,1387,686,56,157,-1,-1,-1,-1
18, 19513.jpg,7,608,650,87,128,-1,-1,-1,-1
18, 19513.jpg,8,1480,607,53,144,-1,-1,-1,-1
18, 19513.jpg,9,1355,556,62,129,-1,-1,-1,-1
18, 19513.jpg,10,1007,570,50,127,-1,-1,-1,-1
18, 19513.jpg,11,506,533,74,123,-1,-1,-1,-1
18, 19513.jpg,17,1027,658,65,147,-1,-1,-1,-1
19, 19514.jpg,2,694,499,56,103,-1,-1,-1,-1
19, 19514.jpg,3,719,580,54,121,-1,-1,-1,-1
19, 19514.jpg,4,898,595,63,156,-1,-1,-1,-1
19, 19514.jpg,6,1392,685,55,157,-1,-1,-1,-1
19, 19514.jpg,7,601,657,88,121,-1,-1,-1,-1
19, 19514.jpg,8,1486,607,53,144,-1,-1,-1,-1
19, 19514.jpg,9,1363,558,64,129,-1,-1,-1,-1
19, 19514.jpg,10,1019,589,51,130,-1,-1,-1,-1
19, 19514.jpg,11,509,536,69,117,-1,-1,-1,-1
19, 19514.jpg,17,1030,656,65,149,-1,-1,-1,-1
20, 19515.jpg,2,698,499,55,101,-1,-1,-1,-1
20, 19515.jpg,3,721,580,54,122,-1,-1,-1,-1
20, 19515.jpg,4,902,594,63,156,-1,-1,-1,-1
20, 19515.jpg,6,1396,683,56,160,-1,-1,-1,-1
20, 19515.jpg,7,583,668,88,117,-1,-1,-1,-1
20, 19515.jpg,8,1492,607,53,143,-1,-1,-1,-1
20, 19515.jpg,9,1372,559,62,123,-1,-1,-1,-1
20, 19515.jpg,10,1015,572,50,127,-1,-1,-1,-1
20, 19515.jpg,11,511,537,68,114,-1,-1,-1,-1
20, 19515.jpg,15,635,619,87,144,-1,-1,-1,-1
20, 19515.jpg,17,1031,650,66,152,-1,-1,-1,-1
21, 19516.jpg,2,701,499,55,103,-1,-1,-1,-1
21, 19516.jpg,3,721,575,56,127,-1,-1,-1,-1
21, 19516.jpg,4,904,593,63,157,-1,-1,-1,-1
21, 19516.jpg,5,1025,609,60,145,-1,-1,-1,-1
21, 19516.jpg,6,1400,682,56,161,-1,-1,-1,-1
21, 19516.jpg,7,580,671,90,121,-1,-1,-1,-1
21, 19516.jpg,8,1496,605,55,146,-1,-1,-1,-1
21, 19516.jpg,9,1376,559,64,124,-1,-1,-1,-1
21, 19516.jpg,10,1016,564,50,126,-1,-1,-1,-1
21, 19516.jpg,11,514,540,65,111,-1,-1,-1,-1
21, 19516.jpg,15,637,608,90,151,-1,-1,-1,-1
21, 19516.jpg,17,1033,649,66,152,-1,-1,-1,-1
22, 19517.jpg,2,707,500,55,103,-1,-1,-1,-1
22, 19517.jpg,3,723,570,59,134,-1,-1,-1,-1
22, 19517.jpg,4,907,594,62,154,-1,-1,-1,-1
22, 19517.jpg,5,1030,623,63,152,-1,-1,-1,-1
22, 19517.jpg,6,1403,682,56,160,-1,-1,-1,-1
22, 19517.jpg,7,577,673,94,129,-1,-1,-1,-1
22, 19517.jpg,8,1502,606,55,145,-1,-1,-1,-1
22, 19517.jpg,9,1379,559,65,125,-1,-1,-1,-1
22, 19517.jpg,10,1018,560,51,129,-1,-1,-1,-1
22, 19517.jpg,11,517,540,63,109,-1,-1,-1,-1
22, 19517.jpg,15,636,608,84,144,-1,-1,-1,-1
23, 19518.jpg,2,709,498,55,104,-1,-1,-1,-1
23, 19518.jpg,3,726,572,58,132,-1,-1,-1,-1
23, 19518.jpg,4,909,592,62,155,-1,-1,-1,-1
23, 19518.jpg,5,1033,622,63,153,-1,-1,-1,-1
23, 19518.jpg,6,1405,682,56,160,-1,-1,-1,-1
23, 19518.jpg,7,578,676,94,132,-1,-1,-1,-1
23, 19518.jpg,8,1506,606,57,145,-1,-1,-1,-1
23, 19518.jpg,9,1384,559,67,125,-1,-1,-1,-1
23, 19518.jpg,10,1020,571,59,148,-1,-1,-1,-1
23, 19518.jpg,11,517,537,65,112,-1,-1,-1,-1
23, 19518.jpg,15,634,608,81,140,-1,-1,-1,-1
24, 19519.jpg,2,708,495,56,106,-1,-1,-1,-1
24, 19519.jpg,3,729,572,56,132,-1,-1,-1,-1
24, 19519.jpg,4,912,589,63,157,-1,-1,-1,-1
24, 19519.jpg,5,1033,622,65,157,-1,-1,-1,-1
24, 19519.jpg,6,1406,683,57,158,-1,-1,-1,-1
24, 19519.jpg,7,592,659,97,139,-1,-1,-1,-1
24, 19519.jpg,8,1508,606,58,145,-1,-1,-1,-1
24, 19519.jpg,9,1388,559,67,122,-1,-1,-1,-1
24, 19519.jpg,10,1022,561,51,127,-1,-1,-1,-1
24, 19519.jpg,11,519,535,64,111,-1,-1,-1,-1
24, 19519.jpg,15,638,602,84,144,-1,-1,-1,-1
25, 19520.jpg,2,707,494,57,106,-1,-1,-1,-1
25, 19520.jpg,3,731,573,55,129,-1,-1,-1,-1
25, 19520.jpg,4,914,588,62,157,-1,-1,-1,-1
25, 19520.jpg,5,1032,618,64,155,-1,-1,-1,-1
25, 19520.jpg,6,1407,684,57,158,-1,-1,-1,-1
25, 19520.jpg,7,589,669,95,135,-1,-1,-1,-1
25, 19520.jpg,8,1510,606,58,143,-1,-1,-1,-1
25, 19520.jpg,9,1390,559,68,122,-1,-1,-1,-1
25, 19520.jpg,10,1023,556,48,116,-1,-1,-1,-1
25, 19520.jpg,11,521,530,67,117,-1,-1,-1,-1
26, 19521.jpg,2,708,497,54,102,-1,-1,-1,-1
26, 19521.jpg,3,731,572,56,129,-1,-1,-1,-1
26, 19521.jpg,4,914,588,61,155,-1,-1,-1,-1
26, 19521.jpg,5,1031,616,61,149,-1,-1,-1,-1
26, 19521.jpg,6,1410,686,57,155,-1,-1,-1,-1
26, 19521.jpg,7,589,670,96,135,-1,-1,-1,-1
26, 19521.jpg,8,1511,605,59,144,-1,-1,-1,-1
26, 19521.jpg,9,1391,558,69,122,-1,-1,-1,-1
26, 19521.jpg,10,1023,552,48,116,-1,-1,-1,-1
26, 19521.jpg,11,523,529,68,119,-1,-1,-1,-1
26, 19521.jpg,15,627,611,85,147,-1,-1,-1,-1
27, 19522.jpg,1,173,514,65,134,-1,-1,-1,-1
27, 19522.jpg,2,714,504,60,113,-1,-1,-1,-1
27, 19522.jpg,3,731,571,56,130,-1,-1,-1,-1
27, 19522.jpg,4,914,587,60,155,-1,-1,-1,-1
27, 19522.jpg,5,1026,589,66,164,-1,-1,-1,-1
27, 19522.jpg,6,1410,687,58,153,-1,-1,-1,-1
27, 19522.jpg,7,593,648,106,151,-1,-1,-1,-1
27, 19522.jpg,8,1512,604,60,144,-1,-1,-1,-1
27, 19522.jpg,9,1392,557,68,118,-1,-1,-1,-1
27, 19522.jpg,10,1024,554,49,117,-1,-1,-1,-1
27, 19522.jpg,11,523,528,69,120,-1,-1,-1,-1
27, 19522.jpg,15,629,612,81,139,-1,-1,-1,-1
28, 19523.jpg,1,173,513,64,133,-1,-1,-1,-1
28, 19523.jpg,2,712,499,56,105,-1,-1,-1,-1
28, 19523.jpg,3,730,569,55,130,-1,-1,-1,-1
28, 19523.jpg,4,914,588,60,153,-1,-1,-1,-1
28, 19523.jpg,5,1027,585,67,166,-1,-1,-1,-1
28, 19523.jpg,6,1411,690,56,149,-1,-1,-1,-1
28, 19523.jpg,7,597,645,106,152,-1,-1,-1,-1
28, 19523.jpg,8,1512,603,61,146,-1,-1,-1,-1
28, 19523.jpg,9,1394,556,67,116,-1,-1,-1,-1
28, 19523.jpg,10,1024,552,51,120,-1,-1,-1,-1
28, 19523.jpg,11,525,528,69,119,-1,-1,-1,-1
28, 19523.jpg,15,632,615,74,128,-1,-1,-1,-1
29, 19524.jpg,1,174,512,64,133,-1,-1,-1,-1
29, 19524.jpg,2,712,498,55,103,-1,-1,-1,-1
29, 19524.jpg,3,730,570,54,128,-1,-1,-1,-1
29, 19524.jpg,4,915,588,59,152,-1,-1,-1,-1
29, 19524.jpg,6,1412,692,56,147,-1,-1,-1,-1
29, 19524.jpg,7,597,643,108,155,-1,-1,-1,-1
29, 19524.jpg,8,1513,602,61,146,-1,-1,-1,-1
29, 19524.jpg,9,1395,554,66,114,-1,-1,-1,-1
29, 19524.jpg,10,1026,554,50,118,-1,-1,-1,-1
29, 19524.jpg,11,527,528,68,117,-1,-1,-1,-1
29, 19524.jpg,15,628,619,80,139,-1,-1,-1,-1
30, 19525.jpg,1,176,512,64,133,-1,-1,-1,-1
30, 19525.jpg,2,713,498,54,99,-1,-1,-1,-1
30, 19525.jpg,3,731,572,54,127,-1,-1,-1,-1
30, 19525.jpg,4,914,589,60,151,-1,-1,-1,-1
30, 19525.jpg,6,1414,696,54,142,-1,-1,-1,-1
30, 19525.jpg,7,594,658,106,153,-1,-1,-1,-1
30, 19525.jpg,8,1515,601,62,146,-1,-1,-1,-1
30, 19525.jpg,9,1394,554,67,116,-1,-1,-1,-1
30, 19525.jpg,10,1024,550,52,121,-1,-1,-1,-1
30, 19525.jpg,11,529,530,67,114,-1,-1,-1,-1
30, 19525.jpg,15,623,614,77,136,-1,-1,-1,-1
31, 19526.jpg,1,175,513,65,134,-1,-1,-1,-1
31, 19526.jpg,2,714,498,55,100,-1,-1,-1,-1
31, 19526.jpg,3,732,572,54,128,-1,-1,-1,-1
31, 19526.jpg,4,914,588,59,151,-1,-1,-1,-1
31, 19526.jpg,5,1020,564,67,167,-1,-1,-1,-1
31, 19526.jpg,6,1414,699,55,138,-1,-1,-1,-1
31, 19526.jpg,7,596,649,114,168,-1,-1,-1,-1
31, 19526.jpg,8,1518,603,61,145,-1,-1,-1,-1
31, 19526.jpg,9,1395,554,66,115,-1,-1,-1,-1
31, 19526.jpg,10,1026,548,52,121,-1,-1,-1,-1
31, 19526.jpg,11,532,531,66,113,-1,-1,-1,-1
31, 19526.jpg,15,621,609,72,129,-1,-1,-1,-1
32, 19527.jpg,1,177,512,64,135,-1,-1,-1,-1
32, 19527.jpg,2,716,497,56,102,-1,-1,-1,-1
32, 19527.jpg,3,733,570,55,130,-1,-1,-1,-1
32, 19527.jpg,4,912,587,61,154,-1,-1,-1,-1
32, 19527.jpg,5,1021,560,67,168,-1,-1,-1,-1
32, 19527.jpg,6,1414,698,55,140,-1,-1,-1,-1
32, 19527.jpg,7,602,652,112,169,-1,-1,-1,-1
32, 19527.jpg,8,1522,603,60,144,-1,-1,-1,-1
32, 19527.jpg,9,1395,555,65,112,-1,-1,-1,-1
32, 19527.jpg,10,1026,549,51,117,-1,-1,-1,-1
32, 19527.jpg,11,534,536,65,109,-1,-1,-1,-1
32, 19527.jpg,15,620,609,70,130,-1,-1,-1,-1
33, 19528.jpg,2,718,494,57,107,-1,-1,-1,-1
33, 19528.jpg,3,733,569,56,132,-1,-1,-1,-1
33, 19528.jpg,4,911,587,61,154,-1,-1,-1,-1
33, 19528.jpg,6,1413,696,57,142,-1,-1,-1,-1
33, 19528.jpg,7,619,670,103,159,-1,-1,-1,-1
33, 19528.jpg,8,1525,604,60,146,-1,-1,-1,-1
33, 19528.jpg,9,1394,556,65,111,-1,-1,-1,-1
33, 19528.jpg,10,1026,558,52,116,-1,-1,-1,-1
33, 19528.jpg,11,536,541,63,102,-1,-1,-1,-1
33, 19528.jpg,15,616,608,71,132,-1,-1,-1,-1
33, 19528.jpg,17,1030,613,54,120,-1,-1,-1,-1
34, 19529.jpg,2,722,495,56,106,-1,-1,-1,-1
34, 19529.jpg,3,734,567,57,134,-1,-1,-1,-1
34, 19529.jpg,4,909,587,62,155,-1,-1,-1,-1
34, 19529.jpg,6,1414,696,58,143,-1,-1,-1,-1
34, 19529.jpg,7,625,677,98,155,-1,-1,-1,-1
34, 19529.jpg,8,1528,609,56,140,-1,-1,-1,-1
34, 19529.jpg,9,1393,559,67,110,-1,-1,-1,-1
34, 19529.jpg,10,1028,555,47,106,-1,-1,-1,-1
34, 19529.jpg,11,540,545,60,97,-1,-1,-1,-1
34, 19529.jpg,15,614,608,70,134,-1,-1,-1,-1
34, 19529.jpg,17,1022,592,59,130,-1,-1,-1,-1
35, 19530.jpg,2,724,509,63,121,-1,-1,-1,-1
35, 19530.jpg,3,735,565,58,135,-1,-1,-1,-1
35, 19530.jpg,4,908,588,63,156,-1,-1,-1,-1
35, 19530.jpg,6,1415,696,60,144,-1,-1,-1,-1
35, 19530.jpg,7,619,659,97,155,-1,-1,-1,-1
35, 19530.jpg,8,1531,607,57,145,-1,-1,-1,-1
35, 19530.jpg,9,1393,560,68,111,-1,-1,-1,-1
35, 19530.jpg,10,1029,554,47,105,-1,-1,-1,-1
35, 19530.jpg,11,540,548,62,97,-1,-1,-1,-1
35, 19530.jpg,15,613,606,71,135,-1,-1,-1,-1
35, 19530.jpg,17,1022,585,61,136,-1,-1,-1,-1
36, 19531.jpg,2,724,501,58,114,-1,-1,-1,-1
36, 19531.jpg,3,737,565,60,137,-1,-1,-1,-1
36, 19531.jpg,4,908,590,63,155,-1,-1,-1,-1
36, 19531.jpg,6,1416,697,60,144,-1,-1,-1,-1
36, 19531.jpg,7,632,671,99,160,-1,-1,-1,-1
36, 19531.jpg,8,1533,604,57,146,-1,-1,-1,-1
36, 19531.jpg,9,1392,560,70,112,-1,-1,-1,-1
36, 19531.jpg,10,1029,555,47,105,-1,-1,-1,-1
36, 19531.jpg,11,542,552,61,96,-1,-1,-1,-1
36, 19531.jpg,15,613,607,70,137,-1,-1,-1,-1
36, 19531.jpg,17,1026,602,56,121,-1,-1,-1,-1
37, 19532.jpg,2,725,496,58,116,-1,-1,-1,-1
37, 19532.jpg,3,740,569,62,136,-1,-1,-1,-1
37, 19532.jpg,4,908,591,63,155,-1,-1,-1,-1
37, 19532.jpg,6,1416,699,62,146,-1,-1,-1,-1
37, 19532.jpg,7,643,679,95,155,-1,-1,-1,-1
37, 19532.jpg,8,1535,603,59,148,-1,-1,-1,-1
37, 19532.jpg,9,1387,558,72,114,-1,-1,-1,-1
37, 19532.jpg,10,1030,556,48,106,-1,-1,-1,-1
37, 19532.jpg,11,545,551,61,96,-1,-1,-1,-1
37, 19532.jpg,15,613,604,71,141,-1,-1,-1,-1
37, 19532.jpg,17,1029,601,54,119,-1,-1,-1,-1
38, 19533.jpg,2,724,496,58,116,-1,-1,-1,-1
38, 19533.jpg,3,743,566,65,140,-1,-1,-1,-1
38, 19533.jpg,4,909,593,62,153,-1,-1,-1,-1
38, 19533.jpg,6,1415,701,65,152,-1,-1,-1,-1
38, 19533.jpg,7,655,679,94,158,-1,-1,-1,-1
38, 19533.jpg,8,1537,605,61,150,-1,-1,-1,-1
38, 19533.jpg,9,1384,559,70,112,-1,-1,-1,-1
38, 19533.jpg,10,1031,556,47,104,-1,-1,-1,-1
38, 19533.jpg,11,546,549,63,102,-1,-1,-1,-1
38, 19533.jpg,15,610,602,73,147,-1,-1,-1,-1
38, 19533.jpg,17,1030,600,55,119,-1,-1,-1,-1
39, 19534.jpg,2,728,495,58,117,-1,-1,-1,-1
39, 19534.jpg,3,745,565,67,142,-1,-1,-1,-1
39, 19534.jpg,4,910,594,62,151,-1,-1,-1,-1
39, 19534.jpg,6,1413,704,67,153,-1,-1,-1,-1
39, 19534.jpg,7,662,673,97,168,-1,-1,-1,-1
39, 19534.jpg,8,1538,606,63,153,-1,-1,-1,-1
39, 19534.jpg,9,1379,557,69,111,-1,-1,-1,-1
39, 19534.jpg,10,1026,555,56,127,-1,-1,-1,-1
39, 19534.jpg,11,547,548,64,104,-1,-1,-1,-1
39, 19534.jpg,15,609,602,71,149,-1,-1,-1,-1
39, 19534.jpg,17,1031,598,53,117,-1,-1,-1,-1
40, 19535.jpg,2,729,495,58,117,-1,-1,-1,-1
40, 19535.jpg,3,749,566,65,140,-1,-1,-1,-1
40, 19535.jpg,4,910,595,63,152,-1,-1,-1,-1
40, 19535.jpg,6,1411,706,69,152,-1,-1,-1,-1
40, 19535.jpg,7,670,672,97,170,-1,-1,-1,-1
40, 19535.jpg,8,1539,610,64,149,-1,-1,-1,-1
40, 19535.jpg,9,1374,557,69,112,-1,-1,-1,-1
40, 19535.jpg,10,1026,555,57,128,-1,-1,-1,-1
40, 19535.jpg,11,549,547,67,110,-1,-1,-1,-1
40, 19535.jpg,15,607,601,71,150,-1,-1,-1,-1
40, 19535.jpg,17,1032,604,53,116,-1,-1,-1,-1
