2, 19692.jpg,3,1056,539,110,155,-1,-1,-1,-1
2, 19692.jpg,4,592,691,74,87,-1,-1,-1,-1
2, 19692.jpg,5,1091,653,78,169,-1,-1,-1,-1
2, 19692.jpg,6,747,523,86,120,-1,-1,-1,-1
2, 19692.jpg,7,872,515,65,151,-1,-1,-1,-1
2, 19692.jpg,8,1205,646,128,141,-1,-1,-1,-1
2, 19692.jpg,9,786,641,103,165,-1,-1,-1,-1
2, 19692.jpg,10,1383,591,71,136,-1,-1,-1,-1
2, 19692.jpg,11,381,673,78,163,-1,-1,-1,-1
3, 19693.jpg,3,1045,540,91,130,-1,-1,-1,-1
3, 19693.jpg,4,587,689,78,91,-1,-1,-1,-1
3, 19693.jpg,5,1094,655,77,170,-1,-1,-1,-1
3, 19693.jpg,6,750,529,86,120,-1,-1,-1,-1
3, 19693.jpg,7,874,534,60,136,-1,-1,-1,-1
3, 19693.jpg,8,1205,648,127,140,-1,-1,-1,-1
3, 19693.jpg,9,785,640,105,167,-1,-1,-1,-1
3, 19693.jpg,10,1381,592,73,136,-1,-1,-1,-1
3, 19693.jpg,11,373,673,78,164,-1,-1,-1,-1
4, 19694.jpg,3,1036,542,85,123,-1,-1,-1,-1
4, 19694.jpg,4,582,686,83,98,-1,-1,-1,-1
4, 19694.jpg,5,1097,655,79,174,-1,-1,-1,-1
4, 19694.jpg,6,757,534,82,116,-1,-1,-1,-1
4, 19694.jpg,7,874,539,61,135,-1,-1,-1,-1
4, 19694.jpg,8,1201,647,125,139,-1,-1,-1,-1
4, 19694.jpg,9,784,638,105,167,-1,-1,-1,-1
4, 19694.jpg,10,1374,596,73,134,-1,-1,-1,-1
4, 19694.jpg,11,368,671,77,165,-1,-1,-1,-1
4, 19694.jpg,14,848,477,63,104,-1,-1,-1,-1
5, 19695.jpg,3,1045,541,83,121,-1,-1,-1,-1
5, 19695.jpg,4,576,683,84,100,-1,-1,-1,-1
5, 19695.jpg,5,1105,660,76,169,-1,-1,-1,-1
5, 19695.jpg,6,757,537,80,116,-1,-1,-1,-1
5, 19695.jpg,7,872,538,63,138,-1,-1,-1,-1
5, 19695.jpg,8,1199,647,124,139,-1,-1,-1,-1
5, 19695.jpg,9,783,637,105,165,-1,-1,-1,-1
5, 19695.jpg,10,1369,599,73,131,-1,-1,-1,-1
5, 19695.jpg,11,361,671,77,167,-1,-1,-1,-1
5, 19695.jpg,14,844,479,62,104,-1,-1,-1,-1
6, 19696.jpg,3,1046,539,85,121,-1,-1,-1,-1
6, 19696.jpg,4,574,683,83,100,-1,-1,-1,-1
6, 19696.jpg,5,1109,665,74,163,-1,-1,-1,-1
6, 19696.jpg,6,761,538,78,114,-1,-1,-1,-1
6, 19696.jpg,7,869,537,68,143,-1,-1,-1,-1
6, 19696.jpg,8,1198,647,121,137,-1,-1,-1,-1
6, 19696.jpg,9,788,635,107,169,-1,-1,-1,-1
6, 19696.jpg,10,1362,599,76,133,-1,-1,-1,-1
6, 19696.jpg,11,353,674,74,162,-1,-1,-1,-1
6, 19696.jpg,14,843,478,67,112,-1,-1,-1,-1
7, 19697.jpg,3,1039,541,79,114,-1,-1,-1,-1
7, 19697.jpg,4,568,678,86,105,-1,-1,-1,-1
7, 19697.jpg,5,1113,671,72,156,-1,-1,-1,-1
7, 19697.jpg,6,763,538,78,117,-1,-1,-1,-1
7, 19697.jpg,7,869,539,67,139,-1,-1,-1,-1
7, 19697.jpg,8,1195,647,118,135,-1,-1,-1,-1
7, 19697.jpg,9,792,632,106,172,-1,-1,-1,-1
7, 19697.jpg,10,1351,599,78,134,-1,-1,-1,-1
7, 19697.jpg,11,343,673,75,164,-1,-1,-1,-1
7, 19697.jpg,14,841,477,65,110,-1,-1,-1,-1
8, 19698.jpg,3,1035,541,80,114,-1,-1,-1,-1
8, 19698.jpg,4,569,679,82,101,-1,-1,-1,-1
8, 19698.jpg,5,1115,675,71,153,-1,-1,-1,-1
8, 19698.jpg,6,765,538,79,120,-1,-1,-1,-1
8, 19698.jpg,7,868,539,69,140,-1,-1,-1,-1
8, 19698.jpg,8,1194,648,115,132,-1,-1,-1,-1
8, 19698.jpg,9,797,632,104,172,-1,-1,-1,-1
8, 19698.jpg,10,1341,601,81,135,-1,-1,-1,-1
8, 19698.jpg,11,338,678,75,163,-1,-1,-1,-1
8, 19698.jpg,14,837,479,65,111,-1,-1,-1,-1
8, 19698.jpg,19,141,486,63,128,-1,-1,-1,-1
9, 19699.jpg,3,1031,544,81,113,-1,-1,-1,-1
9, 19699.jpg,4,567,677,81,102,-1,-1,-1,-1
9, 19699.jpg,5,1116,673,74,155,-1,-1,-1,-1
9, 19699.jpg,6,766,539,80,121,-1,-1,-1,-1
9, 19699.jpg,7,873,542,69,140,-1,-1,-1,-1
9, 19699.jpg,8,1194,648,114,131,-1,-1,-1,-1
9, 19699.jpg,9,801,631,103,173,-1,-1,-1,-1
9, 19699.jpg,10,1334,606,79,131,-1,-1,-1,-1
9, 19699.jpg,11,333,683,77,162,-1,-1,-1,-1
9, 19699.jpg,14,841,483,60,103,-1,-1,-1,-1
9, 19699.jpg,20,1112,597,54,118,-1,-1,-1,-1
10, 19700.jpg,3,1028,544,78,110,-1,-1,-1,-1
10, 19700.jpg,4,563,674,79,102,-1,-1,-1,-1
10, 19700.jpg,5,1115,672,78,159,-1,-1,-1,-1
10, 19700.jpg,6,769,542,78,121,-1,-1,-1,-1
10, 19700.jpg,7,875,540,71,144,-1,-1,-1,-1
10, 19700.jpg,8,1193,647,114,133,-1,-1,-1,-1
10, 19700.jpg,9,807,630,100,173,-1,-1,-1,-1
10, 19700.jpg,10,1325,612,77,128,-1,-1,-1,-1
10, 19700.jpg,11,329,687,78,157,-1,-1,-1,-1
10, 19700.jpg,14,838,485,62,105,-1,-1,-1,-1
10, 19700.jpg,20,1097,569,60,128,-1,-1,-1,-1
11, 19701.jpg,3,1026,546,81,112,-1,-1,-1,-1
11, 19701.jpg,4,562,673,76,99,-1,-1,-1,-1
11, 19701.jpg,5,1118,680,76,150,-1,-1,-1,-1
11, 19701.jpg,6,772,546,78,121,-1,-1,-1,-1
11, 19701.jpg,7,877,542,71,145,-1,-1,-1,-1
11, 19701.jpg,8,1192,646,113,133,-1,-1,-1,-1
11, 19701.jpg,9,813,631,95,169,-1,-1,-1,-1
11, 19701.jpg,10,1316,618,75,124,-1,-1,-1,-1
11, 19701.jpg,11,323,691,81,155,-1,-1,-1,-1
11, 19701.jpg,14,839,486,60,102,-1,-1,-1,-1
11, 19701.jpg,20,1092,555,60,129,-1,-1,-1,-1
12, 19702.jpg,3,1028,544,85,114,-1,-1,-1,-1
12, 19702.jpg,4,560,672,74,98,-1,-1,-1,-1
12, 19702.jpg,5,1121,678,80,153,-1,-1,-1,-1
12, 19702.jpg,6,772,548,79,125,-1,-1,-1,-1
12, 19702.jpg,7,877,542,71,145,-1,-1,-1,-1
12, 19702.jpg,8,1192,643,112,134,-1,-1,-1,-1
12, 19702.jpg,9,819,633,92,166,-1,-1,-1,-1
12, 19702.jpg,10,1311,622,75,126,-1,-1,-1,-1
12, 19702.jpg,11,323,695,82,149,-1,-1,-1,-1
12, 19702.jpg,14,839,486,60,102,-1,-1,-1,-1
12, 19702.jpg,20,1094,549,59,123,-1,-1,-1,-1
13, 19703.jpg,3,1026,544,84,112,-1,-1,-1,-1
13, 19703.jpg,4,558,672,72,96,-1,-1,-1,-1
13, 19703.jpg,5,1129,681,80,153,-1,-1,-1,-1
13, 19703.jpg,6,772,549,79,127,-1,-1,-1,-1
13, 19703.jpg,7,877,543,71,146,-1,-1,-1,-1
13, 19703.jpg,8,1213,639,109,133,-1,-1,-1,-1
13, 19703.jpg,9,817,634,92,169,-1,-1,-1,-1
13, 19703.jpg,10,1301,625,74,125,-1,-1,-1,-1
13, 19703.jpg,11,322,696,84,148,-1,-1,-1,-1
13, 19703.jpg,14,837,489,61,105,-1,-1,-1,-1
13, 19703.jpg,20,1096,546,69,141,-1,-1,-1,-1
13, 19703.jpg,23,1127,599,62,132,-1,-1,-1,-1
14, 19704.jpg,4,556,670,73,98,-1,-1,-1,-1
14, 19704.jpg,5,1136,681,82,156,-1,-1,-1,-1
14, 19704.jpg,6,771,550,79,127,-1,-1,-1,-1
14, 19704.jpg,7,879,547,69,144,-1,-1,-1,-1
14, 19704.jpg,8,1236,639,105,130,-1,-1,-1,-1
14, 19704.jpg,9,826,633,89,166,-1,-1,-1,-1
14, 19704.jpg,10,1294,629,74,124,-1,-1,-1,-1
14, 19704.jpg,11,320,694,88,150,-1,-1,-1,-1
14, 19704.jpg,14,837,487,65,110,-1,-1,-1,-1
14, 19704.jpg,20,1104,552,73,146,-1,-1,-1,-1
14, 19704.jpg,23,1128,599,64,136,-1,-1,-1,-1
14, 19704.jpg,24,979,549,65,126,-1,-1,-1,-1
15, 19705.jpg,4,554,666,75,102,-1,-1,-1,-1
15, 19705.jpg,5,1139,650,81,157,-1,-1,-1,-1
15, 19705.jpg,6,770,550,80,130,-1,-1,-1,-1
15, 19705.jpg,7,881,551,66,139,-1,-1,-1,-1
15, 19705.jpg,8,1220,639,103,131,-1,-1,-1,-1
15, 19705.jpg,9,830,635,88,165,-1,-1,-1,-1
15, 19705.jpg,10,1293,638,69,118,-1,-1,-1,-1
15, 19705.jpg,11,324,694,90,151,-1,-1,-1,-1
15, 19705.jpg,14,834,487,67,113,-1,-1,-1,-1
15, 19705.jpg,20,1094,533,71,140,-1,-1,-1,-1
15, 19705.jpg,24,976,549,66,129,-1,-1,-1,-1
16, 19706.jpg,4,552,661,77,108,-1,-1,-1,-1
16, 19706.jpg,5,1153,670,80,158,-1,-1,-1,-1
16, 19706.jpg,6,769,549,81,131,-1,-1,-1,-1
16, 19706.jpg,7,883,553,63,136,-1,-1,-1,-1
16, 19706.jpg,8,1240,642,95,122,-1,-1,-1,-1
16, 19706.jpg,9,834,636,87,164,-1,-1,-1,-1
16, 19706.jpg,10,1287,642,68,116,-1,-1,-1,-1
16, 19706.jpg,11,327,689,94,154,-1,-1,-1,-1
16, 19706.jpg,14,836,485,68,116,-1,-1,-1,-1
16, 19706.jpg,20,1092,523,72,143,-1,-1,-1,-1
16, 19706.jpg,23,1117,558,77,163,-1,-1,-1,-1
16, 19706.jpg,24,974,550,64,125,-1,-1,-1,-1
17, 19707.jpg,4,549,658,78,111,-1,-1,-1,-1
17, 19707.jpg,5,1163,680,80,157,-1,-1,-1,-1
17, 19707.jpg,6,767,547,80,130,-1,-1,-1,-1
17, 19707.jpg,7,883,557,62,135,-1,-1,-1,-1
17, 19707.jpg,8,1256,642,93,119,-1,-1,-1,-1
17, 19707.jpg,9,838,637,86,162,-1,-1,-1,-1
17, 19707.jpg,11,331,686,92,153,-1,-1,-1,-1
17, 19707.jpg,14,838,483,69,120,-1,-1,-1,-1
17, 19707.jpg,20,1095,515,75,149,-1,-1,-1,-1
17, 19707.jpg,23,1134,582,73,155,-1,-1,-1,-1
17, 19707.jpg,24,973,547,65,127,-1,-1,-1,-1
18, 19708.jpg,4,544,650,83,119,-1,-1,-1,-1
18, 19708.jpg,5,1163,659,88,175,-1,-1,-1,-1
18, 19708.jpg,6,765,543,80,130,-1,-1,-1,-1
18, 19708.jpg,7,886,561,58,130,-1,-1,-1,-1
18, 19708.jpg,8,1248,643,97,119,-1,-1,-1,-1
18, 19708.jpg,9,842,638,83,160,-1,-1,-1,-1
18, 19708.jpg,10,1300,649,57,99,-1,-1,-1,-1
18, 19708.jpg,11,339,683,92,154,-1,-1,-1,-1
18, 19708.jpg,14,840,485,68,120,-1,-1,-1,-1
18, 19708.jpg,20,1101,513,73,145,-1,-1,-1,-1
18, 19708.jpg,23,1140,589,74,158,-1,-1,-1,-1
18, 19708.jpg,24,973,547,63,124,-1,-1,-1,-1
19, 19709.jpg,4,537,644,86,124,-1,-1,-1,-1
19, 19709.jpg,5,1183,671,83,166,-1,-1,-1,-1
19, 19709.jpg,6,758,543,77,128,-1,-1,-1,-1
19, 19709.jpg,7,888,561,57,131,-1,-1,-1,-1
19, 19709.jpg,8,1227,634,114,142,-1,-1,-1,-1
19, 19709.jpg,9,851,640,81,158,-1,-1,-1,-1
19, 19709.jpg,10,1296,653,55,96,-1,-1,-1,-1
19, 19709.jpg,11,354,682,90,155,-1,-1,-1,-1
19, 19709.jpg,14,844,484,70,126,-1,-1,-1,-1
19, 19709.jpg,20,1116,513,71,140,-1,-1,-1,-1
19, 19709.jpg,23,1144,593,72,156,-1,-1,-1,-1
19, 19709.jpg,24,966,549,65,129,-1,-1,-1,-1
20, 19710.jpg,4,529,640,87,127,-1,-1,-1,-1
20, 19710.jpg,5,1199,676,81,163,-1,-1,-1,-1
20, 19710.jpg,6,748,539,78,133,-1,-1,-1,-1
20, 19710.jpg,7,889,560,56,132,-1,-1,-1,-1
20, 19710.jpg,8,1245,624,111,143,-1,-1,-1,-1
20, 19710.jpg,9,857,639,79,161,-1,-1,-1,-1
20, 19710.jpg,11,364,680,88,157,-1,-1,-1,-1
20, 19710.jpg,14,845,485,71,133,-1,-1,-1,-1
20, 19710.jpg,20,1122,511,69,139,-1,-1,-1,-1
20, 19710.jpg,23,1151,591,72,157,-1,-1,-1,-1
20, 19710.jpg,24,963,549,65,131,-1,-1,-1,-1
21, 19711.jpg,4,521,639,86,128,-1,-1,-1,-1
21, 19711.jpg,5,1207,678,83,169,-1,-1,-1,-1
21, 19711.jpg,6,741,536,76,134,-1,-1,-1,-1
21, 19711.jpg,7,889,556,57,137,-1,-1,-1,-1
21, 19711.jpg,8,1254,617,110,144,-1,-1,-1,-1
21, 19711.jpg,9,861,640,76,160,-1,-1,-1,-1
21, 19711.jpg,11,371,676,87,162,-1,-1,-1,-1
21, 19711.jpg,14,849,490,70,132,-1,-1,-1,-1
21, 19711.jpg,20,1128,511,66,134,-1,-1,-1,-1
21, 19711.jpg,23,1158,590,71,157,-1,-1,-1,-1
21, 19711.jpg,24,963,548,64,130,-1,-1,-1,-1
22, 19712.jpg,4,514,637,84,129,-1,-1,-1,-1
22, 19712.jpg,5,1216,682,83,171,-1,-1,-1,-1
22, 19712.jpg,6,737,536,75,134,-1,-1,-1,-1
22, 19712.jpg,7,890,554,58,141,-1,-1,-1,-1
22, 19712.jpg,8,1260,613,107,145,-1,-1,-1,-1
22, 19712.jpg,9,862,642,73,158,-1,-1,-1,-1
22, 19712.jpg,11,380,677,86,159,-1,-1,-1,-1
22, 19712.jpg,14,857,505,71,137,-1,-1,-1,-1
22, 19712.jpg,20,1134,515,60,125,-1,-1,-1,-1
22, 19712.jpg,23,1163,588,71,157,-1,-1,-1,-1
22, 19712.jpg,24,961,547,65,132,-1,-1,-1,-1
23, 19713.jpg,4,509,638,81,127,-1,-1,-1,-1
23, 19713.jpg,5,1221,683,82,172,-1,-1,-1,-1
23, 19713.jpg,6,730,535,73,134,-1,-1,-1,-1
23, 19713.jpg,7,890,555,59,142,-1,-1,-1,-1
23, 19713.jpg,8,1269,613,102,144,-1,-1,-1,-1
23, 19713.jpg,9,863,642,71,157,-1,-1,-1,-1
23, 19713.jpg,11,388,679,84,153,-1,-1,-1,-1
23, 19713.jpg,14,861,517,75,147,-1,-1,-1,-1
23, 19713.jpg,20,1139,516,59,124,-1,-1,-1,-1
23, 19713.jpg,23,1166,584,71,159,-1,-1,-1,-1
23, 19713.jpg,24,959,545,65,135,-1,-1,-1,-1
24, 19714.jpg,4,502,636,84,132,-1,-1,-1,-1
24, 19714.jpg,5,1230,689,80,166,-1,-1,-1,-1
24, 19714.jpg,6,725,535,72,136,-1,-1,-1,-1
24, 19714.jpg,8,1276,612,100,146,-1,-1,-1,-1
24, 19714.jpg,9,869,616,65,145,-1,-1,-1,-1
24, 19714.jpg,11,393,678,86,155,-1,-1,-1,-1
24, 19714.jpg,14,862,516,77,149,-1,-1,-1,-1
24, 19714.jpg,20,1142,512,58,123,-1,-1,-1,-1
24, 19714.jpg,23,1157,559,72,162,-1,-1,-1,-1
24, 19714.jpg,24,958,544,65,137,-1,-1,-1,-1
25, 19715.jpg,4,497,632,85,135,-1,-1,-1,-1
25, 19715.jpg,5,1239,691,80,167,-1,-1,-1,-1
25, 19715.jpg,6,717,537,67,131,-1,-1,-1,-1
25, 19715.jpg,8,1282,611,98,146,-1,-1,-1,-1
25, 19715.jpg,9,871,602,61,137,-1,-1,-1,-1
25, 19715.jpg,11,394,676,90,158,-1,-1,-1,-1
25, 19715.jpg,14,865,516,76,148,-1,-1,-1,-1
25, 19715.jpg,19,120,491,64,128,-1,-1,-1,-1
25, 19715.jpg,20,1145,512,64,133,-1,-1,-1,-1
25, 19715.jpg,23,1173,577,69,156,-1,-1,-1,-1
25, 19715.jpg,24,957,544,64,137,-1,-1,-1,-1
26, 19716.jpg,4,491,631,85,135,-1,-1,-1,-1
26, 19716.jpg,5,1250,692,82,166,-1,-1,-1,-1
26, 19716.jpg,6,710,536,66,132,-1,-1,-1,-1
26, 19716.jpg,8,1288,614,94,143,-1,-1,-1,-1
26, 19716.jpg,9,872,598,59,135,-1,-1,-1,-1
26, 19716.jpg,11,391,675,93,161,-1,-1,-1,-1
26, 19716.jpg,14,857,507,71,141,-1,-1,-1,-1
26, 19716.jpg,20,1154,512,62,127,-1,-1,-1,-1
26, 19716.jpg,23,1181,584,68,155,-1,-1,-1,-1
26, 19716.jpg,24,957,545,64,138,-1,-1,-1,-1
27, 19717.jpg,4,486,632,83,133,-1,-1,-1,-1
27, 19717.jpg,5,1257,692,84,168,-1,-1,-1,-1
27, 19717.jpg,6,703,537,66,132,-1,-1,-1,-1
27, 19717.jpg,8,1291,614,92,140,-1,-1,-1,-1
27, 19717.jpg,9,873,600,57,129,-1,-1,-1,-1
27, 19717.jpg,11,395,675,93,159,-1,-1,-1,-1
27, 19717.jpg,14,856,506,65,133,-1,-1,-1,-1
27, 19717.jpg,19,117,490,66,130,-1,-1,-1,-1
27, 19717.jpg,20,1161,508,61,125,-1,-1,-1,-1
27, 19717.jpg,23,1185,587,69,158,-1,-1,-1,-1
27, 19717.jpg,24,957,544,62,138,-1,-1,-1,-1
28, 19718.jpg,4,482,632,80,131,-1,-1,-1,-1
28, 19718.jpg,5,1265,697,87,163,-1,-1,-1,-1
28, 19718.jpg,6,692,535,67,134,-1,-1,-1,-1
28, 19718.jpg,8,1301,615,92,137,-1,-1,-1,-1
28, 19718.jpg,9,874,609,55,124,-1,-1,-1,-1
28, 19718.jpg,10,1277,611,71,126,-1,-1,-1,-1
28, 19718.jpg,11,399,671,95,161,-1,-1,-1,-1
28, 19718.jpg,14,856,505,63,132,-1,-1,-1,-1
28, 19718.jpg,19,115,490,67,131,-1,-1,-1,-1
28, 19718.jpg,20,1164,504,63,132,-1,-1,-1,-1
28, 19718.jpg,23,1188,590,70,160,-1,-1,-1,-1
28, 19718.jpg,24,957,544,60,137,-1,-1,-1,-1
29, 19719.jpg,4,477,630,81,133,-1,-1,-1,-1
29, 19719.jpg,5,1266,701,92,165,-1,-1,-1,-1
29, 19719.jpg,6,684,534,69,136,-1,-1,-1,-1
29, 19719.jpg,8,1320,615,93,139,-1,-1,-1,-1
29, 19719.jpg,9,871,631,62,144,-1,-1,-1,-1
29, 19719.jpg,10,1275,610,69,128,-1,-1,-1,-1
29, 19719.jpg,11,422,663,92,155,-1,-1,-1,-1
29, 19719.jpg,14,856,504,62,131,-1,-1,-1,-1
29, 19719.jpg,19,114,490,66,130,-1,-1,-1,-1
29, 19719.jpg,20,1173,505,64,138,-1,-1,-1,-1
29, 19719.jpg,23,1193,598,69,155,-1,-1,-1,-1
29, 19719.jpg,24,956,545,60,136,-1,-1,-1,-1
30, 19720.jpg,5,1273,706,96,167,-1,-1,-1,-1
30, 19720.jpg,6,676,534,72,137,-1,-1,-1,-1
30, 19720.jpg,8,1334,615,93,138,-1,-1,-1,-1
30, 19720.jpg,9,868,641,64,149,-1,-1,-1,-1
30, 19720.jpg,10,1275,611,68,128,-1,-1,-1,-1
30, 19720.jpg,11,438,655,89,154,-1,-1,-1,-1
30, 19720.jpg,14,858,502,64,136,-1,-1,-1,-1
30, 19720.jpg,19,113,490,66,130,-1,-1,-1,-1
30, 19720.jpg,20,1176,502,67,145,-1,-1,-1,-1
30, 19720.jpg,23,1201,606,69,149,-1,-1,-1,-1
30, 19720.jpg,24,955,546,60,139,-1,-1,-1,-1
31, 19721.jpg,4,460,632,76,128,-1,-1,-1,-1
31, 19721.jpg,5,1277,708,101,169,-1,-1,-1,-1
31, 19721.jpg,6,669,533,73,138,-1,-1,-1,-1
31, 19721.jpg,7,885,599,59,144,-1,-1,-1,-1
31, 19721.jpg,8,1342,617,94,136,-1,-1,-1,-1
31, 19721.jpg,9,869,647,62,151,-1,-1,-1,-1
31, 19721.jpg,10,1269,610,68,132,-1,-1,-1,-1
31, 19721.jpg,11,434,658,92,160,-1,-1,-1,-1
31, 19721.jpg,14,859,500,63,139,-1,-1,-1,-1
31, 19721.jpg,19,112,490,65,130,-1,-1,-1,-1
31, 19721.jpg,20,1181,500,67,144,-1,-1,-1,-1
31, 19721.jpg,23,1204,611,71,147,-1,-1,-1,-1
31, 19721.jpg,24,954,547,59,139,-1,-1,-1,-1
32, 19722.jpg,4,457,634,72,124,-1,-1,-1,-1
32, 19722.jpg,5,1280,713,100,167,-1,-1,-1,-1
32, 19722.jpg,6,663,534,71,135,-1,-1,-1,-1
32, 19722.jpg,7,885,596,61,149,-1,-1,-1,-1
32, 19722.jpg,8,1351,619,94,133,-1,-1,-1,-1
32, 19722.jpg,9,869,649,62,153,-1,-1,-1,-1
32, 19722.jpg,10,1268,606,69,137,-1,-1,-1,-1
32, 19722.jpg,11,442,665,85,154,-1,-1,-1,-1
32, 19722.jpg,14,861,499,62,139,-1,-1,-1,-1
32, 19722.jpg,19,110,490,66,130,-1,-1,-1,-1
32, 19722.jpg,20,1187,501,65,140,-1,-1,-1,-1
32, 19722.jpg,23,1206,616,71,142,-1,-1,-1,-1
32, 19722.jpg,24,952,549,59,140,-1,-1,-1,-1
33, 19723.jpg,4,455,632,71,127,-1,-1,-1,-1
33, 19723.jpg,5,1283,720,99,166,-1,-1,-1,-1
33, 19723.jpg,6,656,534,71,134,-1,-1,-1,-1
33, 19723.jpg,7,880,599,65,161,-1,-1,-1,-1
33, 19723.jpg,8,1358,620,95,133,-1,-1,-1,-1
33, 19723.jpg,9,869,652,63,154,-1,-1,-1,-1
33, 19723.jpg,10,1268,600,69,140,-1,-1,-1,-1
33, 19723.jpg,11,447,664,85,154,-1,-1,-1,-1
33, 19723.jpg,14,864,498,60,139,-1,-1,-1,-1
33, 19723.jpg,20,1193,504,63,135,-1,-1,-1,-1
33, 19723.jpg,23,1207,619,73,140,-1,-1,-1,-1
33, 19723.jpg,24,952,551,56,137,-1,-1,-1,-1
34, 19724.jpg,4,448,630,67,120,-1,-1,-1,-1
34, 19724.jpg,5,1287,725,100,166,-1,-1,-1,-1
34, 19724.jpg,6,649,533,69,135,-1,-1,-1,-1
34, 19724.jpg,7,881,598,63,155,-1,-1,-1,-1
34, 19724.jpg,8,1364,621,94,132,-1,-1,-1,-1
34, 19724.jpg,10,1268,595,71,147,-1,-1,-1,-1
34, 19724.jpg,11,449,680,76,139,-1,-1,-1,-1
34, 19724.jpg,14,865,499,60,139,-1,-1,-1,-1
34, 19724.jpg,20,1200,507,62,128,-1,-1,-1,-1
34, 19724.jpg,23,1207,623,73,137,-1,-1,-1,-1
34, 19724.jpg,24,954,550,55,136,-1,-1,-1,-1
35, 19725.jpg,4,439,626,69,121,-1,-1,-1,-1
35, 19725.jpg,5,1286,729,103,173,-1,-1,-1,-1
35, 19725.jpg,6,640,533,68,135,-1,-1,-1,-1
35, 19725.jpg,7,878,598,58,141,-1,-1,-1,-1
35, 19725.jpg,8,1366,622,92,127,-1,-1,-1,-1
35, 19725.jpg,10,1266,593,72,149,-1,-1,-1,-1
35, 19725.jpg,11,448,665,83,148,-1,-1,-1,-1
35, 19725.jpg,14,867,500,59,138,-1,-1,-1,-1
35, 19725.jpg,20,1204,506,63,126,-1,-1,-1,-1
35, 19725.jpg,23,1221,615,80,145,-1,-1,-1,-1
35, 19725.jpg,24,956,549,55,137,-1,-1,-1,-1
36, 19726.jpg,4,429,623,72,125,-1,-1,-1,-1
36, 19726.jpg,5,1284,728,109,183,-1,-1,-1,-1
36, 19726.jpg,6,632,531,67,136,-1,-1,-1,-1
36, 19726.jpg,7,878,596,57,135,-1,-1,-1,-1
36, 19726.jpg,8,1369,621,90,124,-1,-1,-1,-1
36, 19726.jpg,9,868,649,63,158,-1,-1,-1,-1
36, 19726.jpg,11,445,655,89,155,-1,-1,-1,-1
36, 19726.jpg,14,866,502,60,140,-1,-1,-1,-1
36, 19726.jpg,20,1211,510,61,119,-1,-1,-1,-1
36, 19726.jpg,23,1231,611,80,143,-1,-1,-1,-1
36, 19726.jpg,24,956,548,57,140,-1,-1,-1,-1
37, 19727.jpg,4,422,621,73,125,-1,-1,-1,-1
37, 19727.jpg,5,1286,729,112,185,-1,-1,-1,-1
37, 19727.jpg,6,625,529,66,139,-1,-1,-1,-1
37, 19727.jpg,7,882,595,58,137,-1,-1,-1,-1
37, 19727.jpg,8,1373,623,91,123,-1,-1,-1,-1
37, 19727.jpg,9,869,651,60,154,-1,-1,-1,-1
37, 19727.jpg,10,1273,583,66,139,-1,-1,-1,-1
37, 19727.jpg,11,448,656,94,160,-1,-1,-1,-1
37, 19727.jpg,14,867,507,57,135,-1,-1,-1,-1
37, 19727.jpg,20,1211,509,61,113,-1,-1,-1,-1
37, 19727.jpg,23,1229,609,79,138,-1,-1,-1,-1
37, 19727.jpg,24,956,546,58,144,-1,-1,-1,-1
38, 19728.jpg,4,416,624,75,127,-1,-1,-1,-1
38, 19728.jpg,5,1291,731,112,185,-1,-1,-1,-1
38, 19728.jpg,6,617,529,66,139,-1,-1,-1,-1
38, 19728.jpg,7,879,591,58,137,-1,-1,-1,-1
38, 19728.jpg,8,1382,626,92,123,-1,-1,-1,-1
38, 19728.jpg,9,869,651,59,154,-1,-1,-1,-1
38, 19728.jpg,10,1275,577,65,139,-1,-1,-1,-1
38, 19728.jpg,11,452,660,95,156,-1,-1,-1,-1
38, 19728.jpg,14,873,517,51,122,-1,-1,-1,-1
38, 19728.jpg,20,1215,511,61,106,-1,-1,-1,-1
38, 19728.jpg,23,1234,610,79,137,-1,-1,-1,-1
38, 19728.jpg,24,957,546,57,142,-1,-1,-1,-1
39, 19729.jpg,4,414,625,75,127,-1,-1,-1,-1
39, 19729.jpg,5,1289,738,111,179,-1,-1,-1,-1
39, 19729.jpg,6,608,530,67,143,-1,-1,-1,-1
39, 19729.jpg,7,876,588,59,139,-1,-1,-1,-1
39, 19729.jpg,8,1385,628,94,121,-1,-1,-1,-1
39, 19729.jpg,9,869,653,59,154,-1,-1,-1,-1
39, 19729.jpg,10,1278,574,62,136,-1,-1,-1,-1
39, 19729.jpg,11,467,666,95,155,-1,-1,-1,-1
39, 19729.jpg,14,876,525,50,116,-1,-1,-1,-1
39, 19729.jpg,20,1216,515,59,98,-1,-1,-1,-1
39, 19729.jpg,24,959,546,56,142,-1,-1,-1,-1
40, 19730.jpg,3,1176,633,88,121,-1,-1,-1,-1
40, 19730.jpg,4,412,626,75,127,-1,-1,-1,-1
40, 19730.jpg,5,1289,742,110,176,-1,-1,-1,-1
40, 19730.jpg,6,600,532,66,142,-1,-1,-1,-1
40, 19730.jpg,7,877,558,62,147,-1,-1,-1,-1
40, 19730.jpg,8,1388,629,96,120,-1,-1,-1,-1
40, 19730.jpg,9,868,651,59,153,-1,-1,-1,-1
40, 19730.jpg,10,1280,572,61,135,-1,-1,-1,-1
40, 19730.jpg,11,474,668,96,155,-1,-1,-1,-1
40, 19730.jpg,14,878,528,48,113,-1,-1,-1,-1
40, 19730.jpg,20,1217,518,59,93,-1,-1,-1,-1
40, 19730.jpg,24,960,546,56,143,-1,-1,-1,-1
