2, 28722.jpg,1,1216,542,85,149,-1,-1,-1,-1
2, 28722.jpg,2,1223,678,81,158,-1,-1,-1,-1
2, 28722.jpg,3,509,561,53,139,-1,-1,-1,-1
2, 28722.jpg,4,467,672,75,146,-1,-1,-1,-1
2, 28722.jpg,5,1135,552,57,159,-1,-1,-1,-1
2, 28722.jpg,6,1459,584,69,153,-1,-1,-1,-1
2, 28722.jpg,7,860,508,54,103,-1,-1,-1,-1
2, 28722.jpg,8,944,512,51,150,-1,-1,-1,-1
2, 28722.jpg,9,1534,640,54,151,-1,-1,-1,-1
2, 28722.jpg,10,617,497,57,122,-1,-1,-1,-1
3, 28723.jpg,1,1195,552,81,143,-1,-1,-1,-1
3, 28723.jpg,2,1208,674,82,160,-1,-1,-1,-1
3, 28723.jpg,3,508,561,52,138,-1,-1,-1,-1
3, 28723.jpg,4,461,670,76,149,-1,-1,-1,-1
3, 28723.jpg,5,1128,552,57,159,-1,-1,-1,-1
3, 28723.jpg,6,1462,583,69,154,-1,-1,-1,-1
3, 28723.jpg,7,852,511,51,97,-1,-1,-1,-1
3, 28723.jpg,8,938,506,53,157,-1,-1,-1,-1
3, 28723.jpg,9,1531,642,54,152,-1,-1,-1,-1
3, 28723.jpg,10,614,501,55,118,-1,-1,-1,-1
4, 28724.jpg,1,1188,552,78,139,-1,-1,-1,-1
4, 28724.jpg,2,1196,668,84,165,-1,-1,-1,-1
4, 28724.jpg,3,504,561,53,140,-1,-1,-1,-1
4, 28724.jpg,4,453,669,78,152,-1,-1,-1,-1
4, 28724.jpg,5,1126,554,56,158,-1,-1,-1,-1
4, 28724.jpg,6,1466,583,68,152,-1,-1,-1,-1
4, 28724.jpg,7,846,508,51,98,-1,-1,-1,-1
4, 28724.jpg,8,940,524,49,147,-1,-1,-1,-1
4, 28724.jpg,9,1528,647,54,154,-1,-1,-1,-1
4, 28724.jpg,10,611,504,54,114,-1,-1,-1,-1
5, 28725.jpg,1,1200,553,75,135,-1,-1,-1,-1
5, 28725.jpg,2,1189,669,82,163,-1,-1,-1,-1
5, 28725.jpg,3,502,562,54,141,-1,-1,-1,-1
5, 28725.jpg,4,446,668,80,156,-1,-1,-1,-1
5, 28725.jpg,5,1120,557,55,155,-1,-1,-1,-1
5, 28725.jpg,6,1467,582,68,151,-1,-1,-1,-1
5, 28725.jpg,7,832,507,54,101,-1,-1,-1,-1
5, 28725.jpg,8,937,531,48,144,-1,-1,-1,-1
5, 28725.jpg,9,1521,653,53,149,-1,-1,-1,-1
5, 28725.jpg,10,608,505,53,113,-1,-1,-1,-1
6, 28726.jpg,1,1181,555,74,133,-1,-1,-1,-1
6, 28726.jpg,2,1179,662,84,170,-1,-1,-1,-1
6, 28726.jpg,3,500,562,56,144,-1,-1,-1,-1
6, 28726.jpg,4,441,668,79,155,-1,-1,-1,-1
6, 28726.jpg,5,1116,558,55,154,-1,-1,-1,-1
6, 28726.jpg,6,1478,601,70,156,-1,-1,-1,-1
6, 28726.jpg,7,825,506,53,100,-1,-1,-1,-1
6, 28726.jpg,8,934,535,47,141,-1,-1,-1,-1
6, 28726.jpg,9,1518,657,52,147,-1,-1,-1,-1
6, 28726.jpg,10,602,505,56,116,-1,-1,-1,-1
7, 28727.jpg,1,1151,558,76,138,-1,-1,-1,-1
7, 28727.jpg,2,1170,659,86,173,-1,-1,-1,-1
7, 28727.jpg,3,499,561,57,144,-1,-1,-1,-1
7, 28727.jpg,4,437,669,78,154,-1,-1,-1,-1
7, 28727.jpg,5,1109,559,55,155,-1,-1,-1,-1
7, 28727.jpg,6,1470,591,69,150,-1,-1,-1,-1
7, 28727.jpg,7,818,506,53,99,-1,-1,-1,-1
7, 28727.jpg,8,927,537,48,141,-1,-1,-1,-1
7, 28727.jpg,9,1499,639,58,159,-1,-1,-1,-1
7, 28727.jpg,10,595,502,58,122,-1,-1,-1,-1
7, 28727.jpg,14,916,471,36,91,-1,-1,-1,-1
8, 28728.jpg,1,1155,556,75,137,-1,-1,-1,-1
8, 28728.jpg,2,1160,653,88,179,-1,-1,-1,-1
8, 28728.jpg,3,497,561,57,145,-1,-1,-1,-1
8, 28728.jpg,4,433,669,76,153,-1,-1,-1,-1
8, 28728.jpg,5,1104,557,55,155,-1,-1,-1,-1
8, 28728.jpg,6,1467,589,67,143,-1,-1,-1,-1
8, 28728.jpg,7,813,507,51,95,-1,-1,-1,-1
8, 28728.jpg,8,922,537,49,143,-1,-1,-1,-1
8, 28728.jpg,9,1498,646,57,155,-1,-1,-1,-1
8, 28728.jpg,10,589,502,60,124,-1,-1,-1,-1
8, 28728.jpg,14,911,465,37,95,-1,-1,-1,-1
8, 28728.jpg,15,1250,537,62,142,-1,-1,-1,-1
9, 28729.jpg,1,1129,556,78,142,-1,-1,-1,-1
9, 28729.jpg,2,1155,656,86,174,-1,-1,-1,-1
9, 28729.jpg,3,493,563,58,144,-1,-1,-1,-1
9, 28729.jpg,4,429,669,78,156,-1,-1,-1,-1
9, 28729.jpg,5,1099,558,55,154,-1,-1,-1,-1
9, 28729.jpg,6,1466,590,66,138,-1,-1,-1,-1
9, 28729.jpg,7,804,505,52,97,-1,-1,-1,-1
9, 28729.jpg,8,918,539,51,146,-1,-1,-1,-1
9, 28729.jpg,9,1491,643,57,152,-1,-1,-1,-1
9, 28729.jpg,10,586,504,60,122,-1,-1,-1,-1
9, 28729.jpg,14,906,464,37,95,-1,-1,-1,-1
9, 28729.jpg,15,1252,535,63,142,-1,-1,-1,-1
10, 28730.jpg,1,1114,554,81,146,-1,-1,-1,-1
10, 28730.jpg,2,1148,657,85,172,-1,-1,-1,-1
10, 28730.jpg,3,490,564,58,144,-1,-1,-1,-1
10, 28730.jpg,4,425,671,78,157,-1,-1,-1,-1
10, 28730.jpg,6,1468,591,64,136,-1,-1,-1,-1
10, 28730.jpg,7,798,504,51,97,-1,-1,-1,-1
10, 28730.jpg,8,916,542,51,143,-1,-1,-1,-1
10, 28730.jpg,9,1481,625,60,160,-1,-1,-1,-1
10, 28730.jpg,10,582,506,60,120,-1,-1,-1,-1
10, 28730.jpg,14,903,461,36,93,-1,-1,-1,-1
10, 28730.jpg,15,1253,534,65,144,-1,-1,-1,-1
11, 28731.jpg,1,1126,553,76,141,-1,-1,-1,-1
11, 28731.jpg,2,1142,658,83,169,-1,-1,-1,-1
11, 28731.jpg,3,489,564,59,144,-1,-1,-1,-1
11, 28731.jpg,4,421,671,77,157,-1,-1,-1,-1
11, 28731.jpg,5,1089,557,55,159,-1,-1,-1,-1
11, 28731.jpg,7,793,503,51,96,-1,-1,-1,-1
11, 28731.jpg,8,913,547,49,139,-1,-1,-1,-1
11, 28731.jpg,9,1478,630,59,153,-1,-1,-1,-1
11, 28731.jpg,10,581,505,61,123,-1,-1,-1,-1
11, 28731.jpg,14,901,461,36,92,-1,-1,-1,-1
11, 28731.jpg,15,1254,533,66,146,-1,-1,-1,-1
12, 28732.jpg,1,1110,557,77,143,-1,-1,-1,-1
12, 28732.jpg,2,1136,660,82,166,-1,-1,-1,-1
12, 28732.jpg,3,491,564,58,143,-1,-1,-1,-1
12, 28732.jpg,4,419,671,77,158,-1,-1,-1,-1
12, 28732.jpg,5,1084,558,55,159,-1,-1,-1,-1
12, 28732.jpg,6,1470,590,60,127,-1,-1,-1,-1
12, 28732.jpg,7,786,503,51,95,-1,-1,-1,-1
12, 28732.jpg,8,907,546,51,143,-1,-1,-1,-1
12, 28732.jpg,9,1478,651,55,142,-1,-1,-1,-1
12, 28732.jpg,10,579,506,61,124,-1,-1,-1,-1
12, 28732.jpg,14,895,459,37,94,-1,-1,-1,-1
12, 28732.jpg,15,1258,536,66,145,-1,-1,-1,-1
13, 28733.jpg,1,1096,555,80,149,-1,-1,-1,-1
13, 28733.jpg,2,1128,661,79,162,-1,-1,-1,-1
13, 28733.jpg,3,489,566,58,143,-1,-1,-1,-1
13, 28733.jpg,4,417,672,77,157,-1,-1,-1,-1
13, 28733.jpg,6,1474,585,58,123,-1,-1,-1,-1
13, 28733.jpg,7,778,500,53,101,-1,-1,-1,-1
13, 28733.jpg,8,902,549,50,140,-1,-1,-1,-1
13, 28733.jpg,9,1472,655,58,146,-1,-1,-1,-1
13, 28733.jpg,10,578,509,59,121,-1,-1,-1,-1
13, 28733.jpg,14,890,457,39,97,-1,-1,-1,-1
13, 28733.jpg,15,1261,536,65,145,-1,-1,-1,-1
14, 28734.jpg,1,1085,556,79,152,-1,-1,-1,-1
14, 28734.jpg,2,1121,665,75,154,-1,-1,-1,-1
14, 28734.jpg,3,487,567,58,144,-1,-1,-1,-1
14, 28734.jpg,4,414,673,79,161,-1,-1,-1,-1
14, 28734.jpg,5,1119,551,50,145,-1,-1,-1,-1
14, 28734.jpg,6,1471,582,60,131,-1,-1,-1,-1
14, 28734.jpg,7,775,498,52,102,-1,-1,-1,-1
14, 28734.jpg,8,897,547,51,144,-1,-1,-1,-1
14, 28734.jpg,9,1468,653,58,153,-1,-1,-1,-1
14, 28734.jpg,10,578,509,60,124,-1,-1,-1,-1
14, 28734.jpg,14,886,456,41,100,-1,-1,-1,-1
14, 28734.jpg,15,1262,535,66,146,-1,-1,-1,-1
15, 28735.jpg,1,1063,557,79,158,-1,-1,-1,-1
15, 28735.jpg,2,1111,662,75,154,-1,-1,-1,-1
15, 28735.jpg,3,486,567,57,145,-1,-1,-1,-1
15, 28735.jpg,4,413,676,77,155,-1,-1,-1,-1
15, 28735.jpg,5,1106,549,52,149,-1,-1,-1,-1
15, 28735.jpg,6,1473,583,58,130,-1,-1,-1,-1
15, 28735.jpg,7,768,496,52,102,-1,-1,-1,-1
15, 28735.jpg,8,893,545,53,147,-1,-1,-1,-1
15, 28735.jpg,9,1462,653,61,159,-1,-1,-1,-1
15, 28735.jpg,10,576,512,60,124,-1,-1,-1,-1
15, 28735.jpg,14,881,458,42,102,-1,-1,-1,-1
15, 28735.jpg,15,1265,534,64,144,-1,-1,-1,-1
16, 28736.jpg,1,1055,559,74,153,-1,-1,-1,-1
16, 28736.jpg,2,1103,662,73,153,-1,-1,-1,-1
16, 28736.jpg,3,484,567,58,149,-1,-1,-1,-1
16, 28736.jpg,4,412,678,77,152,-1,-1,-1,-1
16, 28736.jpg,5,1107,545,51,143,-1,-1,-1,-1
16, 28736.jpg,6,1475,586,55,125,-1,-1,-1,-1
16, 28736.jpg,7,761,491,53,107,-1,-1,-1,-1
16, 28736.jpg,8,889,546,52,146,-1,-1,-1,-1
16, 28736.jpg,9,1457,656,61,160,-1,-1,-1,-1
16, 28736.jpg,10,575,513,60,126,-1,-1,-1,-1
16, 28736.jpg,14,880,459,42,102,-1,-1,-1,-1
16, 28736.jpg,15,1267,531,64,144,-1,-1,-1,-1
17, 28737.jpg,1,1050,561,71,152,-1,-1,-1,-1
17, 28737.jpg,2,1095,661,73,155,-1,-1,-1,-1
17, 28737.jpg,3,482,569,57,147,-1,-1,-1,-1
17, 28737.jpg,4,406,678,81,157,-1,-1,-1,-1
17, 28737.jpg,5,1109,544,48,135,-1,-1,-1,-1
17, 28737.jpg,6,1475,582,59,133,-1,-1,-1,-1
17, 28737.jpg,7,755,488,55,110,-1,-1,-1,-1
17, 28737.jpg,8,886,548,52,143,-1,-1,-1,-1
17, 28737.jpg,9,1455,660,59,154,-1,-1,-1,-1
17, 28737.jpg,10,572,515,59,126,-1,-1,-1,-1
17, 28737.jpg,14,878,460,41,100,-1,-1,-1,-1
17, 28737.jpg,15,1270,527,67,150,-1,-1,-1,-1
18, 28738.jpg,1,1058,555,72,154,-1,-1,-1,-1
18, 28738.jpg,2,1088,659,74,159,-1,-1,-1,-1
18, 28738.jpg,3,480,571,58,145,-1,-1,-1,-1
18, 28738.jpg,4,402,680,82,153,-1,-1,-1,-1
18, 28738.jpg,5,1102,545,50,139,-1,-1,-1,-1
18, 28738.jpg,6,1476,581,62,139,-1,-1,-1,-1
18, 28738.jpg,7,746,478,60,122,-1,-1,-1,-1
18, 28738.jpg,8,882,547,52,145,-1,-1,-1,-1
18, 28738.jpg,9,1447,663,59,155,-1,-1,-1,-1
18, 28738.jpg,10,570,518,57,122,-1,-1,-1,-1
18, 28738.jpg,14,869,460,43,102,-1,-1,-1,-1
18, 28738.jpg,15,1273,523,69,153,-1,-1,-1,-1
19, 28739.jpg,1,1065,550,71,151,-1,-1,-1,-1
19, 28739.jpg,2,1084,659,72,158,-1,-1,-1,-1
19, 28739.jpg,3,478,573,58,144,-1,-1,-1,-1
19, 28739.jpg,4,399,682,82,151,-1,-1,-1,-1
19, 28739.jpg,5,1101,544,49,138,-1,-1,-1,-1
19, 28739.jpg,6,1480,584,61,138,-1,-1,-1,-1
19, 28739.jpg,7,739,466,63,134,-1,-1,-1,-1
19, 28739.jpg,8,879,548,53,147,-1,-1,-1,-1
19, 28739.jpg,9,1442,664,59,154,-1,-1,-1,-1
19, 28739.jpg,10,568,520,56,120,-1,-1,-1,-1
19, 28739.jpg,14,863,462,42,99,-1,-1,-1,-1
19, 28739.jpg,15,1276,521,69,153,-1,-1,-1,-1
20, 28740.jpg,1,1046,557,66,146,-1,-1,-1,-1
20, 28740.jpg,2,1076,661,71,156,-1,-1,-1,-1
20, 28740.jpg,3,474,572,60,146,-1,-1,-1,-1
20, 28740.jpg,4,397,682,84,149,-1,-1,-1,-1
20, 28740.jpg,5,1089,546,49,139,-1,-1,-1,-1
20, 28740.jpg,6,1481,585,62,140,-1,-1,-1,-1
20, 28740.jpg,7,736,471,58,123,-1,-1,-1,-1
20, 28740.jpg,8,875,548,53,148,-1,-1,-1,-1
20, 28740.jpg,9,1438,666,58,153,-1,-1,-1,-1
20, 28740.jpg,10,567,523,55,117,-1,-1,-1,-1
20, 28740.jpg,14,859,461,42,100,-1,-1,-1,-1
20, 28740.jpg,15,1281,522,67,148,-1,-1,-1,-1
21, 28741.jpg,1,1039,562,64,145,-1,-1,-1,-1
21, 28741.jpg,2,1070,660,70,157,-1,-1,-1,-1
21, 28741.jpg,3,473,571,59,147,-1,-1,-1,-1
21, 28741.jpg,4,395,682,85,149,-1,-1,-1,-1
21, 28741.jpg,5,1078,549,51,145,-1,-1,-1,-1
21, 28741.jpg,6,1479,584,63,143,-1,-1,-1,-1
21, 28741.jpg,7,732,471,56,121,-1,-1,-1,-1
21, 28741.jpg,8,872,552,52,143,-1,-1,-1,-1
21, 28741.jpg,9,1434,668,57,151,-1,-1,-1,-1
21, 28741.jpg,10,566,525,54,117,-1,-1,-1,-1
21, 28741.jpg,14,857,460,41,99,-1,-1,-1,-1
21, 28741.jpg,15,1285,523,65,145,-1,-1,-1,-1
22, 28742.jpg,1,1031,563,64,145,-1,-1,-1,-1
22, 28742.jpg,2,1062,659,72,159,-1,-1,-1,-1
22, 28742.jpg,3,472,570,60,149,-1,-1,-1,-1
22, 28742.jpg,4,393,679,88,153,-1,-1,-1,-1
22, 28742.jpg,5,1071,548,52,140,-1,-1,-1,-1
22, 28742.jpg,6,1478,584,63,142,-1,-1,-1,-1
22, 28742.jpg,7,727,468,55,120,-1,-1,-1,-1
22, 28742.jpg,8,869,551,53,145,-1,-1,-1,-1
22, 28742.jpg,9,1428,667,58,153,-1,-1,-1,-1
22, 28742.jpg,10,562,523,56,118,-1,-1,-1,-1
22, 28742.jpg,14,855,460,40,98,-1,-1,-1,-1
22, 28742.jpg,15,1288,526,62,139,-1,-1,-1,-1
23, 28743.jpg,1,1035,570,63,143,-1,-1,-1,-1
23, 28743.jpg,2,1057,662,70,156,-1,-1,-1,-1
23, 28743.jpg,3,471,570,61,151,-1,-1,-1,-1
23, 28743.jpg,4,391,676,90,157,-1,-1,-1,-1
23, 28743.jpg,5,1067,549,51,138,-1,-1,-1,-1
23, 28743.jpg,6,1474,581,65,146,-1,-1,-1,-1
23, 28743.jpg,7,724,470,54,121,-1,-1,-1,-1
23, 28743.jpg,8,866,554,54,143,-1,-1,-1,-1
23, 28743.jpg,9,1423,668,59,155,-1,-1,-1,-1
23, 28743.jpg,10,559,521,57,120,-1,-1,-1,-1
23, 28743.jpg,14,849,462,40,97,-1,-1,-1,-1
23, 28743.jpg,15,1290,528,61,138,-1,-1,-1,-1
24, 28744.jpg,1,1021,570,62,147,-1,-1,-1,-1
24, 28744.jpg,2,1047,668,68,149,-1,-1,-1,-1
24, 28744.jpg,3,472,570,62,152,-1,-1,-1,-1
24, 28744.jpg,4,394,675,91,160,-1,-1,-1,-1
24, 28744.jpg,5,1063,549,51,137,-1,-1,-1,-1
24, 28744.jpg,6,1472,578,65,147,-1,-1,-1,-1
24, 28744.jpg,7,714,473,53,119,-1,-1,-1,-1
24, 28744.jpg,8,862,557,54,141,-1,-1,-1,-1
24, 28744.jpg,9,1420,667,58,154,-1,-1,-1,-1
24, 28744.jpg,10,558,519,59,122,-1,-1,-1,-1
24, 28744.jpg,14,842,464,40,96,-1,-1,-1,-1
24, 28744.jpg,15,1295,532,60,137,-1,-1,-1,-1
25, 28745.jpg,1,1015,574,59,142,-1,-1,-1,-1
25, 28745.jpg,2,1042,671,67,146,-1,-1,-1,-1
25, 28745.jpg,3,474,570,60,152,-1,-1,-1,-1
25, 28745.jpg,4,399,676,86,158,-1,-1,-1,-1
25, 28745.jpg,6,1472,576,64,149,-1,-1,-1,-1
25, 28745.jpg,7,707,473,54,122,-1,-1,-1,-1
25, 28745.jpg,8,859,558,55,140,-1,-1,-1,-1
25, 28745.jpg,9,1417,665,58,155,-1,-1,-1,-1
25, 28745.jpg,10,556,518,60,125,-1,-1,-1,-1
25, 28745.jpg,14,837,465,40,96,-1,-1,-1,-1
25, 28745.jpg,15,1298,531,61,138,-1,-1,-1,-1
26, 28746.jpg,1,1007,576,59,141,-1,-1,-1,-1
26, 28746.jpg,2,1040,674,67,144,-1,-1,-1,-1
26, 28746.jpg,3,474,571,62,154,-1,-1,-1,-1
26, 28746.jpg,4,404,678,84,157,-1,-1,-1,-1
26, 28746.jpg,5,1038,548,50,131,-1,-1,-1,-1
26, 28746.jpg,6,1472,576,63,150,-1,-1,-1,-1
26, 28746.jpg,7,700,476,53,120,-1,-1,-1,-1
26, 28746.jpg,8,853,559,57,142,-1,-1,-1,-1
26, 28746.jpg,9,1414,665,59,156,-1,-1,-1,-1
26, 28746.jpg,10,556,515,61,130,-1,-1,-1,-1
26, 28746.jpg,14,834,465,40,97,-1,-1,-1,-1
26, 28746.jpg,15,1300,530,61,138,-1,-1,-1,-1
27, 28747.jpg,2,1038,677,66,140,-1,-1,-1,-1
27, 28747.jpg,3,475,575,61,149,-1,-1,-1,-1
27, 28747.jpg,4,409,680,83,155,-1,-1,-1,-1
27, 28747.jpg,5,1033,547,48,126,-1,-1,-1,-1
27, 28747.jpg,6,1472,578,62,148,-1,-1,-1,-1
27, 28747.jpg,7,694,481,52,117,-1,-1,-1,-1
27, 28747.jpg,8,851,558,58,146,-1,-1,-1,-1
27, 28747.jpg,9,1412,665,60,157,-1,-1,-1,-1
27, 28747.jpg,10,557,515,61,130,-1,-1,-1,-1
27, 28747.jpg,14,832,466,40,96,-1,-1,-1,-1
27, 28747.jpg,15,1301,528,63,139,-1,-1,-1,-1
28, 28748.jpg,1,998,580,55,135,-1,-1,-1,-1
28, 28748.jpg,2,1037,681,64,136,-1,-1,-1,-1
28, 28748.jpg,3,475,579,62,147,-1,-1,-1,-1
28, 28748.jpg,4,413,682,83,155,-1,-1,-1,-1
28, 28748.jpg,5,1027,546,47,124,-1,-1,-1,-1
28, 28748.jpg,6,1473,578,62,148,-1,-1,-1,-1
28, 28748.jpg,7,689,484,50,111,-1,-1,-1,-1
28, 28748.jpg,8,848,561,57,142,-1,-1,-1,-1
28, 28748.jpg,9,1411,667,61,157,-1,-1,-1,-1
28, 28748.jpg,10,557,515,61,131,-1,-1,-1,-1
28, 28748.jpg,14,832,470,38,91,-1,-1,-1,-1
28, 28748.jpg,15,1302,527,65,140,-1,-1,-1,-1
29, 28749.jpg,1,1000,563,62,154,-1,-1,-1,-1
29, 28749.jpg,2,1033,681,66,137,-1,-1,-1,-1
29, 28749.jpg,3,475,581,64,146,-1,-1,-1,-1
29, 28749.jpg,4,414,683,86,156,-1,-1,-1,-1
29, 28749.jpg,6,1473,578,63,149,-1,-1,-1,-1
29, 28749.jpg,7,683,486,50,109,-1,-1,-1,-1
29, 28749.jpg,8,846,563,57,140,-1,-1,-1,-1
29, 28749.jpg,9,1409,672,61,154,-1,-1,-1,-1
29, 28749.jpg,10,558,516,60,132,-1,-1,-1,-1
29, 28749.jpg,14,832,475,38,88,-1,-1,-1,-1
29, 28749.jpg,15,1303,527,67,140,-1,-1,-1,-1
29, 28749.jpg,16,179,514,62,120,-1,-1,-1,-1
30, 28750.jpg,1,997,570,58,146,-1,-1,-1,-1
30, 28750.jpg,2,1028,681,67,138,-1,-1,-1,-1
30, 28750.jpg,3,478,586,65,143,-1,-1,-1,-1
30, 28750.jpg,4,415,683,88,157,-1,-1,-1,-1
30, 28750.jpg,6,1475,582,63,147,-1,-1,-1,-1
30, 28750.jpg,7,680,489,47,103,-1,-1,-1,-1
30, 28750.jpg,8,843,560,58,144,-1,-1,-1,-1
30, 28750.jpg,9,1407,675,61,154,-1,-1,-1,-1
30, 28750.jpg,10,560,519,60,130,-1,-1,-1,-1
30, 28750.jpg,14,830,478,37,88,-1,-1,-1,-1
30, 28750.jpg,15,1305,526,68,141,-1,-1,-1,-1
30, 28750.jpg,16,176,516,62,118,-1,-1,-1,-1
31, 28751.jpg,1,994,569,58,147,-1,-1,-1,-1
31, 28751.jpg,2,1024,680,70,139,-1,-1,-1,-1
31, 28751.jpg,3,478,585,68,145,-1,-1,-1,-1
31, 28751.jpg,4,414,683,92,160,-1,-1,-1,-1
31, 28751.jpg,6,1477,587,63,143,-1,-1,-1,-1
31, 28751.jpg,7,673,486,49,104,-1,-1,-1,-1
31, 28751.jpg,8,842,560,58,144,-1,-1,-1,-1
31, 28751.jpg,9,1403,677,63,153,-1,-1,-1,-1
31, 28751.jpg,10,562,526,57,126,-1,-1,-1,-1
31, 28751.jpg,14,827,480,38,86,-1,-1,-1,-1
31, 28751.jpg,15,1307,524,69,142,-1,-1,-1,-1
31, 28751.jpg,16,174,517,61,117,-1,-1,-1,-1
32, 28752.jpg,1,996,559,55,139,-1,-1,-1,-1
32, 28752.jpg,2,1022,679,72,140,-1,-1,-1,-1
32, 28752.jpg,3,479,585,70,145,-1,-1,-1,-1
32, 28752.jpg,4,413,683,95,162,-1,-1,-1,-1
32, 28752.jpg,6,1476,589,63,141,-1,-1,-1,-1
32, 28752.jpg,7,665,485,49,105,-1,-1,-1,-1
32, 28752.jpg,8,840,560,59,144,-1,-1,-1,-1
32, 28752.jpg,9,1400,674,64,156,-1,-1,-1,-1
32, 28752.jpg,10,564,532,56,121,-1,-1,-1,-1
32, 28752.jpg,14,825,480,38,87,-1,-1,-1,-1
32, 28752.jpg,15,1313,530,66,136,-1,-1,-1,-1
32, 28752.jpg,16,170,517,62,118,-1,-1,-1,-1
33, 28753.jpg,1,992,558,54,139,-1,-1,-1,-1
33, 28753.jpg,2,1021,679,73,141,-1,-1,-1,-1
33, 28753.jpg,3,483,584,70,146,-1,-1,-1,-1
33, 28753.jpg,4,415,683,95,162,-1,-1,-1,-1
33, 28753.jpg,5,998,540,45,116,-1,-1,-1,-1
33, 28753.jpg,6,1474,591,65,140,-1,-1,-1,-1
33, 28753.jpg,7,657,486,51,105,-1,-1,-1,-1
33, 28753.jpg,8,839,560,58,146,-1,-1,-1,-1
33, 28753.jpg,9,1397,674,64,155,-1,-1,-1,-1
33, 28753.jpg,10,565,532,56,119,-1,-1,-1,-1
33, 28753.jpg,14,821,483,42,93,-1,-1,-1,-1
33, 28753.jpg,15,1313,531,66,134,-1,-1,-1,-1
33, 28753.jpg,16,168,518,63,116,-1,-1,-1,-1
34, 28754.jpg,1,983,547,63,162,-1,-1,-1,-1
34, 28754.jpg,2,1020,681,74,137,-1,-1,-1,-1
34, 28754.jpg,3,489,585,69,145,-1,-1,-1,-1
34, 28754.jpg,4,417,683,95,162,-1,-1,-1,-1
34, 28754.jpg,5,993,539,44,115,-1,-1,-1,-1
34, 28754.jpg,6,1473,591,65,138,-1,-1,-1,-1
34, 28754.jpg,7,649,483,53,107,-1,-1,-1,-1
34, 28754.jpg,8,838,563,57,143,-1,-1,-1,-1
34, 28754.jpg,9,1394,674,64,154,-1,-1,-1,-1
34, 28754.jpg,10,567,535,56,117,-1,-1,-1,-1
34, 28754.jpg,14,819,484,43,93,-1,-1,-1,-1
34, 28754.jpg,15,1316,536,62,127,-1,-1,-1,-1
34, 28754.jpg,16,166,519,62,116,-1,-1,-1,-1
35, 28755.jpg,1,979,544,64,167,-1,-1,-1,-1
35, 28755.jpg,2,1019,681,75,137,-1,-1,-1,-1
35, 28755.jpg,3,490,583,70,148,-1,-1,-1,-1
35, 28755.jpg,4,422,682,93,163,-1,-1,-1,-1
35, 28755.jpg,6,1471,591,66,137,-1,-1,-1,-1
35, 28755.jpg,7,640,485,52,105,-1,-1,-1,-1
35, 28755.jpg,8,836,563,58,147,-1,-1,-1,-1
35, 28755.jpg,9,1393,674,62,152,-1,-1,-1,-1
35, 28755.jpg,10,569,537,57,118,-1,-1,-1,-1
35, 28755.jpg,14,817,485,44,94,-1,-1,-1,-1
35, 28755.jpg,15,1318,540,61,124,-1,-1,-1,-1
35, 28755.jpg,16,161,518,62,115,-1,-1,-1,-1
36, 28756.jpg,1,974,543,63,165,-1,-1,-1,-1
36, 28756.jpg,2,1018,677,80,141,-1,-1,-1,-1
36, 28756.jpg,3,492,582,70,149,-1,-1,-1,-1
36, 28756.jpg,4,431,681,92,165,-1,-1,-1,-1
36, 28756.jpg,6,1469,591,66,137,-1,-1,-1,-1
36, 28756.jpg,7,634,490,50,99,-1,-1,-1,-1
36, 28756.jpg,8,833,559,61,155,-1,-1,-1,-1
36, 28756.jpg,9,1393,674,60,151,-1,-1,-1,-1
36, 28756.jpg,10,571,539,57,117,-1,-1,-1,-1
36, 28756.jpg,14,814,491,44,90,-1,-1,-1,-1
36, 28756.jpg,15,1319,541,61,122,-1,-1,-1,-1
36, 28756.jpg,16,158,519,62,114,-1,-1,-1,-1
36, 28756.jpg,18,1855,708,60,163,-1,-1,-1,-1
37, 28757.jpg,1,972,542,61,160,-1,-1,-1,-1
37, 28757.jpg,2,1015,676,84,142,-1,-1,-1,-1
37, 28757.jpg,3,494,580,69,150,-1,-1,-1,-1
37, 28757.jpg,4,437,677,93,169,-1,-1,-1,-1
37, 28757.jpg,6,1465,588,68,138,-1,-1,-1,-1
37, 28757.jpg,7,626,489,52,102,-1,-1,-1,-1
37, 28757.jpg,8,828,557,62,159,-1,-1,-1,-1
37, 28757.jpg,9,1391,674,61,150,-1,-1,-1,-1
37, 28757.jpg,10,573,541,57,115,-1,-1,-1,-1
37, 28757.jpg,14,810,494,43,88,-1,-1,-1,-1
37, 28757.jpg,15,1321,544,64,124,-1,-1,-1,-1
37, 28757.jpg,18,1854,709,61,161,-1,-1,-1,-1
38, 28758.jpg,1,967,545,57,149,-1,-1,-1,-1
38, 28758.jpg,2,1013,673,88,144,-1,-1,-1,-1
38, 28758.jpg,3,495,578,70,154,-1,-1,-1,-1
38, 28758.jpg,4,441,674,92,172,-1,-1,-1,-1
38, 28758.jpg,6,1462,585,68,140,-1,-1,-1,-1
38, 28758.jpg,7,619,490,52,100,-1,-1,-1,-1
38, 28758.jpg,8,826,558,62,161,-1,-1,-1,-1
38, 28758.jpg,9,1390,676,60,147,-1,-1,-1,-1
38, 28758.jpg,10,576,544,56,113,-1,-1,-1,-1
38, 28758.jpg,14,803,494,46,91,-1,-1,-1,-1
38, 28758.jpg,15,1323,547,64,120,-1,-1,-1,-1
38, 28758.jpg,18,1852,712,60,156,-1,-1,-1,-1
39, 28759.jpg,1,963,543,57,147,-1,-1,-1,-1
39, 28759.jpg,2,1013,671,91,146,-1,-1,-1,-1
39, 28759.jpg,3,497,577,69,155,-1,-1,-1,-1
39, 28759.jpg,4,447,671,89,172,-1,-1,-1,-1
39, 28759.jpg,6,1456,585,68,138,-1,-1,-1,-1
39, 28759.jpg,7,601,506,57,105,-1,-1,-1,-1
39, 28759.jpg,8,824,560,61,159,-1,-1,-1,-1
39, 28759.jpg,9,1387,676,60,150,-1,-1,-1,-1
39, 28759.jpg,10,577,545,55,113,-1,-1,-1,-1
39, 28759.jpg,14,796,492,50,97,-1,-1,-1,-1
39, 28759.jpg,15,1322,549,63,118,-1,-1,-1,-1
39, 28759.jpg,18,1854,715,57,149,-1,-1,-1,-1
40, 28760.jpg,1,957,543,55,145,-1,-1,-1,-1
40, 28760.jpg,2,1017,670,93,148,-1,-1,-1,-1
40, 28760.jpg,3,501,578,69,158,-1,-1,-1,-1
40, 28760.jpg,4,455,673,88,170,-1,-1,-1,-1
40, 28760.jpg,6,1452,585,68,137,-1,-1,-1,-1
40, 28760.jpg,7,594,507,58,108,-1,-1,-1,-1
40, 28760.jpg,8,823,562,59,156,-1,-1,-1,-1
40, 28760.jpg,9,1383,680,59,145,-1,-1,-1,-1
40, 28760.jpg,14,787,492,53,103,-1,-1,-1,-1
40, 28760.jpg,15,1319,551,65,119,-1,-1,-1,-1
40, 28760.jpg,18,1854,716,56,146,-1,-1,-1,-1
