2, 10377.jpg,1,633,349,52,116,-1,-1,-1,-1
2, 10377.jpg,2,547,442,60,130,-1,-1,-1,-1
2, 10377.jpg,3,636,419,36,110,-1,-1,-1,-1
2, 10377.jpg,4,1014,439,63,103,-1,-1,-1,-1
2, 10377.jpg,5,962,342,66,103,-1,-1,-1,-1
2, 10377.jpg,6,393,373,47,123,-1,-1,-1,-1
2, 10377.jpg,7,684,290,79,97,-1,-1,-1,-1
2, 10377.jpg,8,533,355,60,99,-1,-1,-1,-1
2, 10377.jpg,9,381,281,45,101,-1,-1,-1,-1
2, 10377.jpg,11,480,245,55,97,-1,-1,-1,-1
2, 10377.jpg,12,833,311,55,80,-1,-1,-1,-1
3, 10378.jpg,1,635,356,52,115,-1,-1,-1,-1
3, 10378.jpg,2,547,444,58,125,-1,-1,-1,-1
3, 10378.jpg,3,639,418,38,115,-1,-1,-1,-1
3, 10378.jpg,4,1010,437,65,106,-1,-1,-1,-1
3, 10378.jpg,5,962,341,65,103,-1,-1,-1,-1
3, 10378.jpg,6,383,369,46,122,-1,-1,-1,-1
3, 10378.jpg,7,688,288,80,98,-1,-1,-1,-1
3, 10378.jpg,8,531,354,63,105,-1,-1,-1,-1
3, 10378.jpg,9,383,282,46,100,-1,-1,-1,-1
3, 10378.jpg,11,480,244,58,102,-1,-1,-1,-1
3, 10378.jpg,12,832,309,57,83,-1,-1,-1,-1
4, 10379.jpg,1,639,353,55,123,-1,-1,-1,-1
4, 10379.jpg,2,541,441,59,128,-1,-1,-1,-1
4, 10379.jpg,3,640,420,42,121,-1,-1,-1,-1
4, 10379.jpg,4,1009,439,64,102,-1,-1,-1,-1
4, 10379.jpg,5,961,341,65,104,-1,-1,-1,-1
4, 10379.jpg,6,396,367,50,131,-1,-1,-1,-1
4, 10379.jpg,7,693,285,80,100,-1,-1,-1,-1
4, 10379.jpg,8,532,353,62,103,-1,-1,-1,-1
4, 10379.jpg,9,386,283,45,97,-1,-1,-1,-1
4, 10379.jpg,11,479,245,60,105,-1,-1,-1,-1
4, 10379.jpg,12,830,308,59,85,-1,-1,-1,-1
5, 10380.jpg,1,645,354,56,125,-1,-1,-1,-1
5, 10380.jpg,2,536,441,62,133,-1,-1,-1,-1
5, 10380.jpg,3,642,424,40,117,-1,-1,-1,-1
5, 10380.jpg,4,1009,441,62,99,-1,-1,-1,-1
5, 10380.jpg,5,961,344,65,104,-1,-1,-1,-1
5, 10380.jpg,6,388,370,50,128,-1,-1,-1,-1
5, 10380.jpg,7,699,283,78,98,-1,-1,-1,-1
5, 10380.jpg,8,532,352,61,102,-1,-1,-1,-1
5, 10380.jpg,9,388,286,45,95,-1,-1,-1,-1
5, 10380.jpg,11,479,244,62,109,-1,-1,-1,-1
5, 10380.jpg,12,829,306,60,88,-1,-1,-1,-1
6, 10381.jpg,1,649,355,56,122,-1,-1,-1,-1
6, 10381.jpg,2,532,438,64,138,-1,-1,-1,-1
6, 10381.jpg,3,642,426,41,115,-1,-1,-1,-1
6, 10381.jpg,4,1009,440,62,97,-1,-1,-1,-1
6, 10381.jpg,5,959,346,66,104,-1,-1,-1,-1
6, 10381.jpg,6,399,378,48,124,-1,-1,-1,-1
6, 10381.jpg,7,707,280,77,100,-1,-1,-1,-1
6, 10381.jpg,8,533,351,59,101,-1,-1,-1,-1
6, 10381.jpg,9,390,289,44,93,-1,-1,-1,-1
6, 10381.jpg,11,481,245,62,110,-1,-1,-1,-1
6, 10381.jpg,12,828,305,61,90,-1,-1,-1,-1
7, 10382.jpg,1,651,356,58,123,-1,-1,-1,-1
7, 10382.jpg,2,527,437,67,142,-1,-1,-1,-1
7, 10382.jpg,3,643,426,42,113,-1,-1,-1,-1
7, 10382.jpg,4,1007,440,63,97,-1,-1,-1,-1
7, 10382.jpg,5,959,348,64,103,-1,-1,-1,-1
7, 10382.jpg,6,398,375,51,129,-1,-1,-1,-1
7, 10382.jpg,7,714,276,74,99,-1,-1,-1,-1
7, 10382.jpg,8,534,351,58,99,-1,-1,-1,-1
7, 10382.jpg,9,392,292,42,89,-1,-1,-1,-1
7, 10382.jpg,11,482,247,62,110,-1,-1,-1,-1
7, 10382.jpg,12,827,304,62,92,-1,-1,-1,-1
8, 10383.jpg,1,655,357,58,124,-1,-1,-1,-1
8, 10383.jpg,2,525,441,66,140,-1,-1,-1,-1
8, 10383.jpg,3,643,413,49,131,-1,-1,-1,-1
8, 10383.jpg,4,1003,439,65,96,-1,-1,-1,-1
8, 10383.jpg,5,958,349,65,103,-1,-1,-1,-1
8, 10383.jpg,6,401,379,50,125,-1,-1,-1,-1
8, 10383.jpg,7,718,273,73,101,-1,-1,-1,-1
8, 10383.jpg,8,533,349,58,99,-1,-1,-1,-1
8, 10383.jpg,9,392,293,43,87,-1,-1,-1,-1
8, 10383.jpg,11,484,248,62,110,-1,-1,-1,-1
8, 10383.jpg,12,826,303,61,92,-1,-1,-1,-1
8, 10383.jpg,14,359,357,53,110,-1,-1,-1,-1
9, 10384.jpg,1,651,360,57,118,-1,-1,-1,-1
9, 10384.jpg,2,522,441,67,141,-1,-1,-1,-1
9, 10384.jpg,3,645,421,49,127,-1,-1,-1,-1
9, 10384.jpg,4,996,439,66,96,-1,-1,-1,-1
9, 10384.jpg,5,959,351,63,99,-1,-1,-1,-1
9, 10384.jpg,6,400,376,52,130,-1,-1,-1,-1
9, 10384.jpg,7,722,272,70,98,-1,-1,-1,-1
9, 10384.jpg,8,533,348,56,97,-1,-1,-1,-1
9, 10384.jpg,9,391,293,43,86,-1,-1,-1,-1
9, 10384.jpg,11,488,247,62,112,-1,-1,-1,-1
9, 10384.jpg,12,825,301,62,94,-1,-1,-1,-1
9, 10384.jpg,14,362,354,51,109,-1,-1,-1,-1
10, 10385.jpg,1,653,364,55,113,-1,-1,-1,-1
10, 10385.jpg,2,521,445,66,136,-1,-1,-1,-1
10, 10385.jpg,3,646,431,49,122,-1,-1,-1,-1
10, 10385.jpg,4,991,442,66,92,-1,-1,-1,-1
10, 10385.jpg,5,957,351,59,93,-1,-1,-1,-1
10, 10385.jpg,6,401,379,50,125,-1,-1,-1,-1
10, 10385.jpg,7,726,271,68,96,-1,-1,-1,-1
10, 10385.jpg,8,530,348,56,96,-1,-1,-1,-1
10, 10385.jpg,9,385,309,48,98,-1,-1,-1,-1
10, 10385.jpg,11,491,246,62,114,-1,-1,-1,-1
10, 10385.jpg,12,825,300,60,94,-1,-1,-1,-1
10, 10385.jpg,14,364,350,51,109,-1,-1,-1,-1
11, 10386.jpg,1,654,363,55,112,-1,-1,-1,-1
11, 10386.jpg,2,518,445,67,139,-1,-1,-1,-1
11, 10386.jpg,3,648,434,51,122,-1,-1,-1,-1
11, 10386.jpg,4,990,446,66,92,-1,-1,-1,-1
11, 10386.jpg,5,958,350,59,95,-1,-1,-1,-1
11, 10386.jpg,6,400,375,50,127,-1,-1,-1,-1
11, 10386.jpg,7,731,270,67,99,-1,-1,-1,-1
11, 10386.jpg,8,527,347,57,96,-1,-1,-1,-1
11, 10386.jpg,9,385,295,49,97,-1,-1,-1,-1
11, 10386.jpg,11,493,245,61,116,-1,-1,-1,-1
11, 10386.jpg,12,824,299,62,97,-1,-1,-1,-1
11, 10386.jpg,14,368,346,50,108,-1,-1,-1,-1
12, 10387.jpg,1,658,363,52,106,-1,-1,-1,-1
12, 10387.jpg,2,513,443,68,144,-1,-1,-1,-1
12, 10387.jpg,3,650,434,53,125,-1,-1,-1,-1
12, 10387.jpg,4,980,446,68,94,-1,-1,-1,-1
12, 10387.jpg,5,957,350,60,97,-1,-1,-1,-1
12, 10387.jpg,6,399,371,51,132,-1,-1,-1,-1
12, 10387.jpg,7,737,272,65,98,-1,-1,-1,-1
12, 10387.jpg,8,523,345,59,98,-1,-1,-1,-1
12, 10387.jpg,9,380,286,50,99,-1,-1,-1,-1
12, 10387.jpg,11,496,245,59,113,-1,-1,-1,-1
12, 10387.jpg,12,819,297,62,98,-1,-1,-1,-1
12, 10387.jpg,14,371,344,47,104,-1,-1,-1,-1
13, 10388.jpg,1,654,370,52,105,-1,-1,-1,-1
13, 10388.jpg,2,507,439,70,149,-1,-1,-1,-1
13, 10388.jpg,3,652,442,48,112,-1,-1,-1,-1
13, 10388.jpg,4,976,448,68,94,-1,-1,-1,-1
13, 10388.jpg,5,956,351,59,96,-1,-1,-1,-1
13, 10388.jpg,6,396,365,52,135,-1,-1,-1,-1
13, 10388.jpg,7,744,273,66,99,-1,-1,-1,-1
13, 10388.jpg,8,520,346,61,98,-1,-1,-1,-1
13, 10388.jpg,9,378,281,48,95,-1,-1,-1,-1
13, 10388.jpg,11,499,245,56,111,-1,-1,-1,-1
13, 10388.jpg,12,817,295,62,99,-1,-1,-1,-1
13, 10388.jpg,14,373,343,46,99,-1,-1,-1,-1
14, 10389.jpg,1,656,378,51,102,-1,-1,-1,-1
14, 10389.jpg,2,504,435,70,152,-1,-1,-1,-1
14, 10389.jpg,3,655,448,45,105,-1,-1,-1,-1
14, 10389.jpg,4,976,452,65,90,-1,-1,-1,-1
14, 10389.jpg,5,955,352,58,96,-1,-1,-1,-1
14, 10389.jpg,6,395,364,52,136,-1,-1,-1,-1
14, 10389.jpg,7,749,275,65,96,-1,-1,-1,-1
14, 10389.jpg,8,518,345,62,99,-1,-1,-1,-1
14, 10389.jpg,9,375,276,49,97,-1,-1,-1,-1
14, 10389.jpg,11,501,247,54,109,-1,-1,-1,-1
14, 10389.jpg,12,815,295,62,99,-1,-1,-1,-1
14, 10389.jpg,14,378,340,49,106,-1,-1,-1,-1
15, 10390.jpg,1,657,381,52,104,-1,-1,-1,-1
15, 10390.jpg,2,502,433,68,153,-1,-1,-1,-1
15, 10390.jpg,3,656,452,44,99,-1,-1,-1,-1
15, 10390.jpg,4,975,452,67,96,-1,-1,-1,-1
15, 10390.jpg,5,954,351,56,96,-1,-1,-1,-1
15, 10390.jpg,7,753,278,63,93,-1,-1,-1,-1
15, 10390.jpg,8,518,346,62,96,-1,-1,-1,-1
15, 10390.jpg,9,372,273,51,102,-1,-1,-1,-1
15, 10390.jpg,11,503,247,54,111,-1,-1,-1,-1
15, 10390.jpg,12,815,294,61,100,-1,-1,-1,-1
15, 10390.jpg,14,379,338,51,111,-1,-1,-1,-1
16, 10391.jpg,1,659,405,51,102,-1,-1,-1,-1
16, 10391.jpg,2,500,433,67,153,-1,-1,-1,-1
16, 10391.jpg,3,658,455,43,97,-1,-1,-1,-1
16, 10391.jpg,4,971,450,73,109,-1,-1,-1,-1
16, 10391.jpg,5,953,351,55,95,-1,-1,-1,-1
16, 10391.jpg,7,755,279,63,92,-1,-1,-1,-1
16, 10391.jpg,8,513,344,65,99,-1,-1,-1,-1
16, 10391.jpg,9,370,271,52,106,-1,-1,-1,-1
16, 10391.jpg,11,506,247,53,113,-1,-1,-1,-1
16, 10391.jpg,12,814,293,60,101,-1,-1,-1,-1
16, 10391.jpg,14,381,343,52,113,-1,-1,-1,-1
17, 10392.jpg,1,658,391,52,104,-1,-1,-1,-1
17, 10392.jpg,2,496,433,66,151,-1,-1,-1,-1
17, 10392.jpg,3,658,454,45,100,-1,-1,-1,-1
17, 10392.jpg,4,969,452,73,111,-1,-1,-1,-1
17, 10392.jpg,5,952,349,57,101,-1,-1,-1,-1
17, 10392.jpg,6,394,368,47,123,-1,-1,-1,-1
17, 10392.jpg,7,757,281,59,89,-1,-1,-1,-1
17, 10392.jpg,8,510,342,68,103,-1,-1,-1,-1
17, 10392.jpg,9,370,270,49,100,-1,-1,-1,-1
17, 10392.jpg,11,509,250,51,110,-1,-1,-1,-1
17, 10392.jpg,12,814,293,58,99,-1,-1,-1,-1
17, 10392.jpg,14,379,335,50,108,-1,-1,-1,-1
18, 10393.jpg,1,660,409,54,110,-1,-1,-1,-1
18, 10393.jpg,2,492,429,66,155,-1,-1,-1,-1
18, 10393.jpg,3,660,456,44,99,-1,-1,-1,-1
18, 10393.jpg,4,969,453,71,109,-1,-1,-1,-1
18, 10393.jpg,5,951,347,59,108,-1,-1,-1,-1
18, 10393.jpg,6,395,377,43,113,-1,-1,-1,-1
18, 10393.jpg,7,763,282,56,84,-1,-1,-1,-1
18, 10393.jpg,8,507,340,68,102,-1,-1,-1,-1
18, 10393.jpg,9,368,267,50,104,-1,-1,-1,-1
18, 10393.jpg,11,511,252,49,109,-1,-1,-1,-1
18, 10393.jpg,12,814,293,56,98,-1,-1,-1,-1
18, 10393.jpg,14,380,329,50,108,-1,-1,-1,-1
19, 10394.jpg,1,661,392,54,110,-1,-1,-1,-1
19, 10394.jpg,2,490,429,66,155,-1,-1,-1,-1
19, 10394.jpg,3,660,457,48,112,-1,-1,-1,-1
19, 10394.jpg,4,972,450,68,110,-1,-1,-1,-1
19, 10394.jpg,5,951,346,59,112,-1,-1,-1,-1
19, 10394.jpg,6,396,382,41,108,-1,-1,-1,-1
19, 10394.jpg,7,767,281,55,83,-1,-1,-1,-1
19, 10394.jpg,8,505,338,67,103,-1,-1,-1,-1
19, 10394.jpg,9,364,267,50,105,-1,-1,-1,-1
19, 10394.jpg,11,512,251,50,113,-1,-1,-1,-1
19, 10394.jpg,12,814,292,53,98,-1,-1,-1,-1
19, 10394.jpg,14,380,325,50,108,-1,-1,-1,-1
20, 10395.jpg,1,663,385,53,112,-1,-1,-1,-1
20, 10395.jpg,2,491,429,63,152,-1,-1,-1,-1
20, 10395.jpg,3,665,457,48,109,-1,-1,-1,-1
20, 10395.jpg,4,974,446,68,113,-1,-1,-1,-1
20, 10395.jpg,5,949,345,60,116,-1,-1,-1,-1
20, 10395.jpg,6,396,382,41,108,-1,-1,-1,-1
20, 10395.jpg,7,767,279,56,86,-1,-1,-1,-1
20, 10395.jpg,8,504,339,66,102,-1,-1,-1,-1
20, 10395.jpg,9,361,264,52,113,-1,-1,-1,-1
20, 10395.jpg,11,514,250,50,114,-1,-1,-1,-1
20, 10395.jpg,12,803,288,53,95,-1,-1,-1,-1
20, 10395.jpg,14,385,322,48,106,-1,-1,-1,-1
21, 10396.jpg,1,666,384,51,108,-1,-1,-1,-1
21, 10396.jpg,2,490,427,62,151,-1,-1,-1,-1
21, 10396.jpg,3,666,462,49,113,-1,-1,-1,-1
21, 10396.jpg,4,974,439,68,118,-1,-1,-1,-1
21, 10396.jpg,5,951,347,57,115,-1,-1,-1,-1
21, 10396.jpg,6,395,374,44,116,-1,-1,-1,-1
21, 10396.jpg,7,767,277,58,89,-1,-1,-1,-1
21, 10396.jpg,8,503,338,65,103,-1,-1,-1,-1
21, 10396.jpg,9,365,271,52,114,-1,-1,-1,-1
21, 10396.jpg,11,516,252,47,109,-1,-1,-1,-1
21, 10396.jpg,12,799,286,53,95,-1,-1,-1,-1
21, 10396.jpg,14,388,321,47,105,-1,-1,-1,-1
22, 10397.jpg,1,667,382,53,111,-1,-1,-1,-1
22, 10397.jpg,2,490,424,62,153,-1,-1,-1,-1
22, 10397.jpg,3,668,463,50,113,-1,-1,-1,-1
22, 10397.jpg,4,975,436,66,117,-1,-1,-1,-1
22, 10397.jpg,5,952,348,57,115,-1,-1,-1,-1
22, 10397.jpg,6,394,373,44,117,-1,-1,-1,-1
22, 10397.jpg,7,779,280,59,91,-1,-1,-1,-1
22, 10397.jpg,8,502,336,63,104,-1,-1,-1,-1
22, 10397.jpg,9,365,274,52,113,-1,-1,-1,-1
22, 10397.jpg,11,517,251,47,109,-1,-1,-1,-1
22, 10397.jpg,12,796,284,53,96,-1,-1,-1,-1
22, 10397.jpg,14,389,327,49,112,-1,-1,-1,-1
23, 10398.jpg,1,669,380,55,115,-1,-1,-1,-1
23, 10398.jpg,2,490,420,61,155,-1,-1,-1,-1
23, 10398.jpg,3,672,466,52,110,-1,-1,-1,-1
23, 10398.jpg,4,974,428,67,122,-1,-1,-1,-1
23, 10398.jpg,5,953,350,55,113,-1,-1,-1,-1
23, 10398.jpg,6,393,361,47,124,-1,-1,-1,-1
23, 10398.jpg,7,784,282,60,91,-1,-1,-1,-1
23, 10398.jpg,8,501,335,64,106,-1,-1,-1,-1
23, 10398.jpg,9,367,276,50,110,-1,-1,-1,-1
23, 10398.jpg,11,517,249,47,111,-1,-1,-1,-1
23, 10398.jpg,14,388,310,45,103,-1,-1,-1,-1
24, 10399.jpg,1,671,379,60,122,-1,-1,-1,-1
24, 10399.jpg,2,490,417,61,156,-1,-1,-1,-1
24, 10399.jpg,3,676,473,50,99,-1,-1,-1,-1
24, 10399.jpg,4,976,425,64,119,-1,-1,-1,-1
24, 10399.jpg,5,953,352,54,111,-1,-1,-1,-1
24, 10399.jpg,6,395,365,44,119,-1,-1,-1,-1
24, 10399.jpg,7,778,278,58,89,-1,-1,-1,-1
24, 10399.jpg,8,501,334,61,107,-1,-1,-1,-1
24, 10399.jpg,9,360,274,47,105,-1,-1,-1,-1
24, 10399.jpg,11,518,246,47,113,-1,-1,-1,-1
24, 10399.jpg,12,804,291,51,93,-1,-1,-1,-1
24, 10399.jpg,14,387,303,43,99,-1,-1,-1,-1
25, 10400.jpg,1,676,381,57,112,-1,-1,-1,-1
25, 10400.jpg,2,492,413,60,156,-1,-1,-1,-1
25, 10400.jpg,3,676,475,55,101,-1,-1,-1,-1
25, 10400.jpg,4,978,423,62,117,-1,-1,-1,-1
25, 10400.jpg,5,952,353,53,109,-1,-1,-1,-1
25, 10400.jpg,6,394,363,44,119,-1,-1,-1,-1
25, 10400.jpg,7,766,273,62,98,-1,-1,-1,-1
25, 10400.jpg,8,500,331,59,107,-1,-1,-1,-1
25, 10400.jpg,9,360,273,44,101,-1,-1,-1,-1
25, 10400.jpg,11,520,245,45,111,-1,-1,-1,-1
25, 10400.jpg,12,806,292,49,94,-1,-1,-1,-1
25, 10400.jpg,14,389,304,43,99,-1,-1,-1,-1
26, 10401.jpg,1,679,382,54,107,-1,-1,-1,-1
26, 10401.jpg,2,492,412,60,155,-1,-1,-1,-1
26, 10401.jpg,3,674,475,60,108,-1,-1,-1,-1
26, 10401.jpg,4,980,424,58,111,-1,-1,-1,-1
26, 10401.jpg,5,948,354,52,108,-1,-1,-1,-1
26, 10401.jpg,6,392,361,45,120,-1,-1,-1,-1
26, 10401.jpg,7,770,274,57,90,-1,-1,-1,-1
26, 10401.jpg,8,502,333,55,100,-1,-1,-1,-1
26, 10401.jpg,9,359,274,42,96,-1,-1,-1,-1
26, 10401.jpg,11,518,243,45,111,-1,-1,-1,-1
26, 10401.jpg,12,803,289,49,94,-1,-1,-1,-1
26, 10401.jpg,14,389,299,41,96,-1,-1,-1,-1
27, 10402.jpg,1,676,378,60,115,-1,-1,-1,-1
27, 10402.jpg,2,493,414,58,150,-1,-1,-1,-1
27, 10402.jpg,3,675,476,65,113,-1,-1,-1,-1
27, 10402.jpg,4,978,422,56,108,-1,-1,-1,-1
27, 10402.jpg,5,944,355,52,105,-1,-1,-1,-1
27, 10402.jpg,6,390,358,45,123,-1,-1,-1,-1
27, 10402.jpg,7,772,275,54,86,-1,-1,-1,-1
27, 10402.jpg,8,502,334,54,99,-1,-1,-1,-1
27, 10402.jpg,9,358,274,42,95,-1,-1,-1,-1
27, 10402.jpg,11,517,242,45,113,-1,-1,-1,-1
27, 10402.jpg,12,804,290,46,90,-1,-1,-1,-1
27, 10402.jpg,14,384,292,42,98,-1,-1,-1,-1
28, 10403.jpg,1,678,379,58,113,-1,-1,-1,-1
28, 10403.jpg,2,493,415,58,147,-1,-1,-1,-1
28, 10403.jpg,3,675,474,73,127,-1,-1,-1,-1
28, 10403.jpg,4,976,421,56,108,-1,-1,-1,-1
28, 10403.jpg,5,939,357,53,105,-1,-1,-1,-1
28, 10403.jpg,6,387,354,47,127,-1,-1,-1,-1
28, 10403.jpg,7,770,273,54,88,-1,-1,-1,-1
28, 10403.jpg,8,503,333,52,98,-1,-1,-1,-1
28, 10403.jpg,11,515,242,47,114,-1,-1,-1,-1
28, 10403.jpg,12,806,291,44,88,-1,-1,-1,-1
28, 10403.jpg,14,373,284,46,102,-1,-1,-1,-1
29, 10404.jpg,1,676,381,62,120,-1,-1,-1,-1
29, 10404.jpg,2,493,417,59,143,-1,-1,-1,-1
29, 10404.jpg,3,674,478,76,131,-1,-1,-1,-1
29, 10404.jpg,4,970,415,60,116,-1,-1,-1,-1
29, 10404.jpg,5,932,359,54,108,-1,-1,-1,-1
29, 10404.jpg,6,387,354,45,124,-1,-1,-1,-1
29, 10404.jpg,7,773,275,57,93,-1,-1,-1,-1
29, 10404.jpg,8,498,332,54,104,-1,-1,-1,-1
29, 10404.jpg,9,347,276,44,99,-1,-1,-1,-1
29, 10404.jpg,11,515,244,45,112,-1,-1,-1,-1
29, 10404.jpg,12,802,289,42,86,-1,-1,-1,-1
29, 10404.jpg,14,376,285,46,101,-1,-1,-1,-1
30, 10405.jpg,1,674,381,66,130,-1,-1,-1,-1
30, 10405.jpg,2,492,417,60,142,-1,-1,-1,-1
30, 10405.jpg,3,674,487,74,128,-1,-1,-1,-1
30, 10405.jpg,4,967,414,59,117,-1,-1,-1,-1
30, 10405.jpg,5,930,359,57,110,-1,-1,-1,-1
30, 10405.jpg,6,384,353,45,123,-1,-1,-1,-1
30, 10405.jpg,7,774,274,58,94,-1,-1,-1,-1
30, 10405.jpg,8,498,332,52,101,-1,-1,-1,-1
30, 10405.jpg,9,344,274,45,101,-1,-1,-1,-1
30, 10405.jpg,11,515,246,45,110,-1,-1,-1,-1
30, 10405.jpg,12,799,285,43,90,-1,-1,-1,-1
30, 10405.jpg,14,376,283,47,104,-1,-1,-1,-1
31, 10406.jpg,1,674,381,68,138,-1,-1,-1,-1
31, 10406.jpg,2,491,414,62,144,-1,-1,-1,-1
31, 10406.jpg,3,675,489,75,132,-1,-1,-1,-1
31, 10406.jpg,4,950,395,63,123,-1,-1,-1,-1
31, 10406.jpg,5,922,360,59,112,-1,-1,-1,-1
31, 10406.jpg,6,382,351,47,128,-1,-1,-1,-1
31, 10406.jpg,8,496,330,52,103,-1,-1,-1,-1
31, 10406.jpg,9,338,273,46,102,-1,-1,-1,-1
31, 10406.jpg,11,514,247,45,110,-1,-1,-1,-1
31, 10406.jpg,12,785,277,49,101,-1,-1,-1,-1
31, 10406.jpg,14,376,282,45,100,-1,-1,-1,-1
32, 10407.jpg,1,674,382,66,137,-1,-1,-1,-1
32, 10407.jpg,2,491,414,63,145,-1,-1,-1,-1
32, 10407.jpg,3,680,489,74,130,-1,-1,-1,-1
32, 10407.jpg,4,947,391,63,125,-1,-1,-1,-1
32, 10407.jpg,5,929,374,59,110,-1,-1,-1,-1
32, 10407.jpg,6,379,354,46,125,-1,-1,-1,-1
32, 10407.jpg,8,494,330,52,105,-1,-1,-1,-1
32, 10407.jpg,9,346,279,47,99,-1,-1,-1,-1
32, 10407.jpg,11,514,248,45,108,-1,-1,-1,-1
32, 10407.jpg,12,780,274,52,107,-1,-1,-1,-1
32, 10407.jpg,14,376,279,44,99,-1,-1,-1,-1
33, 10408.jpg,1,675,385,65,138,-1,-1,-1,-1
33, 10408.jpg,2,492,415,63,144,-1,-1,-1,-1
33, 10408.jpg,3,685,491,75,132,-1,-1,-1,-1
33, 10408.jpg,4,953,409,53,106,-1,-1,-1,-1
33, 10408.jpg,5,917,367,61,111,-1,-1,-1,-1
33, 10408.jpg,6,377,351,46,128,-1,-1,-1,-1
33, 10408.jpg,8,494,332,52,107,-1,-1,-1,-1
33, 10408.jpg,9,345,277,50,102,-1,-1,-1,-1
33, 10408.jpg,11,514,248,44,106,-1,-1,-1,-1
33, 10408.jpg,12,777,273,53,108,-1,-1,-1,-1
34, 10409.jpg,1,674,388,68,145,-1,-1,-1,-1
34, 10409.jpg,2,492,415,63,143,-1,-1,-1,-1
34, 10409.jpg,3,687,493,76,134,-1,-1,-1,-1
34, 10409.jpg,4,937,391,58,113,-1,-1,-1,-1
34, 10409.jpg,5,915,368,61,112,-1,-1,-1,-1
34, 10409.jpg,6,374,353,46,126,-1,-1,-1,-1
34, 10409.jpg,8,493,333,53,110,-1,-1,-1,-1
34, 10409.jpg,9,341,276,52,106,-1,-1,-1,-1
34, 10409.jpg,11,514,248,43,106,-1,-1,-1,-1
34, 10409.jpg,12,776,273,54,110,-1,-1,-1,-1
35, 10410.jpg,1,676,396,64,138,-1,-1,-1,-1
35, 10410.jpg,2,493,415,61,139,-1,-1,-1,-1
35, 10410.jpg,3,692,502,73,133,-1,-1,-1,-1
35, 10410.jpg,4,929,384,61,116,-1,-1,-1,-1
35, 10410.jpg,6,372,357,45,123,-1,-1,-1,-1
35, 10410.jpg,7,772,266,51,85,-1,-1,-1,-1
35, 10410.jpg,8,494,337,50,107,-1,-1,-1,-1
35, 10410.jpg,9,335,275,53,106,-1,-1,-1,-1
35, 10410.jpg,11,513,248,43,105,-1,-1,-1,-1
35, 10410.jpg,12,775,288,50,98,-1,-1,-1,-1
36, 10411.jpg,1,676,396,68,146,-1,-1,-1,-1
36, 10411.jpg,2,492,414,61,141,-1,-1,-1,-1
36, 10411.jpg,3,696,503,80,150,-1,-1,-1,-1
36, 10411.jpg,4,937,397,58,113,-1,-1,-1,-1
36, 10411.jpg,5,911,363,60,109,-1,-1,-1,-1
36, 10411.jpg,6,367,357,46,122,-1,-1,-1,-1
36, 10411.jpg,7,782,265,51,80,-1,-1,-1,-1
36, 10411.jpg,8,494,338,50,107,-1,-1,-1,-1
36, 10411.jpg,9,314,274,55,106,-1,-1,-1,-1
36, 10411.jpg,11,513,248,42,104,-1,-1,-1,-1
36, 10411.jpg,12,772,294,50,98,-1,-1,-1,-1
36, 10411.jpg,14,358,272,49,108,-1,-1,-1,-1
37, 10412.jpg,1,677,398,69,146,-1,-1,-1,-1
37, 10412.jpg,2,492,411,62,146,-1,-1,-1,-1
37, 10412.jpg,3,703,506,81,158,-1,-1,-1,-1
37, 10412.jpg,4,930,383,64,124,-1,-1,-1,-1
37, 10412.jpg,5,908,364,61,109,-1,-1,-1,-1
37, 10412.jpg,6,363,358,46,120,-1,-1,-1,-1
37, 10412.jpg,7,798,255,47,72,-1,-1,-1,-1
37, 10412.jpg,8,492,339,55,119,-1,-1,-1,-1
37, 10412.jpg,9,301,273,54,106,-1,-1,-1,-1
37, 10412.jpg,11,513,248,41,103,-1,-1,-1,-1
37, 10412.jpg,12,777,283,52,102,-1,-1,-1,-1
37, 10412.jpg,14,342,272,51,110,-1,-1,-1,-1
38, 10413.jpg,1,679,402,66,142,-1,-1,-1,-1
38, 10413.jpg,2,492,404,65,154,-1,-1,-1,-1
38, 10413.jpg,3,705,509,83,161,-1,-1,-1,-1
38, 10413.jpg,4,936,393,59,118,-1,-1,-1,-1
38, 10413.jpg,5,907,358,64,114,-1,-1,-1,-1
38, 10413.jpg,6,360,361,46,118,-1,-1,-1,-1
38, 10413.jpg,7,802,253,46,70,-1,-1,-1,-1
38, 10413.jpg,8,489,339,58,124,-1,-1,-1,-1
38, 10413.jpg,9,294,273,54,105,-1,-1,-1,-1
38, 10413.jpg,11,512,248,42,104,-1,-1,-1,-1
38, 10413.jpg,12,780,269,53,103,-1,-1,-1,-1
38, 10413.jpg,14,332,272,53,111,-1,-1,-1,-1
39, 10414.jpg,1,679,401,67,146,-1,-1,-1,-1
39, 10414.jpg,2,490,399,66,159,-1,-1,-1,-1
39, 10414.jpg,3,722,524,75,149,-1,-1,-1,-1
39, 10414.jpg,4,929,386,60,116,-1,-1,-1,-1
39, 10414.jpg,5,905,358,64,114,-1,-1,-1,-1
39, 10414.jpg,6,354,360,48,119,-1,-1,-1,-1
39, 10414.jpg,8,489,341,59,126,-1,-1,-1,-1
39, 10414.jpg,9,286,271,56,109,-1,-1,-1,-1
39, 10414.jpg,11,512,248,42,105,-1,-1,-1,-1
39, 10414.jpg,12,783,255,55,106,-1,-1,-1,-1
39, 10414.jpg,14,341,273,50,103,-1,-1,-1,-1
40, 10415.jpg,1,683,401,67,147,-1,-1,-1,-1
40, 10415.jpg,2,491,399,65,155,-1,-1,-1,-1
40, 10415.jpg,3,726,528,76,151,-1,-1,-1,-1
40, 10415.jpg,4,923,371,62,116,-1,-1,-1,-1
40, 10415.jpg,6,350,362,48,117,-1,-1,-1,-1
40, 10415.jpg,8,489,347,56,119,-1,-1,-1,-1
40, 10415.jpg,9,279,271,57,110,-1,-1,-1,-1
40, 10415.jpg,11,510,248,45,114,-1,-1,-1,-1
40, 10415.jpg,12,786,249,54,102,-1,-1,-1,-1
40, 10415.jpg,14,341,272,52,108,-1,-1,-1,-1
