2, 50142.jpg,1,1298,535,108,166,-1,-1,-1,-1
2, 50142.jpg,3,390,597,87,188,-1,-1,-1,-1
2, 50142.jpg,4,855,609,63,149,-1,-1,-1,-1
2, 50142.jpg,5,1237,564,67,158,-1,-1,-1,-1
2, 50142.jpg,6,808,529,66,130,-1,-1,-1,-1
2, 50142.jpg,9,1585,595,77,160,-1,-1,-1,-1
3, 50143.jpg,1,1325,549,103,157,-1,-1,-1,-1
3, 50143.jpg,3,389,597,86,188,-1,-1,-1,-1
3, 50143.jpg,4,857,604,65,151,-1,-1,-1,-1
3, 50143.jpg,5,1242,553,64,149,-1,-1,-1,-1
3, 50143.jpg,6,813,519,66,131,-1,-1,-1,-1
3, 50143.jpg,9,1593,593,80,163,-1,-1,-1,-1
4, 50144.jpg,1,1329,551,103,155,-1,-1,-1,-1
4, 50144.jpg,3,393,597,87,187,-1,-1,-1,-1
4, 50144.jpg,4,858,599,68,155,-1,-1,-1,-1
4, 50144.jpg,5,1275,558,78,181,-1,-1,-1,-1
4, 50144.jpg,6,815,517,68,136,-1,-1,-1,-1
4, 50144.jpg,9,1605,597,80,161,-1,-1,-1,-1
5, 50145.jpg,1,1367,564,102,154,-1,-1,-1,-1
5, 50145.jpg,3,403,597,85,181,-1,-1,-1,-1
5, 50145.jpg,4,880,599,69,158,-1,-1,-1,-1
5, 50145.jpg,5,1281,553,67,156,-1,-1,-1,-1
5, 50145.jpg,6,811,511,69,140,-1,-1,-1,-1
5, 50145.jpg,9,1614,595,83,164,-1,-1,-1,-1
6, 50146.jpg,1,1374,565,104,158,-1,-1,-1,-1
6, 50146.jpg,3,415,592,85,182,-1,-1,-1,-1
6, 50146.jpg,4,876,593,71,161,-1,-1,-1,-1
6, 50146.jpg,5,1294,555,76,172,-1,-1,-1,-1
6, 50146.jpg,6,809,509,68,142,-1,-1,-1,-1
6, 50146.jpg,9,1621,595,83,163,-1,-1,-1,-1
7, 50147.jpg,1,1376,566,104,159,-1,-1,-1,-1
7, 50147.jpg,3,435,587,81,175,-1,-1,-1,-1
7, 50147.jpg,4,895,592,72,167,-1,-1,-1,-1
7, 50147.jpg,5,1299,549,82,181,-1,-1,-1,-1
7, 50147.jpg,6,808,510,68,141,-1,-1,-1,-1
7, 50147.jpg,9,1625,596,85,161,-1,-1,-1,-1
7, 50147.jpg,15,1575,813,68,210,-1,-1,-1,-1
8, 50148.jpg,1,1374,567,104,157,-1,-1,-1,-1
8, 50148.jpg,3,441,587,81,173,-1,-1,-1,-1
8, 50148.jpg,4,904,592,71,167,-1,-1,-1,-1
8, 50148.jpg,5,1309,552,81,180,-1,-1,-1,-1
8, 50148.jpg,6,807,502,69,142,-1,-1,-1,-1
8, 50148.jpg,9,1630,595,87,162,-1,-1,-1,-1
8, 50148.jpg,15,1573,817,70,215,-1,-1,-1,-1
8, 50148.jpg,18,370,613,78,190,-1,-1,-1,-1
9, 50149.jpg,1,1376,570,98,150,-1,-1,-1,-1
9, 50149.jpg,3,450,591,78,169,-1,-1,-1,-1
9, 50149.jpg,4,908,589,71,168,-1,-1,-1,-1
9, 50149.jpg,5,1313,553,81,179,-1,-1,-1,-1
9, 50149.jpg,6,800,509,68,142,-1,-1,-1,-1
9, 50149.jpg,9,1639,595,87,161,-1,-1,-1,-1
9, 50149.jpg,15,1572,818,70,213,-1,-1,-1,-1
9, 50149.jpg,18,393,602,75,182,-1,-1,-1,-1
9, 50149.jpg,20,827,553,70,167,-1,-1,-1,-1
10, 50150.jpg,1,1375,569,98,151,-1,-1,-1,-1
10, 50150.jpg,3,458,596,72,158,-1,-1,-1,-1
10, 50150.jpg,4,910,586,70,168,-1,-1,-1,-1
10, 50150.jpg,5,1310,552,81,181,-1,-1,-1,-1
10, 50150.jpg,6,797,511,68,140,-1,-1,-1,-1
10, 50150.jpg,9,1645,594,89,162,-1,-1,-1,-1
10, 50150.jpg,18,403,599,72,177,-1,-1,-1,-1
10, 50150.jpg,20,824,553,70,169,-1,-1,-1,-1
11, 50151.jpg,1,1371,570,93,146,-1,-1,-1,-1
11, 50151.jpg,3,456,600,72,155,-1,-1,-1,-1
11, 50151.jpg,4,891,581,73,164,-1,-1,-1,-1
11, 50151.jpg,5,1307,552,82,181,-1,-1,-1,-1
11, 50151.jpg,6,792,515,66,139,-1,-1,-1,-1
11, 50151.jpg,9,1654,594,87,161,-1,-1,-1,-1
11, 50151.jpg,18,405,599,70,173,-1,-1,-1,-1
11, 50151.jpg,20,822,552,71,170,-1,-1,-1,-1
12, 50152.jpg,1,1359,566,96,152,-1,-1,-1,-1
12, 50152.jpg,3,428,601,76,159,-1,-1,-1,-1
12, 50152.jpg,4,904,579,71,164,-1,-1,-1,-1
12, 50152.jpg,5,1311,550,82,181,-1,-1,-1,-1
12, 50152.jpg,6,787,517,66,139,-1,-1,-1,-1
12, 50152.jpg,9,1659,593,88,163,-1,-1,-1,-1
12, 50152.jpg,18,389,600,66,164,-1,-1,-1,-1
12, 50152.jpg,20,827,571,69,164,-1,-1,-1,-1
13, 50153.jpg,1,1362,568,96,151,-1,-1,-1,-1
13, 50153.jpg,3,439,603,78,161,-1,-1,-1,-1
13, 50153.jpg,4,908,577,71,164,-1,-1,-1,-1
13, 50153.jpg,5,1325,553,77,165,-1,-1,-1,-1
13, 50153.jpg,6,783,519,64,139,-1,-1,-1,-1
13, 50153.jpg,9,1664,591,88,165,-1,-1,-1,-1
13, 50153.jpg,18,393,603,70,170,-1,-1,-1,-1
13, 50153.jpg,20,830,576,68,162,-1,-1,-1,-1
14, 50154.jpg,3,447,607,77,157,-1,-1,-1,-1
14, 50154.jpg,4,911,576,70,164,-1,-1,-1,-1
14, 50154.jpg,5,1328,555,77,160,-1,-1,-1,-1
14, 50154.jpg,6,781,519,62,137,-1,-1,-1,-1
14, 50154.jpg,9,1671,592,86,164,-1,-1,-1,-1
14, 50154.jpg,18,402,601,67,164,-1,-1,-1,-1
14, 50154.jpg,20,825,576,69,161,-1,-1,-1,-1
15, 50155.jpg,3,450,609,76,156,-1,-1,-1,-1
15, 50155.jpg,4,913,576,69,162,-1,-1,-1,-1
15, 50155.jpg,5,1328,555,76,161,-1,-1,-1,-1
15, 50155.jpg,6,781,520,60,134,-1,-1,-1,-1
15, 50155.jpg,9,1678,593,83,162,-1,-1,-1,-1
15, 50155.jpg,18,405,597,67,166,-1,-1,-1,-1
15, 50155.jpg,20,820,579,68,155,-1,-1,-1,-1
16, 50156.jpg,3,449,611,78,157,-1,-1,-1,-1
16, 50156.jpg,4,913,575,68,162,-1,-1,-1,-1
16, 50156.jpg,5,1325,558,76,160,-1,-1,-1,-1
16, 50156.jpg,6,777,522,60,133,-1,-1,-1,-1
16, 50156.jpg,9,1682,594,83,161,-1,-1,-1,-1
16, 50156.jpg,15,1551,813,71,215,-1,-1,-1,-1
16, 50156.jpg,18,395,605,71,169,-1,-1,-1,-1
16, 50156.jpg,20,819,575,69,158,-1,-1,-1,-1
17, 50157.jpg,3,437,609,82,163,-1,-1,-1,-1
17, 50157.jpg,4,913,575,68,161,-1,-1,-1,-1
17, 50157.jpg,5,1325,561,77,161,-1,-1,-1,-1
17, 50157.jpg,6,772,523,58,133,-1,-1,-1,-1
17, 50157.jpg,9,1685,595,82,160,-1,-1,-1,-1
17, 50157.jpg,15,1549,813,71,215,-1,-1,-1,-1
17, 50157.jpg,18,398,600,70,165,-1,-1,-1,-1
17, 50157.jpg,20,813,568,73,165,-1,-1,-1,-1
18, 50158.jpg,1,1361,568,90,144,-1,-1,-1,-1
18, 50158.jpg,3,427,609,87,164,-1,-1,-1,-1
18, 50158.jpg,4,913,576,67,160,-1,-1,-1,-1
18, 50158.jpg,5,1310,563,77,163,-1,-1,-1,-1
18, 50158.jpg,6,768,527,57,129,-1,-1,-1,-1
18, 50158.jpg,9,1688,595,85,161,-1,-1,-1,-1
18, 50158.jpg,18,399,598,69,163,-1,-1,-1,-1
18, 50158.jpg,20,812,568,73,163,-1,-1,-1,-1
19, 50159.jpg,1,1363,570,89,143,-1,-1,-1,-1
19, 50159.jpg,3,422,608,89,164,-1,-1,-1,-1
19, 50159.jpg,4,913,576,65,158,-1,-1,-1,-1
19, 50159.jpg,5,1323,562,79,160,-1,-1,-1,-1
19, 50159.jpg,6,765,526,56,129,-1,-1,-1,-1
19, 50159.jpg,9,1690,594,87,164,-1,-1,-1,-1
19, 50159.jpg,18,400,598,68,160,-1,-1,-1,-1
19, 50159.jpg,20,795,560,70,153,-1,-1,-1,-1
19, 50159.jpg,28,358,617,86,175,-1,-1,-1,-1
20, 50160.jpg,1,1364,571,89,142,-1,-1,-1,-1
20, 50160.jpg,3,422,609,89,164,-1,-1,-1,-1
20, 50160.jpg,4,913,574,64,158,-1,-1,-1,-1
20, 50160.jpg,5,1336,564,80,156,-1,-1,-1,-1
20, 50160.jpg,6,757,529,58,131,-1,-1,-1,-1
20, 50160.jpg,9,1694,594,89,163,-1,-1,-1,-1
20, 50160.jpg,20,801,565,69,152,-1,-1,-1,-1
20, 50160.jpg,28,363,615,86,172,-1,-1,-1,-1
21, 50161.jpg,3,415,611,90,166,-1,-1,-1,-1
21, 50161.jpg,4,912,571,65,161,-1,-1,-1,-1
21, 50161.jpg,5,1350,566,76,148,-1,-1,-1,-1
21, 50161.jpg,6,754,529,57,130,-1,-1,-1,-1
21, 50161.jpg,9,1697,595,89,162,-1,-1,-1,-1
21, 50161.jpg,20,786,560,67,145,-1,-1,-1,-1
21, 50161.jpg,28,376,601,80,162,-1,-1,-1,-1
22, 50162.jpg,3,413,613,90,165,-1,-1,-1,-1
22, 50162.jpg,4,911,570,64,160,-1,-1,-1,-1
22, 50162.jpg,5,1348,565,79,150,-1,-1,-1,-1
22, 50162.jpg,9,1700,594,89,161,-1,-1,-1,-1
22, 50162.jpg,20,776,554,69,146,-1,-1,-1,-1
22, 50162.jpg,28,386,598,79,160,-1,-1,-1,-1
23, 50163.jpg,1,1354,567,84,142,-1,-1,-1,-1
23, 50163.jpg,3,412,616,90,166,-1,-1,-1,-1
23, 50163.jpg,4,910,567,64,160,-1,-1,-1,-1
23, 50163.jpg,5,1335,569,82,153,-1,-1,-1,-1
23, 50163.jpg,9,1704,593,90,159,-1,-1,-1,-1
23, 50163.jpg,15,1535,807,75,231,-1,-1,-1,-1
23, 50163.jpg,20,768,551,70,145,-1,-1,-1,-1
23, 50163.jpg,28,381,595,79,163,-1,-1,-1,-1
23, 50163.jpg,32,317,638,85,168,-1,-1,-1,-1
24, 50164.jpg,1,1359,566,82,143,-1,-1,-1,-1
24, 50164.jpg,3,384,620,96,171,-1,-1,-1,-1
24, 50164.jpg,4,909,565,63,159,-1,-1,-1,-1
24, 50164.jpg,5,1319,566,85,160,-1,-1,-1,-1
24, 50164.jpg,9,1707,591,91,161,-1,-1,-1,-1
24, 50164.jpg,15,1534,806,73,231,-1,-1,-1,-1
24, 50164.jpg,20,744,540,66,137,-1,-1,-1,-1
24, 50164.jpg,28,385,591,78,161,-1,-1,-1,-1
24, 50164.jpg,32,307,640,85,168,-1,-1,-1,-1
25, 50165.jpg,1,1358,571,77,138,-1,-1,-1,-1
25, 50165.jpg,3,400,620,94,171,-1,-1,-1,-1
25, 50165.jpg,4,905,562,63,159,-1,-1,-1,-1
25, 50165.jpg,5,1313,568,86,159,-1,-1,-1,-1
25, 50165.jpg,9,1715,592,89,159,-1,-1,-1,-1
25, 50165.jpg,15,1532,806,76,233,-1,-1,-1,-1
25, 50165.jpg,20,732,536,65,136,-1,-1,-1,-1
25, 50165.jpg,28,362,608,83,171,-1,-1,-1,-1
25, 50165.jpg,32,304,643,85,165,-1,-1,-1,-1
26, 50166.jpg,1,1359,573,74,137,-1,-1,-1,-1
26, 50166.jpg,3,402,622,92,170,-1,-1,-1,-1
26, 50166.jpg,4,904,560,62,158,-1,-1,-1,-1
26, 50166.jpg,5,1315,567,88,158,-1,-1,-1,-1
26, 50166.jpg,9,1723,591,87,158,-1,-1,-1,-1
26, 50166.jpg,15,1531,808,74,225,-1,-1,-1,-1
26, 50166.jpg,20,728,535,64,133,-1,-1,-1,-1
26, 50166.jpg,28,374,603,79,167,-1,-1,-1,-1
26, 50166.jpg,32,303,645,84,164,-1,-1,-1,-1
26, 50166.jpg,33,791,554,57,163,-1,-1,-1,-1
27, 50167.jpg,1,1360,574,71,136,-1,-1,-1,-1
27, 50167.jpg,3,397,620,93,172,-1,-1,-1,-1
27, 50167.jpg,4,903,558,61,157,-1,-1,-1,-1
27, 50167.jpg,5,1315,567,90,157,-1,-1,-1,-1
27, 50167.jpg,9,1730,590,85,160,-1,-1,-1,-1
27, 50167.jpg,15,1529,808,74,222,-1,-1,-1,-1
27, 50167.jpg,20,722,533,64,134,-1,-1,-1,-1
27, 50167.jpg,28,376,602,79,166,-1,-1,-1,-1
27, 50167.jpg,32,320,631,88,170,-1,-1,-1,-1
27, 50167.jpg,33,789,553,57,164,-1,-1,-1,-1
28, 50168.jpg,1,1361,576,69,135,-1,-1,-1,-1
28, 50168.jpg,3,383,611,89,168,-1,-1,-1,-1
28, 50168.jpg,4,902,559,61,156,-1,-1,-1,-1
28, 50168.jpg,5,1315,567,93,159,-1,-1,-1,-1
28, 50168.jpg,9,1736,590,83,162,-1,-1,-1,-1
28, 50168.jpg,15,1527,812,69,204,-1,-1,-1,-1
28, 50168.jpg,20,718,532,61,132,-1,-1,-1,-1
28, 50168.jpg,28,371,594,70,152,-1,-1,-1,-1
28, 50168.jpg,32,307,638,87,168,-1,-1,-1,-1
28, 50168.jpg,33,788,552,57,162,-1,-1,-1,-1
28, 50168.jpg,34,229,820,81,223,-1,-1,-1,-1
29, 50169.jpg,1,1361,576,68,137,-1,-1,-1,-1
29, 50169.jpg,3,387,610,83,160,-1,-1,-1,-1
29, 50169.jpg,4,900,558,62,157,-1,-1,-1,-1
29, 50169.jpg,5,1315,566,93,158,-1,-1,-1,-1
29, 50169.jpg,9,1740,589,83,163,-1,-1,-1,-1
29, 50169.jpg,15,1526,813,67,201,-1,-1,-1,-1
29, 50169.jpg,20,715,532,61,133,-1,-1,-1,-1
29, 50169.jpg,28,371,592,69,149,-1,-1,-1,-1
29, 50169.jpg,32,296,638,88,170,-1,-1,-1,-1
29, 50169.jpg,33,784,554,56,159,-1,-1,-1,-1
29, 50169.jpg,34,234,821,79,218,-1,-1,-1,-1
30, 50170.jpg,1,1361,576,66,137,-1,-1,-1,-1
30, 50170.jpg,3,401,626,79,157,-1,-1,-1,-1
30, 50170.jpg,4,899,558,61,157,-1,-1,-1,-1
30, 50170.jpg,5,1305,563,97,165,-1,-1,-1,-1
30, 50170.jpg,9,1747,590,82,163,-1,-1,-1,-1
30, 50170.jpg,20,710,534,61,133,-1,-1,-1,-1
30, 50170.jpg,28,373,591,65,144,-1,-1,-1,-1
30, 50170.jpg,32,290,637,90,174,-1,-1,-1,-1
30, 50170.jpg,33,784,553,56,161,-1,-1,-1,-1
31, 50171.jpg,1,1362,577,64,135,-1,-1,-1,-1
31, 50171.jpg,3,394,624,83,165,-1,-1,-1,-1
31, 50171.jpg,4,899,557,62,158,-1,-1,-1,-1
31, 50171.jpg,5,1307,564,96,162,-1,-1,-1,-1
31, 50171.jpg,9,1751,590,82,163,-1,-1,-1,-1
31, 50171.jpg,20,705,534,61,137,-1,-1,-1,-1
31, 50171.jpg,28,381,595,66,145,-1,-1,-1,-1
31, 50171.jpg,32,286,637,89,176,-1,-1,-1,-1
31, 50171.jpg,33,783,553,56,160,-1,-1,-1,-1
32, 50172.jpg,1,1368,579,60,129,-1,-1,-1,-1
32, 50172.jpg,3,392,625,84,169,-1,-1,-1,-1
32, 50172.jpg,4,898,558,62,157,-1,-1,-1,-1
32, 50172.jpg,5,1330,569,91,153,-1,-1,-1,-1
32, 50172.jpg,9,1754,590,84,162,-1,-1,-1,-1
32, 50172.jpg,20,701,534,62,139,-1,-1,-1,-1
32, 50172.jpg,28,379,590,60,132,-1,-1,-1,-1
32, 50172.jpg,32,283,635,88,177,-1,-1,-1,-1
32, 50172.jpg,33,783,552,55,160,-1,-1,-1,-1
33, 50173.jpg,1,1363,578,61,133,-1,-1,-1,-1
33, 50173.jpg,3,386,615,77,155,-1,-1,-1,-1
33, 50173.jpg,4,896,559,63,158,-1,-1,-1,-1
33, 50173.jpg,5,1311,567,95,159,-1,-1,-1,-1
33, 50173.jpg,9,1756,591,85,161,-1,-1,-1,-1
33, 50173.jpg,20,695,535,64,141,-1,-1,-1,-1
33, 50173.jpg,28,380,589,58,128,-1,-1,-1,-1
33, 50173.jpg,32,280,632,88,179,-1,-1,-1,-1
33, 50173.jpg,33,778,550,55,159,-1,-1,-1,-1
34, 50174.jpg,1,1362,579,62,135,-1,-1,-1,-1
34, 50174.jpg,3,389,631,79,161,-1,-1,-1,-1
34, 50174.jpg,4,895,557,64,158,-1,-1,-1,-1
34, 50174.jpg,5,1313,568,96,158,-1,-1,-1,-1
34, 50174.jpg,9,1757,592,86,159,-1,-1,-1,-1
34, 50174.jpg,20,690,537,63,139,-1,-1,-1,-1
34, 50174.jpg,28,384,587,53,117,-1,-1,-1,-1
34, 50174.jpg,32,276,631,88,182,-1,-1,-1,-1
34, 50174.jpg,33,776,549,54,156,-1,-1,-1,-1
35, 50175.jpg,1,1362,576,63,138,-1,-1,-1,-1
35, 50175.jpg,3,390,640,80,162,-1,-1,-1,-1
35, 50175.jpg,4,895,553,64,158,-1,-1,-1,-1
35, 50175.jpg,5,1309,566,97,159,-1,-1,-1,-1
35, 50175.jpg,9,1758,593,88,158,-1,-1,-1,-1
35, 50175.jpg,20,687,541,62,132,-1,-1,-1,-1
35, 50175.jpg,28,382,592,57,129,-1,-1,-1,-1
35, 50175.jpg,32,275,633,86,182,-1,-1,-1,-1
35, 50175.jpg,33,774,547,53,154,-1,-1,-1,-1
36, 50176.jpg,1,1362,576,63,137,-1,-1,-1,-1
36, 50176.jpg,3,390,629,75,152,-1,-1,-1,-1
36, 50176.jpg,4,895,550,63,157,-1,-1,-1,-1
36, 50176.jpg,5,1301,564,100,162,-1,-1,-1,-1
36, 50176.jpg,9,1760,593,90,157,-1,-1,-1,-1
36, 50176.jpg,18,385,585,42,99,-1,-1,-1,-1
36, 50176.jpg,20,685,542,62,133,-1,-1,-1,-1
36, 50176.jpg,28,382,591,57,127,-1,-1,-1,-1
36, 50176.jpg,32,270,632,86,182,-1,-1,-1,-1
36, 50176.jpg,33,770,543,54,157,-1,-1,-1,-1
37, 50177.jpg,1,1363,575,65,140,-1,-1,-1,-1
37, 50177.jpg,3,384,643,80,160,-1,-1,-1,-1
37, 50177.jpg,4,893,549,62,154,-1,-1,-1,-1
37, 50177.jpg,5,1298,563,100,165,-1,-1,-1,-1
37, 50177.jpg,9,1766,592,91,158,-1,-1,-1,-1
37, 50177.jpg,18,381,587,48,114,-1,-1,-1,-1
37, 50177.jpg,20,682,544,64,135,-1,-1,-1,-1
37, 50177.jpg,32,267,632,85,180,-1,-1,-1,-1
37, 50177.jpg,33,767,540,55,158,-1,-1,-1,-1
38, 50178.jpg,1,1362,575,66,142,-1,-1,-1,-1
38, 50178.jpg,3,385,649,80,159,-1,-1,-1,-1
38, 50178.jpg,4,894,548,60,150,-1,-1,-1,-1
38, 50178.jpg,5,1295,564,100,165,-1,-1,-1,-1
38, 50178.jpg,9,1770,591,94,159,-1,-1,-1,-1
38, 50178.jpg,15,1487,813,66,190,-1,-1,-1,-1
38, 50178.jpg,18,387,586,49,118,-1,-1,-1,-1
38, 50178.jpg,20,678,545,65,136,-1,-1,-1,-1
38, 50178.jpg,32,262,632,85,178,-1,-1,-1,-1
38, 50178.jpg,33,762,540,56,157,-1,-1,-1,-1
39, 50179.jpg,1,1361,575,66,142,-1,-1,-1,-1
39, 50179.jpg,3,380,649,83,161,-1,-1,-1,-1
39, 50179.jpg,4,895,548,58,146,-1,-1,-1,-1
39, 50179.jpg,5,1299,566,100,163,-1,-1,-1,-1
39, 50179.jpg,9,1774,588,94,161,-1,-1,-1,-1
39, 50179.jpg,15,1483,812,67,190,-1,-1,-1,-1
39, 50179.jpg,18,387,586,49,117,-1,-1,-1,-1
39, 50179.jpg,20,673,545,66,137,-1,-1,-1,-1
39, 50179.jpg,28,387,612,60,134,-1,-1,-1,-1
39, 50179.jpg,32,258,630,87,182,-1,-1,-1,-1
39, 50179.jpg,33,759,537,57,158,-1,-1,-1,-1
40, 50180.jpg,1,1360,574,67,144,-1,-1,-1,-1
40, 50180.jpg,3,377,649,85,164,-1,-1,-1,-1
40, 50180.jpg,4,894,546,58,143,-1,-1,-1,-1
40, 50180.jpg,5,1294,566,102,166,-1,-1,-1,-1
40, 50180.jpg,9,1780,587,94,163,-1,-1,-1,-1
40, 50180.jpg,15,1480,810,70,192,-1,-1,-1,-1
40, 50180.jpg,20,670,546,64,134,-1,-1,-1,-1
40, 50180.jpg,28,385,614,64,142,-1,-1,-1,-1
40, 50180.jpg,32,255,632,88,182,-1,-1,-1,-1
40, 50180.jpg,33,757,536,58,158,-1,-1,-1,-1
