2, 12387.jpg,1,468,416,45,105,-1,-1,-1,-1
2, 12387.jpg,2,803,344,55,51,-1,-1,-1,-1
2, 12387.jpg,3,716,302,48,78,-1,-1,-1,-1
2, 12387.jpg,4,567,394,40,104,-1,-1,-1,-1
2, 12387.jpg,6,458,357,43,98,-1,-1,-1,-1
2, 12387.jpg,7,358,345,32,87,-1,-1,-1,-1
2, 12387.jpg,8,564,333,40,94,-1,-1,-1,-1
2, 12387.jpg,9,632,371,58,104,-1,-1,-1,-1
2, 12387.jpg,10,777,425,60,69,-1,-1,-1,-1
2, 12387.jpg,11,909,349,38,99,-1,-1,-1,-1
3, 12388.jpg,1,445,419,48,109,-1,-1,-1,-1
3, 12388.jpg,2,806,344,52,48,-1,-1,-1,-1
3, 12388.jpg,3,718,302,49,78,-1,-1,-1,-1
3, 12388.jpg,4,566,392,41,106,-1,-1,-1,-1
3, 12388.jpg,6,457,359,42,96,-1,-1,-1,-1
3, 12388.jpg,7,358,344,33,87,-1,-1,-1,-1
3, 12388.jpg,8,564,333,39,92,-1,-1,-1,-1
3, 12388.jpg,9,631,374,57,102,-1,-1,-1,-1
3, 12388.jpg,10,766,423,61,72,-1,-1,-1,-1
3, 12388.jpg,11,908,350,37,94,-1,-1,-1,-1
4, 12389.jpg,1,435,419,50,111,-1,-1,-1,-1
4, 12389.jpg,2,808,344,51,47,-1,-1,-1,-1
4, 12389.jpg,3,720,301,48,79,-1,-1,-1,-1
4, 12389.jpg,4,566,391,41,107,-1,-1,-1,-1
4, 12389.jpg,6,455,360,42,96,-1,-1,-1,-1
4, 12389.jpg,7,358,343,33,87,-1,-1,-1,-1
4, 12389.jpg,8,564,333,39,91,-1,-1,-1,-1
4, 12389.jpg,9,633,374,57,104,-1,-1,-1,-1
4, 12389.jpg,10,756,421,63,75,-1,-1,-1,-1
4, 12389.jpg,11,907,349,37,96,-1,-1,-1,-1
5, 12390.jpg,1,429,418,49,109,-1,-1,-1,-1
5, 12390.jpg,2,808,342,52,48,-1,-1,-1,-1
5, 12390.jpg,3,722,301,48,77,-1,-1,-1,-1
5, 12390.jpg,4,565,387,42,111,-1,-1,-1,-1
5, 12390.jpg,6,453,361,42,97,-1,-1,-1,-1
5, 12390.jpg,7,358,342,33,87,-1,-1,-1,-1
5, 12390.jpg,8,566,335,36,85,-1,-1,-1,-1
5, 12390.jpg,9,636,382,54,99,-1,-1,-1,-1
5, 12390.jpg,10,747,421,65,76,-1,-1,-1,-1
5, 12390.jpg,11,906,348,38,96,-1,-1,-1,-1
5, 12390.jpg,12,645,370,32,74,-1,-1,-1,-1
5, 12390.jpg,13,503,413,34,91,-1,-1,-1,-1
6, 12391.jpg,1,421,416,50,111,-1,-1,-1,-1
6, 12391.jpg,2,809,343,51,48,-1,-1,-1,-1
6, 12391.jpg,3,724,300,47,77,-1,-1,-1,-1
6, 12391.jpg,4,566,385,41,107,-1,-1,-1,-1
6, 12391.jpg,6,451,363,43,97,-1,-1,-1,-1
6, 12391.jpg,7,358,342,33,87,-1,-1,-1,-1
6, 12391.jpg,8,567,337,33,78,-1,-1,-1,-1
6, 12391.jpg,9,637,390,54,98,-1,-1,-1,-1
6, 12391.jpg,10,737,419,69,82,-1,-1,-1,-1
6, 12391.jpg,11,907,346,39,100,-1,-1,-1,-1
6, 12391.jpg,12,648,372,32,72,-1,-1,-1,-1
6, 12391.jpg,13,506,413,33,91,-1,-1,-1,-1
7, 12392.jpg,1,415,414,50,113,-1,-1,-1,-1
7, 12392.jpg,2,808,343,51,48,-1,-1,-1,-1
7, 12392.jpg,3,726,299,47,76,-1,-1,-1,-1
7, 12392.jpg,4,566,384,39,105,-1,-1,-1,-1
7, 12392.jpg,6,449,364,43,98,-1,-1,-1,-1
7, 12392.jpg,7,359,342,32,87,-1,-1,-1,-1
7, 12392.jpg,8,567,337,34,78,-1,-1,-1,-1
7, 12392.jpg,9,638,398,50,92,-1,-1,-1,-1
7, 12392.jpg,10,728,419,71,85,-1,-1,-1,-1
7, 12392.jpg,11,906,345,40,101,-1,-1,-1,-1
7, 12392.jpg,12,657,366,32,73,-1,-1,-1,-1
7, 12392.jpg,13,511,415,33,88,-1,-1,-1,-1
8, 12393.jpg,1,416,402,51,113,-1,-1,-1,-1
8, 12393.jpg,2,810,341,51,50,-1,-1,-1,-1
8, 12393.jpg,3,728,298,46,76,-1,-1,-1,-1
8, 12393.jpg,4,566,383,39,103,-1,-1,-1,-1
8, 12393.jpg,6,447,365,43,98,-1,-1,-1,-1
8, 12393.jpg,7,359,341,32,88,-1,-1,-1,-1
8, 12393.jpg,8,568,336,33,78,-1,-1,-1,-1
8, 12393.jpg,9,646,385,50,93,-1,-1,-1,-1
8, 12393.jpg,10,723,424,67,80,-1,-1,-1,-1
8, 12393.jpg,11,907,345,39,101,-1,-1,-1,-1
8, 12393.jpg,12,659,363,32,72,-1,-1,-1,-1
8, 12393.jpg,13,515,416,32,87,-1,-1,-1,-1
9, 12394.jpg,1,406,405,52,115,-1,-1,-1,-1
9, 12394.jpg,2,810,339,53,53,-1,-1,-1,-1
9, 12394.jpg,3,730,297,44,75,-1,-1,-1,-1
9, 12394.jpg,4,567,384,37,100,-1,-1,-1,-1
9, 12394.jpg,6,443,366,44,97,-1,-1,-1,-1
9, 12394.jpg,7,359,341,33,88,-1,-1,-1,-1
9, 12394.jpg,8,568,335,34,80,-1,-1,-1,-1
9, 12394.jpg,9,642,395,49,93,-1,-1,-1,-1
9, 12394.jpg,10,719,426,64,78,-1,-1,-1,-1
9, 12394.jpg,11,905,346,39,99,-1,-1,-1,-1
9, 12394.jpg,12,659,369,33,74,-1,-1,-1,-1
9, 12394.jpg,13,517,414,34,91,-1,-1,-1,-1
9, 12394.jpg,15,23,304,40,92,-1,-1,-1,-1
10, 12395.jpg,1,401,408,50,114,-1,-1,-1,-1
10, 12395.jpg,2,810,337,54,55,-1,-1,-1,-1
10, 12395.jpg,3,730,294,45,78,-1,-1,-1,-1
10, 12395.jpg,4,567,386,36,98,-1,-1,-1,-1
10, 12395.jpg,6,440,367,44,98,-1,-1,-1,-1
10, 12395.jpg,7,359,340,33,89,-1,-1,-1,-1
10, 12395.jpg,8,567,334,35,82,-1,-1,-1,-1
10, 12395.jpg,9,640,397,49,94,-1,-1,-1,-1
10, 12395.jpg,10,716,430,62,77,-1,-1,-1,-1
10, 12395.jpg,11,905,346,38,99,-1,-1,-1,-1
10, 12395.jpg,12,664,365,39,87,-1,-1,-1,-1
10, 12395.jpg,13,519,411,36,94,-1,-1,-1,-1
10, 12395.jpg,15,23,304,40,93,-1,-1,-1,-1
11, 12396.jpg,1,396,410,50,113,-1,-1,-1,-1
11, 12396.jpg,2,811,337,55,57,-1,-1,-1,-1
11, 12396.jpg,3,731,292,46,82,-1,-1,-1,-1
11, 12396.jpg,4,567,385,36,97,-1,-1,-1,-1
11, 12396.jpg,6,438,366,43,99,-1,-1,-1,-1
11, 12396.jpg,7,359,339,33,90,-1,-1,-1,-1
11, 12396.jpg,8,568,351,35,85,-1,-1,-1,-1
11, 12396.jpg,9,645,383,51,99,-1,-1,-1,-1
11, 12396.jpg,10,709,431,66,83,-1,-1,-1,-1
11, 12396.jpg,11,905,346,39,98,-1,-1,-1,-1
11, 12396.jpg,12,666,365,40,90,-1,-1,-1,-1
11, 12396.jpg,13,523,410,38,98,-1,-1,-1,-1
12, 12397.jpg,1,392,410,50,113,-1,-1,-1,-1
12, 12397.jpg,2,810,336,55,59,-1,-1,-1,-1
12, 12397.jpg,3,729,289,47,83,-1,-1,-1,-1
12, 12397.jpg,4,565,382,37,102,-1,-1,-1,-1
12, 12397.jpg,6,434,366,43,101,-1,-1,-1,-1
12, 12397.jpg,7,359,339,33,90,-1,-1,-1,-1
12, 12397.jpg,8,568,341,34,82,-1,-1,-1,-1
12, 12397.jpg,9,648,377,53,102,-1,-1,-1,-1
12, 12397.jpg,10,702,432,68,88,-1,-1,-1,-1
12, 12397.jpg,11,905,346,38,98,-1,-1,-1,-1
12, 12397.jpg,13,527,409,40,100,-1,-1,-1,-1
12, 12397.jpg,15,24,301,39,92,-1,-1,-1,-1
13, 12398.jpg,1,388,411,49,112,-1,-1,-1,-1
13, 12398.jpg,2,810,335,56,60,-1,-1,-1,-1
13, 12398.jpg,3,731,290,45,80,-1,-1,-1,-1
13, 12398.jpg,4,564,381,38,102,-1,-1,-1,-1
13, 12398.jpg,6,431,366,43,102,-1,-1,-1,-1
13, 12398.jpg,7,359,338,34,91,-1,-1,-1,-1
13, 12398.jpg,8,568,334,35,86,-1,-1,-1,-1
13, 12398.jpg,9,640,383,51,102,-1,-1,-1,-1
13, 12398.jpg,10,697,431,70,92,-1,-1,-1,-1
13, 12398.jpg,11,905,346,38,98,-1,-1,-1,-1
13, 12398.jpg,12,678,357,39,87,-1,-1,-1,-1
13, 12398.jpg,13,529,410,41,101,-1,-1,-1,-1
13, 12398.jpg,15,24,301,40,91,-1,-1,-1,-1
14, 12399.jpg,1,385,409,51,114,-1,-1,-1,-1
14, 12399.jpg,2,812,335,54,61,-1,-1,-1,-1
14, 12399.jpg,3,733,290,43,78,-1,-1,-1,-1
14, 12399.jpg,6,430,365,43,104,-1,-1,-1,-1
14, 12399.jpg,7,360,338,34,91,-1,-1,-1,-1
14, 12399.jpg,8,567,330,36,88,-1,-1,-1,-1
14, 12399.jpg,9,637,384,51,104,-1,-1,-1,-1
14, 12399.jpg,10,693,430,70,94,-1,-1,-1,-1
14, 12399.jpg,11,905,346,38,97,-1,-1,-1,-1
14, 12399.jpg,12,684,357,39,89,-1,-1,-1,-1
14, 12399.jpg,13,532,412,41,99,-1,-1,-1,-1
14, 12399.jpg,15,24,300,40,92,-1,-1,-1,-1
15, 12400.jpg,1,380,408,52,114,-1,-1,-1,-1
15, 12400.jpg,2,812,334,54,62,-1,-1,-1,-1
15, 12400.jpg,3,733,288,45,82,-1,-1,-1,-1
15, 12400.jpg,6,429,367,42,103,-1,-1,-1,-1
15, 12400.jpg,7,360,337,34,91,-1,-1,-1,-1
15, 12400.jpg,8,568,328,36,88,-1,-1,-1,-1
15, 12400.jpg,9,637,384,49,104,-1,-1,-1,-1
15, 12400.jpg,10,693,431,67,93,-1,-1,-1,-1
15, 12400.jpg,11,904,346,39,97,-1,-1,-1,-1
15, 12400.jpg,12,688,355,41,92,-1,-1,-1,-1
15, 12400.jpg,13,534,412,43,101,-1,-1,-1,-1
16, 12401.jpg,1,377,406,53,116,-1,-1,-1,-1
16, 12401.jpg,2,812,333,54,62,-1,-1,-1,-1
16, 12401.jpg,3,734,283,44,85,-1,-1,-1,-1
16, 12401.jpg,6,427,369,41,104,-1,-1,-1,-1
16, 12401.jpg,7,361,337,33,90,-1,-1,-1,-1
16, 12401.jpg,8,570,329,35,88,-1,-1,-1,-1
16, 12401.jpg,9,637,384,49,104,-1,-1,-1,-1
16, 12401.jpg,10,690,432,67,94,-1,-1,-1,-1
16, 12401.jpg,11,903,346,39,95,-1,-1,-1,-1
16, 12401.jpg,12,692,356,41,90,-1,-1,-1,-1
16, 12401.jpg,13,540,414,42,99,-1,-1,-1,-1
17, 12402.jpg,1,371,402,53,118,-1,-1,-1,-1
17, 12402.jpg,2,814,333,52,62,-1,-1,-1,-1
17, 12402.jpg,3,735,279,45,88,-1,-1,-1,-1
17, 12402.jpg,6,425,369,41,106,-1,-1,-1,-1
17, 12402.jpg,7,361,336,33,89,-1,-1,-1,-1
17, 12402.jpg,8,571,327,36,92,-1,-1,-1,-1
17, 12402.jpg,9,638,384,47,103,-1,-1,-1,-1
17, 12402.jpg,10,689,429,67,96,-1,-1,-1,-1
17, 12402.jpg,11,901,345,41,96,-1,-1,-1,-1
17, 12402.jpg,12,695,358,40,87,-1,-1,-1,-1
17, 12402.jpg,13,546,417,41,96,-1,-1,-1,-1
18, 12403.jpg,1,367,401,52,116,-1,-1,-1,-1
18, 12403.jpg,2,816,333,51,61,-1,-1,-1,-1
18, 12403.jpg,3,736,276,45,89,-1,-1,-1,-1
18, 12403.jpg,6,423,370,41,108,-1,-1,-1,-1
18, 12403.jpg,7,362,336,33,88,-1,-1,-1,-1
18, 12403.jpg,8,571,326,37,93,-1,-1,-1,-1
18, 12403.jpg,9,639,384,45,103,-1,-1,-1,-1
18, 12403.jpg,10,689,429,65,96,-1,-1,-1,-1
18, 12403.jpg,11,899,344,41,95,-1,-1,-1,-1
18, 12403.jpg,12,700,362,41,86,-1,-1,-1,-1
18, 12403.jpg,13,549,418,41,97,-1,-1,-1,-1
19, 12404.jpg,1,359,394,53,121,-1,-1,-1,-1
19, 12404.jpg,2,816,332,51,61,-1,-1,-1,-1
19, 12404.jpg,3,738,276,45,90,-1,-1,-1,-1
19, 12404.jpg,6,421,374,41,106,-1,-1,-1,-1
19, 12404.jpg,7,363,336,32,86,-1,-1,-1,-1
19, 12404.jpg,8,571,324,35,92,-1,-1,-1,-1
19, 12404.jpg,9,640,386,44,101,-1,-1,-1,-1
19, 12404.jpg,10,689,423,65,100,-1,-1,-1,-1
19, 12404.jpg,11,897,344,43,94,-1,-1,-1,-1
19, 12404.jpg,12,703,364,42,83,-1,-1,-1,-1
19, 12404.jpg,13,554,416,41,99,-1,-1,-1,-1
20, 12405.jpg,1,355,394,52,119,-1,-1,-1,-1
20, 12405.jpg,2,816,332,49,60,-1,-1,-1,-1
20, 12405.jpg,3,739,275,45,92,-1,-1,-1,-1
20, 12405.jpg,6,419,376,41,106,-1,-1,-1,-1
20, 12405.jpg,7,363,336,33,87,-1,-1,-1,-1
20, 12405.jpg,8,572,324,33,86,-1,-1,-1,-1
20, 12405.jpg,9,640,386,45,102,-1,-1,-1,-1
20, 12405.jpg,10,687,417,67,106,-1,-1,-1,-1
20, 12405.jpg,11,897,342,44,96,-1,-1,-1,-1
20, 12405.jpg,12,705,363,43,84,-1,-1,-1,-1
20, 12405.jpg,13,557,414,41,102,-1,-1,-1,-1
21, 12406.jpg,1,349,392,53,119,-1,-1,-1,-1
21, 12406.jpg,2,817,331,49,60,-1,-1,-1,-1
21, 12406.jpg,3,741,275,43,92,-1,-1,-1,-1
21, 12406.jpg,6,418,376,42,107,-1,-1,-1,-1
21, 12406.jpg,7,364,336,31,83,-1,-1,-1,-1
21, 12406.jpg,8,571,338,32,83,-1,-1,-1,-1
21, 12406.jpg,9,641,386,45,103,-1,-1,-1,-1
21, 12406.jpg,10,688,414,64,104,-1,-1,-1,-1
21, 12406.jpg,11,895,343,45,94,-1,-1,-1,-1
21, 12406.jpg,12,704,361,45,84,-1,-1,-1,-1
21, 12406.jpg,13,559,413,42,103,-1,-1,-1,-1
22, 12407.jpg,1,343,390,53,121,-1,-1,-1,-1
22, 12407.jpg,2,817,331,49,60,-1,-1,-1,-1
22, 12407.jpg,3,742,275,41,90,-1,-1,-1,-1
22, 12407.jpg,6,416,375,43,109,-1,-1,-1,-1
22, 12407.jpg,7,365,335,30,80,-1,-1,-1,-1
22, 12407.jpg,8,574,329,29,75,-1,-1,-1,-1
22, 12407.jpg,9,642,387,44,103,-1,-1,-1,-1
22, 12407.jpg,10,689,413,61,100,-1,-1,-1,-1
22, 12407.jpg,11,893,343,46,94,-1,-1,-1,-1
22, 12407.jpg,12,702,360,46,84,-1,-1,-1,-1
22, 12407.jpg,13,560,413,43,103,-1,-1,-1,-1
23, 12408.jpg,1,336,391,53,121,-1,-1,-1,-1
23, 12408.jpg,2,820,331,48,59,-1,-1,-1,-1
23, 12408.jpg,3,742,276,41,88,-1,-1,-1,-1
23, 12408.jpg,6,415,375,42,109,-1,-1,-1,-1
23, 12408.jpg,7,367,334,30,80,-1,-1,-1,-1
23, 12408.jpg,8,574,323,30,77,-1,-1,-1,-1
23, 12408.jpg,9,641,388,45,105,-1,-1,-1,-1
23, 12408.jpg,10,688,414,61,100,-1,-1,-1,-1
23, 12408.jpg,11,892,345,47,92,-1,-1,-1,-1
23, 12408.jpg,12,704,360,48,84,-1,-1,-1,-1
23, 12408.jpg,13,562,417,41,99,-1,-1,-1,-1
24, 12409.jpg,1,329,391,53,123,-1,-1,-1,-1
24, 12409.jpg,2,821,332,49,58,-1,-1,-1,-1
24, 12409.jpg,3,743,280,38,83,-1,-1,-1,-1
24, 12409.jpg,6,412,375,41,106,-1,-1,-1,-1
24, 12409.jpg,7,366,332,34,87,-1,-1,-1,-1
24, 12409.jpg,8,574,320,30,80,-1,-1,-1,-1
24, 12409.jpg,9,641,388,45,107,-1,-1,-1,-1
24, 12409.jpg,10,686,412,63,103,-1,-1,-1,-1
24, 12409.jpg,11,888,344,49,95,-1,-1,-1,-1
24, 12409.jpg,12,703,359,49,84,-1,-1,-1,-1
24, 12409.jpg,13,563,418,41,99,-1,-1,-1,-1
25, 12410.jpg,1,325,394,51,116,-1,-1,-1,-1
25, 12410.jpg,2,819,331,51,59,-1,-1,-1,-1
25, 12410.jpg,3,743,283,37,79,-1,-1,-1,-1
25, 12410.jpg,6,409,376,41,106,-1,-1,-1,-1
25, 12410.jpg,7,367,332,33,86,-1,-1,-1,-1
25, 12410.jpg,8,574,321,30,80,-1,-1,-1,-1
25, 12410.jpg,9,641,389,45,107,-1,-1,-1,-1
25, 12410.jpg,10,689,390,66,109,-1,-1,-1,-1
25, 12410.jpg,11,884,344,52,96,-1,-1,-1,-1
25, 12410.jpg,12,706,359,48,84,-1,-1,-1,-1
25, 12410.jpg,13,564,417,41,101,-1,-1,-1,-1
26, 12411.jpg,1,320,395,50,114,-1,-1,-1,-1
26, 12411.jpg,2,817,332,51,58,-1,-1,-1,-1
26, 12411.jpg,3,742,285,36,77,-1,-1,-1,-1
26, 12411.jpg,6,406,377,41,105,-1,-1,-1,-1
26, 12411.jpg,7,367,331,34,88,-1,-1,-1,-1
26, 12411.jpg,8,576,323,29,76,-1,-1,-1,-1
26, 12411.jpg,9,642,389,45,108,-1,-1,-1,-1
26, 12411.jpg,10,687,405,62,99,-1,-1,-1,-1
26, 12411.jpg,11,882,346,51,94,-1,-1,-1,-1
26, 12411.jpg,12,702,355,53,89,-1,-1,-1,-1
26, 12411.jpg,13,564,417,41,101,-1,-1,-1,-1
27, 12412.jpg,1,313,395,50,112,-1,-1,-1,-1
27, 12412.jpg,2,821,338,47,51,-1,-1,-1,-1
27, 12412.jpg,3,742,286,36,77,-1,-1,-1,-1
27, 12412.jpg,6,402,379,42,105,-1,-1,-1,-1
27, 12412.jpg,7,368,331,34,88,-1,-1,-1,-1
27, 12412.jpg,8,577,324,29,75,-1,-1,-1,-1
27, 12412.jpg,9,643,388,45,110,-1,-1,-1,-1
27, 12412.jpg,10,676,414,64,103,-1,-1,-1,-1
27, 12412.jpg,11,879,347,50,92,-1,-1,-1,-1
27, 12412.jpg,12,700,350,59,99,-1,-1,-1,-1
27, 12412.jpg,13,566,418,41,98,-1,-1,-1,-1
28, 12413.jpg,1,306,394,52,113,-1,-1,-1,-1
28, 12413.jpg,2,816,335,51,54,-1,-1,-1,-1
28, 12413.jpg,3,741,286,36,77,-1,-1,-1,-1
28, 12413.jpg,6,398,382,44,103,-1,-1,-1,-1
28, 12413.jpg,7,368,330,35,89,-1,-1,-1,-1
28, 12413.jpg,8,578,325,30,76,-1,-1,-1,-1
28, 12413.jpg,9,644,390,45,107,-1,-1,-1,-1
28, 12413.jpg,10,671,419,65,104,-1,-1,-1,-1
28, 12413.jpg,11,879,349,49,90,-1,-1,-1,-1
28, 12413.jpg,12,697,349,61,101,-1,-1,-1,-1
28, 12413.jpg,13,566,415,43,103,-1,-1,-1,-1
29, 12414.jpg,1,302,393,52,113,-1,-1,-1,-1
29, 12414.jpg,2,815,334,52,55,-1,-1,-1,-1
29, 12414.jpg,3,741,286,35,77,-1,-1,-1,-1
29, 12414.jpg,6,394,384,46,105,-1,-1,-1,-1
29, 12414.jpg,7,368,331,35,88,-1,-1,-1,-1
29, 12414.jpg,8,574,331,33,86,-1,-1,-1,-1
29, 12414.jpg,9,645,391,44,107,-1,-1,-1,-1
29, 12414.jpg,10,668,426,63,96,-1,-1,-1,-1
29, 12414.jpg,11,879,352,48,87,-1,-1,-1,-1
29, 12414.jpg,12,696,348,61,102,-1,-1,-1,-1
29, 12414.jpg,13,564,416,44,103,-1,-1,-1,-1
30, 12415.jpg,1,298,392,53,113,-1,-1,-1,-1
30, 12415.jpg,2,815,335,52,54,-1,-1,-1,-1
30, 12415.jpg,3,740,286,35,78,-1,-1,-1,-1
30, 12415.jpg,6,391,386,48,105,-1,-1,-1,-1
30, 12415.jpg,7,369,331,35,87,-1,-1,-1,-1
30, 12415.jpg,8,573,336,33,86,-1,-1,-1,-1
30, 12415.jpg,9,647,392,42,103,-1,-1,-1,-1
30, 12415.jpg,10,673,431,63,92,-1,-1,-1,-1
30, 12415.jpg,11,876,351,49,88,-1,-1,-1,-1
30, 12415.jpg,12,696,348,61,100,-1,-1,-1,-1
30, 12415.jpg,13,562,415,47,107,-1,-1,-1,-1
31, 12416.jpg,1,296,391,52,113,-1,-1,-1,-1
31, 12416.jpg,2,819,338,48,51,-1,-1,-1,-1
31, 12416.jpg,3,739,287,35,79,-1,-1,-1,-1
31, 12416.jpg,6,388,388,51,105,-1,-1,-1,-1
31, 12416.jpg,7,369,332,36,84,-1,-1,-1,-1
31, 12416.jpg,8,576,338,35,92,-1,-1,-1,-1
31, 12416.jpg,9,647,393,42,103,-1,-1,-1,-1
31, 12416.jpg,10,663,427,67,97,-1,-1,-1,-1
31, 12416.jpg,11,873,350,50,89,-1,-1,-1,-1
31, 12416.jpg,12,695,348,61,99,-1,-1,-1,-1
31, 12416.jpg,13,561,416,48,109,-1,-1,-1,-1
32, 12417.jpg,1,294,388,51,115,-1,-1,-1,-1
32, 12417.jpg,2,816,336,51,54,-1,-1,-1,-1
32, 12417.jpg,3,738,287,35,79,-1,-1,-1,-1
32, 12417.jpg,6,387,390,52,105,-1,-1,-1,-1
32, 12417.jpg,7,370,333,36,83,-1,-1,-1,-1
32, 12417.jpg,8,581,331,31,78,-1,-1,-1,-1
32, 12417.jpg,9,651,394,41,99,-1,-1,-1,-1
32, 12417.jpg,10,679,433,63,87,-1,-1,-1,-1
32, 12417.jpg,11,869,351,53,87,-1,-1,-1,-1
32, 12417.jpg,12,692,346,60,98,-1,-1,-1,-1
32, 12417.jpg,13,559,418,50,109,-1,-1,-1,-1
33, 12418.jpg,1,292,386,51,114,-1,-1,-1,-1
33, 12418.jpg,2,816,336,53,56,-1,-1,-1,-1
33, 12418.jpg,3,738,288,36,79,-1,-1,-1,-1
33, 12418.jpg,4,578,346,33,92,-1,-1,-1,-1
33, 12418.jpg,6,387,392,52,104,-1,-1,-1,-1
33, 12418.jpg,7,369,335,36,81,-1,-1,-1,-1
33, 12418.jpg,8,585,331,27,69,-1,-1,-1,-1
33, 12418.jpg,9,654,395,41,100,-1,-1,-1,-1
33, 12418.jpg,10,675,428,68,93,-1,-1,-1,-1
33, 12418.jpg,11,862,348,58,89,-1,-1,-1,-1
33, 12418.jpg,12,690,346,58,97,-1,-1,-1,-1
33, 12418.jpg,13,557,421,52,109,-1,-1,-1,-1
34, 12419.jpg,1,289,383,51,115,-1,-1,-1,-1
34, 12419.jpg,2,818,336,54,58,-1,-1,-1,-1
34, 12419.jpg,3,738,288,36,79,-1,-1,-1,-1
34, 12419.jpg,4,578,345,33,91,-1,-1,-1,-1
34, 12419.jpg,6,386,394,52,103,-1,-1,-1,-1
34, 12419.jpg,7,366,338,38,79,-1,-1,-1,-1
34, 12419.jpg,8,586,330,29,72,-1,-1,-1,-1
34, 12419.jpg,9,655,395,43,102,-1,-1,-1,-1
34, 12419.jpg,10,672,425,71,99,-1,-1,-1,-1
34, 12419.jpg,11,856,347,64,91,-1,-1,-1,-1
34, 12419.jpg,12,688,345,54,95,-1,-1,-1,-1
34, 12419.jpg,13,554,423,54,108,-1,-1,-1,-1
35, 12420.jpg,1,285,382,49,114,-1,-1,-1,-1
35, 12420.jpg,2,818,336,54,58,-1,-1,-1,-1
35, 12420.jpg,3,739,289,35,79,-1,-1,-1,-1
35, 12420.jpg,4,579,352,38,103,-1,-1,-1,-1
35, 12420.jpg,6,383,395,54,103,-1,-1,-1,-1
35, 12420.jpg,7,367,340,38,77,-1,-1,-1,-1
35, 12420.jpg,8,587,329,28,68,-1,-1,-1,-1
35, 12420.jpg,9,657,396,42,103,-1,-1,-1,-1
35, 12420.jpg,10,670,422,75,105,-1,-1,-1,-1
35, 12420.jpg,11,847,345,72,94,-1,-1,-1,-1
35, 12420.jpg,12,685,341,53,96,-1,-1,-1,-1
35, 12420.jpg,13,552,425,55,108,-1,-1,-1,-1
36, 12421.jpg,1,282,381,48,113,-1,-1,-1,-1
36, 12421.jpg,3,736,290,37,80,-1,-1,-1,-1
36, 12421.jpg,4,580,348,40,110,-1,-1,-1,-1
36, 12421.jpg,6,378,396,53,103,-1,-1,-1,-1
36, 12421.jpg,7,364,342,39,76,-1,-1,-1,-1
36, 12421.jpg,8,588,329,28,67,-1,-1,-1,-1
36, 12421.jpg,9,666,402,46,111,-1,-1,-1,-1
36, 12421.jpg,10,669,421,75,107,-1,-1,-1,-1
36, 12421.jpg,11,839,344,75,95,-1,-1,-1,-1
36, 12421.jpg,12,677,354,55,102,-1,-1,-1,-1
36, 12421.jpg,13,551,428,57,106,-1,-1,-1,-1
37, 12422.jpg,1,278,381,49,112,-1,-1,-1,-1
37, 12422.jpg,3,734,290,38,81,-1,-1,-1,-1
37, 12422.jpg,4,580,345,43,115,-1,-1,-1,-1
37, 12422.jpg,6,373,397,54,104,-1,-1,-1,-1
37, 12422.jpg,7,364,343,40,76,-1,-1,-1,-1
37, 12422.jpg,9,670,404,49,114,-1,-1,-1,-1
37, 12422.jpg,11,834,342,77,96,-1,-1,-1,-1
37, 12422.jpg,12,677,361,54,100,-1,-1,-1,-1
37, 12422.jpg,13,551,430,57,104,-1,-1,-1,-1
38, 12423.jpg,1,275,381,48,111,-1,-1,-1,-1
38, 12423.jpg,3,730,291,39,81,-1,-1,-1,-1
38, 12423.jpg,4,582,348,44,112,-1,-1,-1,-1
38, 12423.jpg,6,368,395,56,108,-1,-1,-1,-1
38, 12423.jpg,7,364,343,40,75,-1,-1,-1,-1
38, 12423.jpg,8,587,330,30,70,-1,-1,-1,-1
38, 12423.jpg,9,673,397,46,105,-1,-1,-1,-1
38, 12423.jpg,10,672,422,80,116,-1,-1,-1,-1
38, 12423.jpg,11,828,342,78,96,-1,-1,-1,-1
38, 12423.jpg,12,680,349,48,91,-1,-1,-1,-1
38, 12423.jpg,13,549,434,58,102,-1,-1,-1,-1
38, 12423.jpg,15,37,293,39,88,-1,-1,-1,-1
39, 12424.jpg,1,272,383,48,109,-1,-1,-1,-1
39, 12424.jpg,3,728,290,41,83,-1,-1,-1,-1
39, 12424.jpg,4,585,356,40,101,-1,-1,-1,-1
39, 12424.jpg,6,364,397,55,107,-1,-1,-1,-1
39, 12424.jpg,7,365,343,41,75,-1,-1,-1,-1
39, 12424.jpg,8,588,330,30,70,-1,-1,-1,-1
39, 12424.jpg,9,675,397,47,105,-1,-1,-1,-1
39, 12424.jpg,10,667,415,82,122,-1,-1,-1,-1
39, 12424.jpg,11,825,343,77,97,-1,-1,-1,-1
39, 12424.jpg,12,678,356,47,91,-1,-1,-1,-1
39, 12424.jpg,13,545,436,61,103,-1,-1,-1,-1
39, 12424.jpg,15,38,293,38,87,-1,-1,-1,-1
40, 12425.jpg,1,268,385,48,107,-1,-1,-1,-1
40, 12425.jpg,3,726,293,42,82,-1,-1,-1,-1
40, 12425.jpg,4,587,348,44,109,-1,-1,-1,-1
40, 12425.jpg,6,358,398,57,110,-1,-1,-1,-1
40, 12425.jpg,7,365,341,42,77,-1,-1,-1,-1
40, 12425.jpg,9,671,397,46,105,-1,-1,-1,-1
40, 12425.jpg,10,676,427,75,114,-1,-1,-1,-1
40, 12425.jpg,11,824,346,76,96,-1,-1,-1,-1
40, 12425.jpg,12,681,350,40,76,-1,-1,-1,-1
40, 12425.jpg,13,541,437,64,104,-1,-1,-1,-1
40, 12425.jpg,15,40,292,39,88,-1,-1,-1,-1
