2, 31737.jpg,1,760,336,51,113,-1,-1,-1,-1
2, 31737.jpg,2,611,385,63,116,-1,-1,-1,-1
2, 31737.jpg,3,395,436,58,134,-1,-1,-1,-1
2, 31737.jpg,4,761,405,55,103,-1,-1,-1,-1
2, 31737.jpg,5,244,422,44,106,-1,-1,-1,-1
2, 31737.jpg,6,393,355,36,97,-1,-1,-1,-1
2, 31737.jpg,7,689,330,39,90,-1,-1,-1,-1
2, 31737.jpg,8,288,398,64,113,-1,-1,-1,-1
2, 31737.jpg,9,238,327,51,97,-1,-1,-1,-1
2, 31737.jpg,10,453,331,43,103,-1,-1,-1,-1
3, 31738.jpg,1,766,329,37,83,-1,-1,-1,-1
3, 31738.jpg,2,600,389,64,123,-1,-1,-1,-1
3, 31738.jpg,3,392,438,57,131,-1,-1,-1,-1
3, 31738.jpg,4,756,401,57,107,-1,-1,-1,-1
3, 31738.jpg,5,243,423,44,105,-1,-1,-1,-1
3, 31738.jpg,6,393,355,35,94,-1,-1,-1,-1
3, 31738.jpg,7,689,330,41,94,-1,-1,-1,-1
3, 31738.jpg,8,289,398,64,115,-1,-1,-1,-1
3, 31738.jpg,9,237,327,51,99,-1,-1,-1,-1
3, 31738.jpg,10,455,331,43,104,-1,-1,-1,-1
4, 31739.jpg,1,768,330,31,69,-1,-1,-1,-1
4, 31739.jpg,2,596,390,64,124,-1,-1,-1,-1
4, 31739.jpg,3,392,437,59,134,-1,-1,-1,-1
4, 31739.jpg,4,755,400,56,107,-1,-1,-1,-1
4, 31739.jpg,5,241,423,44,107,-1,-1,-1,-1
4, 31739.jpg,6,393,355,36,96,-1,-1,-1,-1
4, 31739.jpg,7,687,329,44,100,-1,-1,-1,-1
4, 31739.jpg,8,290,399,64,114,-1,-1,-1,-1
4, 31739.jpg,9,235,328,52,100,-1,-1,-1,-1
4, 31739.jpg,10,457,332,43,106,-1,-1,-1,-1
5, 31740.jpg,1,761,336,39,87,-1,-1,-1,-1
5, 31740.jpg,2,608,390,63,122,-1,-1,-1,-1
5, 31740.jpg,3,394,437,57,130,-1,-1,-1,-1
5, 31740.jpg,4,751,392,59,116,-1,-1,-1,-1
5, 31740.jpg,5,241,425,42,104,-1,-1,-1,-1
5, 31740.jpg,6,391,355,36,97,-1,-1,-1,-1
5, 31740.jpg,7,688,330,44,101,-1,-1,-1,-1
5, 31740.jpg,8,291,399,64,114,-1,-1,-1,-1
5, 31740.jpg,9,235,329,51,98,-1,-1,-1,-1
5, 31740.jpg,10,458,332,43,106,-1,-1,-1,-1
5, 31740.jpg,12,646,374,41,112,-1,-1,-1,-1
6, 31741.jpg,1,770,331,39,90,-1,-1,-1,-1
6, 31741.jpg,2,603,391,63,124,-1,-1,-1,-1
6, 31741.jpg,3,395,437,55,125,-1,-1,-1,-1
6, 31741.jpg,4,750,391,58,116,-1,-1,-1,-1
6, 31741.jpg,5,239,424,43,105,-1,-1,-1,-1
6, 31741.jpg,6,389,355,37,97,-1,-1,-1,-1
6, 31741.jpg,7,690,330,45,105,-1,-1,-1,-1
6, 31741.jpg,8,293,399,63,113,-1,-1,-1,-1
6, 31741.jpg,9,232,330,51,98,-1,-1,-1,-1
6, 31741.jpg,10,459,333,43,105,-1,-1,-1,-1
6, 31741.jpg,12,644,373,41,113,-1,-1,-1,-1
7, 31742.jpg,1,777,328,42,94,-1,-1,-1,-1
7, 31742.jpg,2,623,382,62,122,-1,-1,-1,-1
7, 31742.jpg,3,393,435,54,125,-1,-1,-1,-1
7, 31742.jpg,4,749,396,55,110,-1,-1,-1,-1
7, 31742.jpg,5,237,425,43,104,-1,-1,-1,-1
7, 31742.jpg,6,388,355,38,100,-1,-1,-1,-1
7, 31742.jpg,7,692,332,44,104,-1,-1,-1,-1
7, 31742.jpg,8,295,398,63,113,-1,-1,-1,-1
7, 31742.jpg,9,232,330,51,99,-1,-1,-1,-1
7, 31742.jpg,10,461,333,43,105,-1,-1,-1,-1
7, 31742.jpg,12,644,372,42,115,-1,-1,-1,-1
8, 31743.jpg,1,779,329,42,95,-1,-1,-1,-1
8, 31743.jpg,2,619,386,63,123,-1,-1,-1,-1
8, 31743.jpg,3,395,436,51,119,-1,-1,-1,-1
8, 31743.jpg,4,747,399,53,106,-1,-1,-1,-1
8, 31743.jpg,5,235,425,44,103,-1,-1,-1,-1
8, 31743.jpg,6,385,355,38,103,-1,-1,-1,-1
8, 31743.jpg,7,692,333,42,102,-1,-1,-1,-1
8, 31743.jpg,8,298,397,63,113,-1,-1,-1,-1
8, 31743.jpg,9,230,331,50,99,-1,-1,-1,-1
8, 31743.jpg,10,461,334,42,103,-1,-1,-1,-1
9, 31744.jpg,1,785,328,42,95,-1,-1,-1,-1
9, 31744.jpg,2,621,383,65,128,-1,-1,-1,-1
9, 31744.jpg,3,393,435,51,118,-1,-1,-1,-1
9, 31744.jpg,4,745,403,51,100,-1,-1,-1,-1
9, 31744.jpg,5,234,424,45,105,-1,-1,-1,-1
9, 31744.jpg,6,383,356,39,104,-1,-1,-1,-1
9, 31744.jpg,7,693,337,41,98,-1,-1,-1,-1
9, 31744.jpg,8,301,397,62,113,-1,-1,-1,-1
9, 31744.jpg,9,229,331,51,100,-1,-1,-1,-1
9, 31744.jpg,10,460,334,44,106,-1,-1,-1,-1
10, 31745.jpg,1,789,327,42,97,-1,-1,-1,-1
10, 31745.jpg,2,624,379,67,132,-1,-1,-1,-1
10, 31745.jpg,3,391,435,50,117,-1,-1,-1,-1
10, 31745.jpg,4,744,395,54,106,-1,-1,-1,-1
10, 31745.jpg,5,232,424,46,105,-1,-1,-1,-1
10, 31745.jpg,6,383,356,40,106,-1,-1,-1,-1
10, 31745.jpg,7,696,339,40,94,-1,-1,-1,-1
10, 31745.jpg,8,303,396,61,113,-1,-1,-1,-1
10, 31745.jpg,9,228,330,49,101,-1,-1,-1,-1
10, 31745.jpg,10,461,335,44,107,-1,-1,-1,-1
11, 31746.jpg,1,791,326,44,99,-1,-1,-1,-1
11, 31746.jpg,2,628,383,64,125,-1,-1,-1,-1
11, 31746.jpg,3,392,433,49,119,-1,-1,-1,-1
11, 31746.jpg,4,744,392,54,106,-1,-1,-1,-1
11, 31746.jpg,5,230,425,49,106,-1,-1,-1,-1
11, 31746.jpg,6,381,356,42,109,-1,-1,-1,-1
11, 31746.jpg,7,698,340,40,95,-1,-1,-1,-1
11, 31746.jpg,8,306,396,60,112,-1,-1,-1,-1
11, 31746.jpg,9,228,330,49,102,-1,-1,-1,-1
11, 31746.jpg,10,462,336,45,109,-1,-1,-1,-1
11, 31746.jpg,13,749,366,41,83,-1,-1,-1,-1
12, 31747.jpg,1,793,325,43,99,-1,-1,-1,-1
12, 31747.jpg,2,634,381,63,126,-1,-1,-1,-1
12, 31747.jpg,3,390,429,50,122,-1,-1,-1,-1
12, 31747.jpg,4,744,400,50,99,-1,-1,-1,-1
12, 31747.jpg,5,229,425,50,106,-1,-1,-1,-1
12, 31747.jpg,6,381,357,41,107,-1,-1,-1,-1
12, 31747.jpg,7,700,341,40,96,-1,-1,-1,-1
12, 31747.jpg,8,309,396,60,113,-1,-1,-1,-1
12, 31747.jpg,9,227,331,47,101,-1,-1,-1,-1
12, 31747.jpg,10,464,336,45,112,-1,-1,-1,-1
12, 31747.jpg,13,750,369,37,76,-1,-1,-1,-1
13, 31748.jpg,1,795,324,43,100,-1,-1,-1,-1
13, 31748.jpg,2,639,387,59,118,-1,-1,-1,-1
13, 31748.jpg,3,388,427,50,123,-1,-1,-1,-1
13, 31748.jpg,4,742,401,50,97,-1,-1,-1,-1
13, 31748.jpg,5,227,426,51,105,-1,-1,-1,-1
13, 31748.jpg,6,382,358,41,106,-1,-1,-1,-1
13, 31748.jpg,7,700,340,41,100,-1,-1,-1,-1
13, 31748.jpg,8,312,395,59,113,-1,-1,-1,-1
13, 31748.jpg,9,226,331,47,100,-1,-1,-1,-1
13, 31748.jpg,10,465,338,46,112,-1,-1,-1,-1
13, 31748.jpg,13,747,370,38,78,-1,-1,-1,-1
14, 31749.jpg,1,798,325,42,98,-1,-1,-1,-1
14, 31749.jpg,2,646,380,59,122,-1,-1,-1,-1
14, 31749.jpg,3,388,428,49,121,-1,-1,-1,-1
14, 31749.jpg,4,741,406,47,92,-1,-1,-1,-1
14, 31749.jpg,5,227,426,52,105,-1,-1,-1,-1
14, 31749.jpg,6,382,359,40,105,-1,-1,-1,-1
14, 31749.jpg,7,703,339,42,106,-1,-1,-1,-1
14, 31749.jpg,8,318,394,57,114,-1,-1,-1,-1
14, 31749.jpg,9,226,332,47,101,-1,-1,-1,-1
14, 31749.jpg,10,465,339,47,113,-1,-1,-1,-1
14, 31749.jpg,13,744,366,40,83,-1,-1,-1,-1
15, 31750.jpg,1,802,323,42,100,-1,-1,-1,-1
15, 31750.jpg,2,649,380,60,122,-1,-1,-1,-1
15, 31750.jpg,3,388,426,49,123,-1,-1,-1,-1
15, 31750.jpg,4,740,407,46,91,-1,-1,-1,-1
15, 31750.jpg,5,224,426,54,104,-1,-1,-1,-1
15, 31750.jpg,6,383,360,39,102,-1,-1,-1,-1
15, 31750.jpg,7,703,341,43,107,-1,-1,-1,-1
15, 31750.jpg,8,324,396,55,112,-1,-1,-1,-1
15, 31750.jpg,9,226,334,46,100,-1,-1,-1,-1
15, 31750.jpg,10,467,340,46,112,-1,-1,-1,-1
15, 31750.jpg,12,668,374,31,80,-1,-1,-1,-1
15, 31750.jpg,13,731,366,50,105,-1,-1,-1,-1
16, 31751.jpg,1,807,324,42,100,-1,-1,-1,-1
16, 31751.jpg,3,388,429,49,120,-1,-1,-1,-1
16, 31751.jpg,4,741,411,43,85,-1,-1,-1,-1
16, 31751.jpg,5,222,425,54,106,-1,-1,-1,-1
16, 31751.jpg,6,384,361,38,101,-1,-1,-1,-1
16, 31751.jpg,7,704,343,43,109,-1,-1,-1,-1
16, 31751.jpg,8,329,398,52,110,-1,-1,-1,-1
16, 31751.jpg,9,226,335,46,100,-1,-1,-1,-1
16, 31751.jpg,10,467,342,46,109,-1,-1,-1,-1
16, 31751.jpg,12,669,373,35,90,-1,-1,-1,-1
16, 31751.jpg,13,725,363,53,112,-1,-1,-1,-1
17, 31752.jpg,1,811,324,41,100,-1,-1,-1,-1
17, 31752.jpg,2,656,372,61,130,-1,-1,-1,-1
17, 31752.jpg,3,389,429,48,117,-1,-1,-1,-1
17, 31752.jpg,4,740,412,42,84,-1,-1,-1,-1
17, 31752.jpg,5,221,425,55,106,-1,-1,-1,-1
17, 31752.jpg,6,384,363,38,99,-1,-1,-1,-1
17, 31752.jpg,7,709,347,42,105,-1,-1,-1,-1
17, 31752.jpg,8,333,399,52,111,-1,-1,-1,-1
17, 31752.jpg,9,227,335,47,101,-1,-1,-1,-1
17, 31752.jpg,10,468,343,45,108,-1,-1,-1,-1
17, 31752.jpg,12,671,372,35,90,-1,-1,-1,-1
17, 31752.jpg,13,724,364,53,114,-1,-1,-1,-1
18, 31753.jpg,1,815,324,40,100,-1,-1,-1,-1
18, 31753.jpg,2,659,366,62,135,-1,-1,-1,-1
18, 31753.jpg,3,388,427,51,123,-1,-1,-1,-1
18, 31753.jpg,5,219,425,54,105,-1,-1,-1,-1
18, 31753.jpg,6,385,363,38,99,-1,-1,-1,-1
18, 31753.jpg,7,713,349,40,102,-1,-1,-1,-1
18, 31753.jpg,8,338,397,51,113,-1,-1,-1,-1
18, 31753.jpg,9,227,334,47,104,-1,-1,-1,-1
18, 31753.jpg,10,469,344,44,107,-1,-1,-1,-1
18, 31753.jpg,13,727,372,52,112,-1,-1,-1,-1
19, 31754.jpg,1,820,321,41,103,-1,-1,-1,-1
19, 31754.jpg,2,662,366,61,137,-1,-1,-1,-1
19, 31754.jpg,3,387,424,52,127,-1,-1,-1,-1
19, 31754.jpg,5,217,424,54,105,-1,-1,-1,-1
19, 31754.jpg,6,385,363,38,97,-1,-1,-1,-1
19, 31754.jpg,7,726,357,38,95,-1,-1,-1,-1
19, 31754.jpg,8,343,397,49,111,-1,-1,-1,-1
19, 31754.jpg,9,226,335,48,104,-1,-1,-1,-1
19, 31754.jpg,10,470,345,44,104,-1,-1,-1,-1
19, 31754.jpg,13,725,372,52,116,-1,-1,-1,-1
20, 31755.jpg,1,824,322,40,102,-1,-1,-1,-1
20, 31755.jpg,2,679,363,57,128,-1,-1,-1,-1
20, 31755.jpg,3,386,423,52,127,-1,-1,-1,-1
20, 31755.jpg,5,216,423,52,105,-1,-1,-1,-1
20, 31755.jpg,6,374,372,40,102,-1,-1,-1,-1
20, 31755.jpg,7,736,355,36,88,-1,-1,-1,-1
20, 31755.jpg,8,346,397,49,111,-1,-1,-1,-1
20, 31755.jpg,9,226,335,47,103,-1,-1,-1,-1
20, 31755.jpg,10,470,346,43,102,-1,-1,-1,-1
20, 31755.jpg,13,730,388,46,106,-1,-1,-1,-1
21, 31756.jpg,1,829,323,40,102,-1,-1,-1,-1
21, 31756.jpg,2,689,357,54,114,-1,-1,-1,-1
21, 31756.jpg,3,377,408,52,124,-1,-1,-1,-1
21, 31756.jpg,5,215,424,52,104,-1,-1,-1,-1
21, 31756.jpg,6,379,364,38,98,-1,-1,-1,-1
21, 31756.jpg,7,748,361,33,82,-1,-1,-1,-1
21, 31756.jpg,9,226,336,46,102,-1,-1,-1,-1
21, 31756.jpg,10,471,347,41,100,-1,-1,-1,-1
21, 31756.jpg,13,729,374,51,116,-1,-1,-1,-1
22, 31757.jpg,1,833,323,40,101,-1,-1,-1,-1
22, 31757.jpg,2,677,359,61,135,-1,-1,-1,-1
22, 31757.jpg,3,384,415,51,123,-1,-1,-1,-1
22, 31757.jpg,5,215,425,51,102,-1,-1,-1,-1
22, 31757.jpg,6,375,374,39,100,-1,-1,-1,-1
22, 31757.jpg,7,738,359,34,84,-1,-1,-1,-1
22, 31757.jpg,9,225,337,47,102,-1,-1,-1,-1
22, 31757.jpg,10,472,347,41,102,-1,-1,-1,-1
22, 31757.jpg,13,728,372,52,117,-1,-1,-1,-1
23, 31758.jpg,1,838,324,40,100,-1,-1,-1,-1
23, 31758.jpg,2,689,359,59,130,-1,-1,-1,-1
23, 31758.jpg,3,381,414,51,123,-1,-1,-1,-1
23, 31758.jpg,5,216,426,50,100,-1,-1,-1,-1
23, 31758.jpg,6,378,375,39,98,-1,-1,-1,-1
23, 31758.jpg,7,741,360,34,83,-1,-1,-1,-1
23, 31758.jpg,8,359,400,49,110,-1,-1,-1,-1
23, 31758.jpg,9,224,336,48,105,-1,-1,-1,-1
23, 31758.jpg,10,471,348,42,104,-1,-1,-1,-1
23, 31758.jpg,12,724,359,43,101,-1,-1,-1,-1
23, 31758.jpg,13,736,381,48,114,-1,-1,-1,-1
24, 31759.jpg,1,840,325,41,100,-1,-1,-1,-1
24, 31759.jpg,2,695,357,60,131,-1,-1,-1,-1
24, 31759.jpg,3,389,417,50,120,-1,-1,-1,-1
24, 31759.jpg,4,734,368,59,121,-1,-1,-1,-1
24, 31759.jpg,5,216,427,50,100,-1,-1,-1,-1
24, 31759.jpg,6,377,381,39,98,-1,-1,-1,-1
24, 31759.jpg,8,363,400,48,110,-1,-1,-1,-1
24, 31759.jpg,9,223,337,47,104,-1,-1,-1,-1
24, 31759.jpg,10,473,347,43,107,-1,-1,-1,-1
24, 31759.jpg,12,731,358,42,101,-1,-1,-1,-1
24, 31759.jpg,13,741,382,46,114,-1,-1,-1,-1
25, 31760.jpg,1,844,325,41,100,-1,-1,-1,-1
25, 31760.jpg,2,699,356,60,131,-1,-1,-1,-1
25, 31760.jpg,3,389,416,50,120,-1,-1,-1,-1
25, 31760.jpg,4,733,364,60,124,-1,-1,-1,-1
25, 31760.jpg,5,215,427,50,100,-1,-1,-1,-1
25, 31760.jpg,6,376,382,40,98,-1,-1,-1,-1
25, 31760.jpg,9,222,337,47,105,-1,-1,-1,-1
25, 31760.jpg,10,474,348,43,107,-1,-1,-1,-1
25, 31760.jpg,13,741,383,47,116,-1,-1,-1,-1
