2, 12447.jpg,1,724,324,54,80,-1,-1,-1,-1
2, 12447.jpg,2,813,328,34,116,-1,-1,-1,-1
2, 12447.jpg,3,265,372,46,108,-1,-1,-1,-1
2, 12447.jpg,4,715,414,66,107,-1,-1,-1,-1
2, 12447.jpg,5,641,305,35,133,-1,-1,-1,-1
2, 12447.jpg,6,855,328,50,67,-1,-1,-1,-1
2, 12447.jpg,7,320,415,57,95,-1,-1,-1,-1
2, 12447.jpg,8,689,346,44,76,-1,-1,-1,-1
2, 12447.jpg,9,864,426,59,106,-1,-1,-1,-1
2, 12447.jpg,10,469,432,78,92,-1,-1,-1,-1
2, 12447.jpg,11,379,341,48,87,-1,-1,-1,-1
3, 12448.jpg,1,725,324,55,82,-1,-1,-1,-1
3, 12448.jpg,2,812,335,34,116,-1,-1,-1,-1
3, 12448.jpg,3,269,374,45,107,-1,-1,-1,-1
3, 12448.jpg,4,718,414,66,108,-1,-1,-1,-1
3, 12448.jpg,5,647,303,34,129,-1,-1,-1,-1
3, 12448.jpg,6,858,327,52,70,-1,-1,-1,-1
3, 12448.jpg,7,322,414,59,98,-1,-1,-1,-1
3, 12448.jpg,8,689,344,47,78,-1,-1,-1,-1
3, 12448.jpg,9,873,421,60,110,-1,-1,-1,-1
3, 12448.jpg,10,471,432,75,89,-1,-1,-1,-1
3, 12448.jpg,11,389,343,47,87,-1,-1,-1,-1
4, 12449.jpg,1,727,327,54,80,-1,-1,-1,-1
4, 12449.jpg,2,814,351,31,104,-1,-1,-1,-1
4, 12449.jpg,3,276,374,45,105,-1,-1,-1,-1
4, 12449.jpg,4,721,415,65,107,-1,-1,-1,-1
4, 12449.jpg,5,651,305,35,129,-1,-1,-1,-1
4, 12449.jpg,6,860,326,53,71,-1,-1,-1,-1
4, 12449.jpg,7,324,415,60,99,-1,-1,-1,-1
4, 12449.jpg,8,695,343,47,79,-1,-1,-1,-1
4, 12449.jpg,9,884,418,60,111,-1,-1,-1,-1
4, 12449.jpg,10,474,430,75,89,-1,-1,-1,-1
4, 12449.jpg,11,397,346,46,86,-1,-1,-1,-1
5, 12450.jpg,1,718,335,52,76,-1,-1,-1,-1
5, 12450.jpg,2,815,357,30,102,-1,-1,-1,-1
5, 12450.jpg,3,281,376,44,106,-1,-1,-1,-1
5, 12450.jpg,4,724,415,65,107,-1,-1,-1,-1
5, 12450.jpg,5,655,304,35,130,-1,-1,-1,-1
5, 12450.jpg,6,865,326,51,69,-1,-1,-1,-1
5, 12450.jpg,7,329,413,58,100,-1,-1,-1,-1
5, 12450.jpg,8,698,342,47,79,-1,-1,-1,-1
5, 12450.jpg,9,893,416,59,111,-1,-1,-1,-1
5, 12450.jpg,10,477,432,73,86,-1,-1,-1,-1
5, 12450.jpg,11,405,349,46,83,-1,-1,-1,-1
6, 12451.jpg,1,716,334,54,79,-1,-1,-1,-1
6, 12451.jpg,2,817,364,29,97,-1,-1,-1,-1
6, 12451.jpg,3,286,379,43,103,-1,-1,-1,-1
6, 12451.jpg,4,727,415,65,106,-1,-1,-1,-1
6, 12451.jpg,5,659,306,35,128,-1,-1,-1,-1
6, 12451.jpg,6,869,326,50,69,-1,-1,-1,-1
6, 12451.jpg,7,332,411,58,100,-1,-1,-1,-1
6, 12451.jpg,9,903,415,58,108,-1,-1,-1,-1
6, 12451.jpg,10,477,431,72,85,-1,-1,-1,-1
6, 12451.jpg,11,412,353,43,79,-1,-1,-1,-1
7, 12452.jpg,1,708,338,53,77,-1,-1,-1,-1
7, 12452.jpg,2,819,372,27,87,-1,-1,-1,-1
7, 12452.jpg,3,290,383,42,99,-1,-1,-1,-1
7, 12452.jpg,4,732,416,63,105,-1,-1,-1,-1
7, 12452.jpg,5,662,306,37,136,-1,-1,-1,-1
7, 12452.jpg,6,872,325,51,70,-1,-1,-1,-1
7, 12452.jpg,7,334,408,59,102,-1,-1,-1,-1
7, 12452.jpg,9,914,415,55,104,-1,-1,-1,-1
7, 12452.jpg,10,481,433,72,85,-1,-1,-1,-1
7, 12452.jpg,11,416,357,42,75,-1,-1,-1,-1
8, 12453.jpg,1,706,338,54,79,-1,-1,-1,-1
8, 12453.jpg,2,820,372,28,88,-1,-1,-1,-1
8, 12453.jpg,3,296,385,41,96,-1,-1,-1,-1
8, 12453.jpg,4,734,417,63,104,-1,-1,-1,-1
8, 12453.jpg,5,664,309,38,138,-1,-1,-1,-1
8, 12453.jpg,6,876,324,52,72,-1,-1,-1,-1
8, 12453.jpg,7,336,404,59,105,-1,-1,-1,-1
8, 12453.jpg,8,740,328,47,79,-1,-1,-1,-1
8, 12453.jpg,9,923,415,54,103,-1,-1,-1,-1
8, 12453.jpg,10,485,433,71,85,-1,-1,-1,-1
8, 12453.jpg,11,423,359,41,73,-1,-1,-1,-1
9, 12454.jpg,1,706,336,55,82,-1,-1,-1,-1
9, 12454.jpg,2,822,372,29,88,-1,-1,-1,-1
9, 12454.jpg,3,300,385,42,98,-1,-1,-1,-1
9, 12454.jpg,4,737,416,62,104,-1,-1,-1,-1
9, 12454.jpg,5,667,307,39,144,-1,-1,-1,-1
9, 12454.jpg,6,880,324,52,73,-1,-1,-1,-1
9, 12454.jpg,7,339,401,59,105,-1,-1,-1,-1
9, 12454.jpg,8,750,327,46,79,-1,-1,-1,-1
9, 12454.jpg,9,935,417,53,101,-1,-1,-1,-1
9, 12454.jpg,10,487,432,71,85,-1,-1,-1,-1
9, 12454.jpg,11,426,361,41,71,-1,-1,-1,-1
10, 12455.jpg,1,710,334,52,80,-1,-1,-1,-1
10, 12455.jpg,2,824,372,30,87,-1,-1,-1,-1
10, 12455.jpg,3,303,386,42,98,-1,-1,-1,-1
10, 12455.jpg,4,738,414,64,106,-1,-1,-1,-1
10, 12455.jpg,5,673,310,39,147,-1,-1,-1,-1
10, 12455.jpg,6,884,325,50,71,-1,-1,-1,-1
10, 12455.jpg,7,345,399,58,105,-1,-1,-1,-1
10, 12455.jpg,8,753,325,48,82,-1,-1,-1,-1
10, 12455.jpg,9,943,418,53,100,-1,-1,-1,-1
10, 12455.jpg,10,490,430,71,86,-1,-1,-1,-1
10, 12455.jpg,11,431,361,40,69,-1,-1,-1,-1
11, 12456.jpg,1,709,335,52,80,-1,-1,-1,-1
11, 12456.jpg,2,825,367,34,94,-1,-1,-1,-1
11, 12456.jpg,3,305,386,42,97,-1,-1,-1,-1
11, 12456.jpg,4,740,412,64,107,-1,-1,-1,-1
11, 12456.jpg,5,677,324,36,132,-1,-1,-1,-1
11, 12456.jpg,6,887,325,50,71,-1,-1,-1,-1
11, 12456.jpg,7,348,396,59,105,-1,-1,-1,-1
11, 12456.jpg,8,744,328,50,82,-1,-1,-1,-1
11, 12456.jpg,9,952,419,52,97,-1,-1,-1,-1
11, 12456.jpg,10,493,427,73,89,-1,-1,-1,-1
11, 12456.jpg,11,433,358,41,70,-1,-1,-1,-1
12, 12457.jpg,1,719,332,54,83,-1,-1,-1,-1
12, 12457.jpg,2,826,365,36,99,-1,-1,-1,-1
12, 12457.jpg,3,309,387,41,94,-1,-1,-1,-1
12, 12457.jpg,4,744,411,65,109,-1,-1,-1,-1
12, 12457.jpg,5,682,335,31,118,-1,-1,-1,-1
12, 12457.jpg,6,891,322,51,74,-1,-1,-1,-1
12, 12457.jpg,7,352,394,58,105,-1,-1,-1,-1
12, 12457.jpg,8,754,324,50,84,-1,-1,-1,-1
12, 12457.jpg,9,959,421,52,94,-1,-1,-1,-1
12, 12457.jpg,10,498,425,74,91,-1,-1,-1,-1
12, 12457.jpg,11,438,356,42,70,-1,-1,-1,-1
13, 12458.jpg,1,725,328,53,85,-1,-1,-1,-1
13, 12458.jpg,2,828,365,37,100,-1,-1,-1,-1
13, 12458.jpg,3,312,386,42,96,-1,-1,-1,-1
13, 12458.jpg,4,747,411,63,107,-1,-1,-1,-1
13, 12458.jpg,5,688,343,31,112,-1,-1,-1,-1
13, 12458.jpg,6,894,322,52,74,-1,-1,-1,-1
13, 12458.jpg,7,356,393,58,102,-1,-1,-1,-1
13, 12458.jpg,8,758,321,50,84,-1,-1,-1,-1
13, 12458.jpg,9,966,422,53,93,-1,-1,-1,-1
13, 12458.jpg,10,499,420,75,94,-1,-1,-1,-1
13, 12458.jpg,11,441,353,43,72,-1,-1,-1,-1
14, 12459.jpg,1,729,327,53,85,-1,-1,-1,-1
14, 12459.jpg,2,831,365,38,101,-1,-1,-1,-1
14, 12459.jpg,3,316,385,42,96,-1,-1,-1,-1
14, 12459.jpg,4,746,407,66,113,-1,-1,-1,-1
14, 12459.jpg,5,690,343,31,110,-1,-1,-1,-1
14, 12459.jpg,6,898,321,52,74,-1,-1,-1,-1
14, 12459.jpg,7,359,393,58,101,-1,-1,-1,-1
14, 12459.jpg,8,761,320,50,85,-1,-1,-1,-1
14, 12459.jpg,9,972,421,52,93,-1,-1,-1,-1
14, 12459.jpg,10,501,416,76,97,-1,-1,-1,-1
14, 12459.jpg,11,443,350,43,72,-1,-1,-1,-1
15, 12460.jpg,1,732,328,53,86,-1,-1,-1,-1
15, 12460.jpg,2,835,367,39,99,-1,-1,-1,-1
15, 12460.jpg,3,319,384,42,95,-1,-1,-1,-1
15, 12460.jpg,4,746,404,66,116,-1,-1,-1,-1
15, 12460.jpg,5,692,340,32,115,-1,-1,-1,-1
15, 12460.jpg,6,901,318,53,76,-1,-1,-1,-1
15, 12460.jpg,7,363,392,60,103,-1,-1,-1,-1
15, 12460.jpg,8,767,320,49,83,-1,-1,-1,-1
15, 12460.jpg,9,975,418,55,96,-1,-1,-1,-1
15, 12460.jpg,10,499,412,77,99,-1,-1,-1,-1
15, 12460.jpg,11,444,347,47,76,-1,-1,-1,-1
16, 12461.jpg,1,734,327,53,87,-1,-1,-1,-1
16, 12461.jpg,2,838,367,39,100,-1,-1,-1,-1
16, 12461.jpg,3,321,382,42,96,-1,-1,-1,-1
16, 12461.jpg,4,749,405,63,113,-1,-1,-1,-1
16, 12461.jpg,5,693,337,33,119,-1,-1,-1,-1
16, 12461.jpg,6,905,317,52,76,-1,-1,-1,-1
16, 12461.jpg,7,365,387,64,106,-1,-1,-1,-1
16, 12461.jpg,8,762,319,52,87,-1,-1,-1,-1
16, 12461.jpg,9,981,414,56,98,-1,-1,-1,-1
16, 12461.jpg,10,499,409,75,99,-1,-1,-1,-1
16, 12461.jpg,11,448,343,47,77,-1,-1,-1,-1
17, 12462.jpg,2,840,368,41,100,-1,-1,-1,-1
17, 12462.jpg,3,326,381,43,95,-1,-1,-1,-1
17, 12462.jpg,4,750,406,60,110,-1,-1,-1,-1
17, 12462.jpg,5,694,334,33,119,-1,-1,-1,-1
17, 12462.jpg,6,906,316,53,76,-1,-1,-1,-1
17, 12462.jpg,7,370,390,63,101,-1,-1,-1,-1
17, 12462.jpg,8,766,315,54,89,-1,-1,-1,-1
17, 12462.jpg,9,985,410,56,101,-1,-1,-1,-1
17, 12462.jpg,10,497,406,74,101,-1,-1,-1,-1
17, 12462.jpg,11,450,338,49,80,-1,-1,-1,-1
18, 12463.jpg,2,842,369,42,99,-1,-1,-1,-1
18, 12463.jpg,3,325,378,46,100,-1,-1,-1,-1
18, 12463.jpg,4,751,404,59,113,-1,-1,-1,-1
18, 12463.jpg,5,695,330,35,125,-1,-1,-1,-1
18, 12463.jpg,6,908,316,54,75,-1,-1,-1,-1
18, 12463.jpg,7,376,393,62,98,-1,-1,-1,-1
18, 12463.jpg,8,767,312,55,90,-1,-1,-1,-1
18, 12463.jpg,9,989,406,56,103,-1,-1,-1,-1
18, 12463.jpg,10,494,406,72,99,-1,-1,-1,-1
18, 12463.jpg,11,451,335,50,81,-1,-1,-1,-1
19, 12464.jpg,2,844,368,44,102,-1,-1,-1,-1
19, 12464.jpg,3,344,384,48,96,-1,-1,-1,-1
19, 12464.jpg,4,752,403,58,115,-1,-1,-1,-1
19, 12464.jpg,5,693,330,33,113,-1,-1,-1,-1
19, 12464.jpg,6,910,314,54,77,-1,-1,-1,-1
19, 12464.jpg,7,380,393,62,97,-1,-1,-1,-1
19, 12464.jpg,8,767,311,55,91,-1,-1,-1,-1
19, 12464.jpg,9,994,404,54,103,-1,-1,-1,-1
19, 12464.jpg,10,492,406,70,99,-1,-1,-1,-1
19, 12464.jpg,11,453,333,50,81,-1,-1,-1,-1
20, 12465.jpg,2,846,368,45,102,-1,-1,-1,-1
20, 12465.jpg,3,350,385,48,95,-1,-1,-1,-1
20, 12465.jpg,4,752,401,57,117,-1,-1,-1,-1
20, 12465.jpg,5,693,330,35,118,-1,-1,-1,-1
20, 12465.jpg,6,912,313,55,77,-1,-1,-1,-1
20, 12465.jpg,7,386,392,64,98,-1,-1,-1,-1
20, 12465.jpg,8,762,314,55,90,-1,-1,-1,-1
20, 12465.jpg,9,998,402,53,104,-1,-1,-1,-1
20, 12465.jpg,10,489,405,71,102,-1,-1,-1,-1
20, 12465.jpg,11,453,332,50,80,-1,-1,-1,-1
21, 12466.jpg,2,847,368,47,101,-1,-1,-1,-1
21, 12466.jpg,4,753,403,54,113,-1,-1,-1,-1
21, 12466.jpg,5,691,330,36,116,-1,-1,-1,-1
21, 12466.jpg,6,912,311,57,80,-1,-1,-1,-1
21, 12466.jpg,7,389,391,65,99,-1,-1,-1,-1
21, 12466.jpg,8,759,315,55,91,-1,-1,-1,-1
21, 12466.jpg,9,1001,401,52,104,-1,-1,-1,-1
21, 12466.jpg,10,487,406,71,103,-1,-1,-1,-1
21, 12466.jpg,11,453,331,51,81,-1,-1,-1,-1
22, 12467.jpg,2,848,364,49,105,-1,-1,-1,-1
22, 12467.jpg,4,754,403,52,114,-1,-1,-1,-1
22, 12467.jpg,5,689,330,38,118,-1,-1,-1,-1
22, 12467.jpg,6,912,310,58,82,-1,-1,-1,-1
22, 12467.jpg,7,395,389,67,102,-1,-1,-1,-1
22, 12467.jpg,8,748,317,59,99,-1,-1,-1,-1
22, 12467.jpg,9,1002,400,52,105,-1,-1,-1,-1
22, 12467.jpg,10,483,407,72,105,-1,-1,-1,-1
22, 12467.jpg,11,452,332,51,81,-1,-1,-1,-1
22, 12467.jpg,14,320,377,54,101,-1,-1,-1,-1
23, 12468.jpg,2,850,364,51,105,-1,-1,-1,-1
23, 12468.jpg,4,754,404,50,112,-1,-1,-1,-1
23, 12468.jpg,5,688,328,39,121,-1,-1,-1,-1
23, 12468.jpg,6,911,310,59,83,-1,-1,-1,-1
23, 12468.jpg,7,400,386,68,106,-1,-1,-1,-1
23, 12468.jpg,8,744,322,60,104,-1,-1,-1,-1
23, 12468.jpg,9,1004,401,51,105,-1,-1,-1,-1
23, 12468.jpg,10,481,409,72,104,-1,-1,-1,-1
23, 12468.jpg,11,451,332,52,81,-1,-1,-1,-1
23, 12468.jpg,14,317,378,55,102,-1,-1,-1,-1
24, 12469.jpg,2,856,363,50,105,-1,-1,-1,-1
24, 12469.jpg,4,753,404,49,113,-1,-1,-1,-1
24, 12469.jpg,5,685,327,41,122,-1,-1,-1,-1
24, 12469.jpg,6,910,310,59,84,-1,-1,-1,-1
24, 12469.jpg,7,407,385,68,109,-1,-1,-1,-1
24, 12469.jpg,8,742,319,61,109,-1,-1,-1,-1
24, 12469.jpg,9,1005,402,50,105,-1,-1,-1,-1
24, 12469.jpg,10,481,409,71,103,-1,-1,-1,-1
24, 12469.jpg,11,452,333,51,79,-1,-1,-1,-1
24, 12469.jpg,14,314,377,56,103,-1,-1,-1,-1
25, 12470.jpg,1,749,310,52,90,-1,-1,-1,-1
25, 12470.jpg,2,860,361,51,107,-1,-1,-1,-1
25, 12470.jpg,4,752,400,50,115,-1,-1,-1,-1
25, 12470.jpg,5,685,329,41,119,-1,-1,-1,-1
25, 12470.jpg,6,909,309,59,87,-1,-1,-1,-1
25, 12470.jpg,7,413,385,68,112,-1,-1,-1,-1
25, 12470.jpg,8,742,334,56,101,-1,-1,-1,-1
25, 12470.jpg,9,1006,404,49,104,-1,-1,-1,-1
25, 12470.jpg,10,479,410,72,103,-1,-1,-1,-1
25, 12470.jpg,11,451,334,51,78,-1,-1,-1,-1
25, 12470.jpg,14,312,376,56,104,-1,-1,-1,-1
26, 12471.jpg,1,751,309,50,92,-1,-1,-1,-1
26, 12471.jpg,2,865,361,51,107,-1,-1,-1,-1
26, 12471.jpg,4,752,400,49,114,-1,-1,-1,-1
26, 12471.jpg,5,682,329,42,119,-1,-1,-1,-1
26, 12471.jpg,6,909,307,59,89,-1,-1,-1,-1
26, 12471.jpg,7,420,386,67,113,-1,-1,-1,-1
26, 12471.jpg,8,739,331,56,104,-1,-1,-1,-1
26, 12471.jpg,9,1006,406,47,101,-1,-1,-1,-1
26, 12471.jpg,10,477,412,71,101,-1,-1,-1,-1
26, 12471.jpg,11,449,333,53,81,-1,-1,-1,-1
26, 12471.jpg,14,309,374,56,104,-1,-1,-1,-1
27, 12472.jpg,1,747,312,48,92,-1,-1,-1,-1
27, 12472.jpg,2,869,358,52,111,-1,-1,-1,-1
27, 12472.jpg,4,751,389,43,102,-1,-1,-1,-1
27, 12472.jpg,5,681,329,42,116,-1,-1,-1,-1
27, 12472.jpg,6,909,306,58,89,-1,-1,-1,-1
27, 12472.jpg,7,428,388,64,111,-1,-1,-1,-1
27, 12472.jpg,8,739,332,56,105,-1,-1,-1,-1
27, 12472.jpg,9,1005,407,46,99,-1,-1,-1,-1
27, 12472.jpg,10,474,414,71,99,-1,-1,-1,-1
27, 12472.jpg,11,449,332,53,80,-1,-1,-1,-1
27, 12472.jpg,14,306,372,56,105,-1,-1,-1,-1
28, 12473.jpg,1,748,311,48,93,-1,-1,-1,-1
28, 12473.jpg,2,874,357,52,113,-1,-1,-1,-1
28, 12473.jpg,4,751,395,46,110,-1,-1,-1,-1
28, 12473.jpg,5,682,340,39,105,-1,-1,-1,-1
28, 12473.jpg,6,910,305,56,89,-1,-1,-1,-1
28, 12473.jpg,7,430,394,60,105,-1,-1,-1,-1
28, 12473.jpg,8,737,331,57,107,-1,-1,-1,-1
28, 12473.jpg,9,1004,406,46,99,-1,-1,-1,-1
28, 12473.jpg,10,472,417,70,96,-1,-1,-1,-1
28, 12473.jpg,11,448,332,53,81,-1,-1,-1,-1
28, 12473.jpg,14,304,372,54,100,-1,-1,-1,-1
29, 12474.jpg,1,754,308,38,76,-1,-1,-1,-1
29, 12474.jpg,2,879,355,52,115,-1,-1,-1,-1
29, 12474.jpg,4,750,397,46,111,-1,-1,-1,-1
29, 12474.jpg,5,681,346,38,99,-1,-1,-1,-1
29, 12474.jpg,6,911,306,54,89,-1,-1,-1,-1
29, 12474.jpg,7,435,394,60,106,-1,-1,-1,-1
29, 12474.jpg,8,740,344,46,87,-1,-1,-1,-1
29, 12474.jpg,9,1002,405,47,100,-1,-1,-1,-1
29, 12474.jpg,10,457,412,73,98,-1,-1,-1,-1
29, 12474.jpg,11,450,332,52,80,-1,-1,-1,-1
29, 12474.jpg,14,302,371,54,101,-1,-1,-1,-1
29, 12474.jpg,15,660,309,54,90,-1,-1,-1,-1
30, 12475.jpg,1,755,306,38,76,-1,-1,-1,-1
30, 12475.jpg,2,884,356,51,114,-1,-1,-1,-1
30, 12475.jpg,4,750,400,44,109,-1,-1,-1,-1
30, 12475.jpg,5,681,348,38,97,-1,-1,-1,-1
30, 12475.jpg,6,910,305,53,90,-1,-1,-1,-1
30, 12475.jpg,7,435,398,55,98,-1,-1,-1,-1
30, 12475.jpg,8,741,337,45,87,-1,-1,-1,-1
30, 12475.jpg,9,1000,404,47,101,-1,-1,-1,-1
30, 12475.jpg,10,450,413,72,97,-1,-1,-1,-1
30, 12475.jpg,11,450,332,52,79,-1,-1,-1,-1
30, 12475.jpg,14,299,370,55,102,-1,-1,-1,-1
30, 12475.jpg,15,660,312,54,92,-1,-1,-1,-1
31, 12476.jpg,1,745,314,41,83,-1,-1,-1,-1
31, 12476.jpg,2,891,360,47,109,-1,-1,-1,-1
31, 12476.jpg,4,748,387,41,100,-1,-1,-1,-1
31, 12476.jpg,5,670,331,45,110,-1,-1,-1,-1
31, 12476.jpg,6,912,304,53,92,-1,-1,-1,-1
31, 12476.jpg,7,438,402,53,96,-1,-1,-1,-1
31, 12476.jpg,8,741,338,44,86,-1,-1,-1,-1
31, 12476.jpg,9,998,405,47,99,-1,-1,-1,-1
31, 12476.jpg,10,446,413,74,101,-1,-1,-1,-1
31, 12476.jpg,11,450,332,51,79,-1,-1,-1,-1
31, 12476.jpg,14,294,370,56,105,-1,-1,-1,-1
31, 12476.jpg,15,655,310,54,91,-1,-1,-1,-1
32, 12477.jpg,1,744,316,40,83,-1,-1,-1,-1
32, 12477.jpg,2,897,363,46,105,-1,-1,-1,-1
32, 12477.jpg,4,746,379,42,102,-1,-1,-1,-1
32, 12477.jpg,5,670,340,43,103,-1,-1,-1,-1
32, 12477.jpg,6,914,305,50,90,-1,-1,-1,-1
32, 12477.jpg,7,442,403,53,96,-1,-1,-1,-1
32, 12477.jpg,9,997,405,46,99,-1,-1,-1,-1
32, 12477.jpg,10,438,410,76,106,-1,-1,-1,-1
32, 12477.jpg,11,450,331,51,80,-1,-1,-1,-1
32, 12477.jpg,14,290,370,57,106,-1,-1,-1,-1
32, 12477.jpg,15,651,307,51,86,-1,-1,-1,-1
32, 12477.jpg,17,129,280,47,91,-1,-1,-1,-1
33, 12478.jpg,1,743,316,40,83,-1,-1,-1,-1
33, 12478.jpg,2,902,363,46,105,-1,-1,-1,-1
33, 12478.jpg,4,747,393,43,107,-1,-1,-1,-1
33, 12478.jpg,5,664,338,46,103,-1,-1,-1,-1
33, 12478.jpg,6,917,305,48,89,-1,-1,-1,-1
33, 12478.jpg,8,735,346,53,104,-1,-1,-1,-1
33, 12478.jpg,9,995,406,47,99,-1,-1,-1,-1
33, 12478.jpg,10,434,409,75,106,-1,-1,-1,-1
33, 12478.jpg,11,449,331,51,81,-1,-1,-1,-1
33, 12478.jpg,14,285,368,58,110,-1,-1,-1,-1
33, 12478.jpg,15,646,307,50,87,-1,-1,-1,-1
33, 12478.jpg,17,128,281,46,90,-1,-1,-1,-1
34, 12479.jpg,2,905,363,46,105,-1,-1,-1,-1
34, 12479.jpg,4,747,401,42,108,-1,-1,-1,-1
34, 12479.jpg,5,664,347,44,94,-1,-1,-1,-1
34, 12479.jpg,6,920,307,44,83,-1,-1,-1,-1
34, 12479.jpg,8,735,344,52,108,-1,-1,-1,-1
34, 12479.jpg,9,994,407,48,99,-1,-1,-1,-1
34, 12479.jpg,10,431,409,75,106,-1,-1,-1,-1
34, 12479.jpg,11,448,331,52,83,-1,-1,-1,-1
34, 12479.jpg,14,281,369,57,108,-1,-1,-1,-1
34, 12479.jpg,15,645,304,50,88,-1,-1,-1,-1
34, 12479.jpg,17,127,280,47,92,-1,-1,-1,-1
35, 12480.jpg,1,742,315,37,80,-1,-1,-1,-1
35, 12480.jpg,2,908,362,48,108,-1,-1,-1,-1
35, 12480.jpg,4,746,406,42,106,-1,-1,-1,-1
35, 12480.jpg,5,660,349,47,92,-1,-1,-1,-1
35, 12480.jpg,6,922,307,42,78,-1,-1,-1,-1
35, 12480.jpg,8,734,345,53,110,-1,-1,-1,-1
35, 12480.jpg,9,992,406,48,102,-1,-1,-1,-1
35, 12480.jpg,10,432,409,73,104,-1,-1,-1,-1
35, 12480.jpg,11,447,331,53,83,-1,-1,-1,-1
35, 12480.jpg,14,278,368,56,106,-1,-1,-1,-1
35, 12480.jpg,15,640,302,49,88,-1,-1,-1,-1
35, 12480.jpg,17,127,279,47,92,-1,-1,-1,-1
36, 12481.jpg,1,741,315,38,82,-1,-1,-1,-1
36, 12481.jpg,2,911,361,48,107,-1,-1,-1,-1
36, 12481.jpg,4,746,407,41,106,-1,-1,-1,-1
36, 12481.jpg,5,657,348,49,93,-1,-1,-1,-1
36, 12481.jpg,6,924,309,37,72,-1,-1,-1,-1
36, 12481.jpg,9,990,407,49,100,-1,-1,-1,-1
36, 12481.jpg,10,429,408,73,105,-1,-1,-1,-1
36, 12481.jpg,11,446,330,53,84,-1,-1,-1,-1
36, 12481.jpg,14,273,368,57,105,-1,-1,-1,-1
36, 12481.jpg,15,639,315,51,90,-1,-1,-1,-1
36, 12481.jpg,17,127,279,46,91,-1,-1,-1,-1
37, 12482.jpg,1,740,317,36,80,-1,-1,-1,-1
37, 12482.jpg,2,916,365,46,102,-1,-1,-1,-1
37, 12482.jpg,4,746,410,40,104,-1,-1,-1,-1
37, 12482.jpg,5,653,347,50,94,-1,-1,-1,-1
37, 12482.jpg,6,925,310,39,77,-1,-1,-1,-1
37, 12482.jpg,8,738,370,46,95,-1,-1,-1,-1
37, 12482.jpg,9,990,408,47,99,-1,-1,-1,-1
37, 12482.jpg,10,421,408,77,112,-1,-1,-1,-1
37, 12482.jpg,11,445,329,53,84,-1,-1,-1,-1
37, 12482.jpg,14,270,367,58,106,-1,-1,-1,-1
37, 12482.jpg,15,636,317,54,98,-1,-1,-1,-1
37, 12482.jpg,17,127,279,46,90,-1,-1,-1,-1
38, 12483.jpg,1,739,314,34,78,-1,-1,-1,-1
38, 12483.jpg,2,921,370,44,95,-1,-1,-1,-1
38, 12483.jpg,4,745,411,40,104,-1,-1,-1,-1
38, 12483.jpg,5,647,344,51,94,-1,-1,-1,-1
38, 12483.jpg,6,927,311,39,78,-1,-1,-1,-1
38, 12483.jpg,8,739,370,45,98,-1,-1,-1,-1
38, 12483.jpg,9,989,408,47,99,-1,-1,-1,-1
38, 12483.jpg,10,416,411,76,107,-1,-1,-1,-1
38, 12483.jpg,11,444,328,52,84,-1,-1,-1,-1
38, 12483.jpg,14,266,368,58,106,-1,-1,-1,-1
38, 12483.jpg,15,630,304,51,91,-1,-1,-1,-1
38, 12483.jpg,17,127,278,45,91,-1,-1,-1,-1
39, 12484.jpg,1,739,316,34,79,-1,-1,-1,-1
39, 12484.jpg,2,927,382,38,82,-1,-1,-1,-1
39, 12484.jpg,5,642,342,50,94,-1,-1,-1,-1
39, 12484.jpg,6,930,314,39,79,-1,-1,-1,-1
39, 12484.jpg,8,739,372,45,99,-1,-1,-1,-1
39, 12484.jpg,9,989,407,47,100,-1,-1,-1,-1
39, 12484.jpg,10,409,412,78,108,-1,-1,-1,-1
39, 12484.jpg,11,443,327,52,85,-1,-1,-1,-1
39, 12484.jpg,14,265,368,58,107,-1,-1,-1,-1
39, 12484.jpg,15,622,298,50,87,-1,-1,-1,-1
39, 12484.jpg,17,127,279,45,90,-1,-1,-1,-1
40, 12485.jpg,1,738,319,34,79,-1,-1,-1,-1
40, 12485.jpg,2,931,376,41,88,-1,-1,-1,-1
40, 12485.jpg,5,639,340,49,95,-1,-1,-1,-1
40, 12485.jpg,6,931,313,41,82,-1,-1,-1,-1
40, 12485.jpg,8,739,378,43,99,-1,-1,-1,-1
40, 12485.jpg,9,989,406,47,102,-1,-1,-1,-1
40, 12485.jpg,10,398,411,80,112,-1,-1,-1,-1
40, 12485.jpg,11,441,327,51,86,-1,-1,-1,-1
40, 12485.jpg,14,264,367,58,107,-1,-1,-1,-1
40, 12485.jpg,15,619,292,50,88,-1,-1,-1,-1
40, 12485.jpg,17,127,279,45,90,-1,-1,-1,-1
