2, 18987.jpg,1,657,363,39,91,-1,-1,-1,-1
2, 18987.jpg,2,533,323,46,97,-1,-1,-1,-1
2, 18987.jpg,3,458,274,47,91,-1,-1,-1,-1
2, 18987.jpg,4,380,405,42,118,-1,-1,-1,-1
2, 18987.jpg,5,980,346,56,103,-1,-1,-1,-1
2, 18987.jpg,6,545,388,53,117,-1,-1,-1,-1
2, 18987.jpg,7,699,318,53,86,-1,-1,-1,-1
2, 18987.jpg,8,932,315,49,73,-1,-1,-1,-1
2, 18987.jpg,9,437,330,38,92,-1,-1,-1,-1
2, 18987.jpg,10,309,365,69,102,-1,-1,-1,-1
2, 18987.jpg,11,942,416,57,99,-1,-1,-1,-1
3, 18988.jpg,1,657,365,36,85,-1,-1,-1,-1
3, 18988.jpg,2,533,321,47,99,-1,-1,-1,-1
3, 18988.jpg,3,460,274,49,93,-1,-1,-1,-1
3, 18988.jpg,4,379,403,42,119,-1,-1,-1,-1
3, 18988.jpg,5,986,347,54,100,-1,-1,-1,-1
3, 18988.jpg,6,544,387,53,117,-1,-1,-1,-1
3, 18988.jpg,7,701,318,53,87,-1,-1,-1,-1
3, 18988.jpg,8,934,314,49,73,-1,-1,-1,-1
3, 18988.jpg,9,436,330,38,92,-1,-1,-1,-1
3, 18988.jpg,10,316,366,69,102,-1,-1,-1,-1
3, 18988.jpg,11,946,416,56,98,-1,-1,-1,-1
3, 18988.jpg,12,663,380,47,121,-1,-1,-1,-1
4, 18989.jpg,1,656,367,36,84,-1,-1,-1,-1
4, 18989.jpg,2,531,320,48,101,-1,-1,-1,-1
4, 18989.jpg,3,461,275,50,94,-1,-1,-1,-1
4, 18989.jpg,4,378,400,42,120,-1,-1,-1,-1
4, 18989.jpg,5,989,347,52,98,-1,-1,-1,-1
4, 18989.jpg,6,545,386,54,119,-1,-1,-1,-1
4, 18989.jpg,7,703,318,54,90,-1,-1,-1,-1
4, 18989.jpg,8,936,314,50,74,-1,-1,-1,-1
4, 18989.jpg,9,435,330,37,91,-1,-1,-1,-1
4, 18989.jpg,10,322,366,71,106,-1,-1,-1,-1
4, 18989.jpg,11,950,419,53,96,-1,-1,-1,-1
4, 18989.jpg,12,662,379,45,116,-1,-1,-1,-1
5, 18990.jpg,1,656,368,34,81,-1,-1,-1,-1
5, 18990.jpg,2,530,319,49,102,-1,-1,-1,-1
5, 18990.jpg,3,463,277,50,93,-1,-1,-1,-1
5, 18990.jpg,4,377,398,42,123,-1,-1,-1,-1
5, 18990.jpg,5,994,349,50,95,-1,-1,-1,-1
5, 18990.jpg,6,546,386,54,120,-1,-1,-1,-1
5, 18990.jpg,7,704,318,54,92,-1,-1,-1,-1
5, 18990.jpg,8,939,314,52,76,-1,-1,-1,-1
5, 18990.jpg,9,431,329,39,94,-1,-1,-1,-1
5, 18990.jpg,10,334,370,75,114,-1,-1,-1,-1
5, 18990.jpg,11,954,419,53,97,-1,-1,-1,-1
5, 18990.jpg,12,658,373,47,121,-1,-1,-1,-1
6, 18991.jpg,2,531,318,50,102,-1,-1,-1,-1
6, 18991.jpg,3,465,278,50,93,-1,-1,-1,-1
6, 18991.jpg,4,376,396,43,124,-1,-1,-1,-1
6, 18991.jpg,5,996,349,52,97,-1,-1,-1,-1
6, 18991.jpg,6,548,386,53,119,-1,-1,-1,-1
6, 18991.jpg,7,706,318,55,96,-1,-1,-1,-1
6, 18991.jpg,8,941,314,52,73,-1,-1,-1,-1
6, 18991.jpg,9,430,328,38,95,-1,-1,-1,-1
6, 18991.jpg,10,339,373,77,120,-1,-1,-1,-1
6, 18991.jpg,11,955,417,55,101,-1,-1,-1,-1
6, 18991.jpg,12,654,372,48,121,-1,-1,-1,-1
7, 18992.jpg,2,531,317,50,103,-1,-1,-1,-1
7, 18992.jpg,3,466,280,50,92,-1,-1,-1,-1
7, 18992.jpg,4,374,395,44,128,-1,-1,-1,-1
7, 18992.jpg,5,999,348,52,99,-1,-1,-1,-1
7, 18992.jpg,6,545,386,53,120,-1,-1,-1,-1
7, 18992.jpg,7,708,319,54,97,-1,-1,-1,-1
7, 18992.jpg,8,941,315,51,70,-1,-1,-1,-1
7, 18992.jpg,9,428,328,39,95,-1,-1,-1,-1
7, 18992.jpg,10,336,365,72,115,-1,-1,-1,-1
7, 18992.jpg,11,957,418,55,102,-1,-1,-1,-1
7, 18992.jpg,12,655,376,44,114,-1,-1,-1,-1
8, 18993.jpg,2,530,318,51,104,-1,-1,-1,-1
8, 18993.jpg,3,466,279,51,94,-1,-1,-1,-1
8, 18993.jpg,4,372,401,45,125,-1,-1,-1,-1
8, 18993.jpg,5,1003,350,51,99,-1,-1,-1,-1
8, 18993.jpg,6,544,387,53,120,-1,-1,-1,-1
8, 18993.jpg,7,709,321,53,96,-1,-1,-1,-1
8, 18993.jpg,8,939,315,53,70,-1,-1,-1,-1
8, 18993.jpg,9,427,327,39,96,-1,-1,-1,-1
8, 18993.jpg,10,336,356,72,118,-1,-1,-1,-1
8, 18993.jpg,11,958,416,57,106,-1,-1,-1,-1
8, 18993.jpg,12,655,380,43,109,-1,-1,-1,-1
9, 18994.jpg,2,529,317,52,106,-1,-1,-1,-1
9, 18994.jpg,3,466,279,51,96,-1,-1,-1,-1
9, 18994.jpg,4,372,407,44,119,-1,-1,-1,-1
9, 18994.jpg,5,1006,352,49,95,-1,-1,-1,-1
9, 18994.jpg,6,544,388,53,121,-1,-1,-1,-1
9, 18994.jpg,7,709,322,52,96,-1,-1,-1,-1
9, 18994.jpg,8,938,318,52,67,-1,-1,-1,-1
9, 18994.jpg,9,426,327,39,96,-1,-1,-1,-1
9, 18994.jpg,10,341,352,73,119,-1,-1,-1,-1
9, 18994.jpg,11,959,418,57,104,-1,-1,-1,-1
9, 18994.jpg,12,653,381,43,107,-1,-1,-1,-1
10, 18995.jpg,2,527,319,52,105,-1,-1,-1,-1
10, 18995.jpg,3,467,278,51,97,-1,-1,-1,-1
10, 18995.jpg,4,368,411,46,118,-1,-1,-1,-1
10, 18995.jpg,5,1007,351,52,99,-1,-1,-1,-1
10, 18995.jpg,6,544,390,53,122,-1,-1,-1,-1
10, 18995.jpg,7,710,323,51,94,-1,-1,-1,-1
10, 18995.jpg,8,940,321,53,65,-1,-1,-1,-1
10, 18995.jpg,9,425,327,39,95,-1,-1,-1,-1
10, 18995.jpg,10,342,348,70,118,-1,-1,-1,-1
10, 18995.jpg,11,960,420,58,105,-1,-1,-1,-1
10, 18995.jpg,12,650,382,44,107,-1,-1,-1,-1
11, 18996.jpg,2,526,319,51,105,-1,-1,-1,-1
11, 18996.jpg,3,468,278,51,99,-1,-1,-1,-1
11, 18996.jpg,4,367,414,46,114,-1,-1,-1,-1
11, 18996.jpg,5,1010,353,51,97,-1,-1,-1,-1
11, 18996.jpg,6,543,392,52,121,-1,-1,-1,-1
11, 18996.jpg,7,711,324,50,95,-1,-1,-1,-1
11, 18996.jpg,8,939,321,53,64,-1,-1,-1,-1
11, 18996.jpg,9,424,328,38,94,-1,-1,-1,-1
11, 18996.jpg,10,345,343,71,119,-1,-1,-1,-1
11, 18996.jpg,11,961,422,58,104,-1,-1,-1,-1
11, 18996.jpg,12,648,387,41,98,-1,-1,-1,-1
12, 18997.jpg,1,644,375,33,75,-1,-1,-1,-1
12, 18997.jpg,2,525,319,51,104,-1,-1,-1,-1
12, 18997.jpg,3,467,277,50,99,-1,-1,-1,-1
12, 18997.jpg,4,364,413,47,113,-1,-1,-1,-1
12, 18997.jpg,5,1010,352,54,99,-1,-1,-1,-1
12, 18997.jpg,6,542,394,51,120,-1,-1,-1,-1
12, 18997.jpg,7,710,324,50,96,-1,-1,-1,-1
12, 18997.jpg,8,940,320,54,65,-1,-1,-1,-1
12, 18997.jpg,9,420,327,38,96,-1,-1,-1,-1
12, 18997.jpg,10,347,341,67,114,-1,-1,-1,-1
12, 18997.jpg,11,960,424,56,99,-1,-1,-1,-1
12, 18997.jpg,12,646,388,40,96,-1,-1,-1,-1
13, 18998.jpg,1,643,376,33,73,-1,-1,-1,-1
13, 18998.jpg,2,524,321,49,100,-1,-1,-1,-1
13, 18998.jpg,3,467,276,50,102,-1,-1,-1,-1
13, 18998.jpg,4,359,411,49,115,-1,-1,-1,-1
13, 18998.jpg,5,1010,351,55,101,-1,-1,-1,-1
13, 18998.jpg,6,540,394,52,123,-1,-1,-1,-1
13, 18998.jpg,7,709,324,51,99,-1,-1,-1,-1
13, 18998.jpg,8,941,319,55,66,-1,-1,-1,-1
13, 18998.jpg,9,417,328,38,95,-1,-1,-1,-1
13, 18998.jpg,10,350,337,65,110,-1,-1,-1,-1
13, 18998.jpg,11,959,425,56,98,-1,-1,-1,-1
13, 18998.jpg,12,640,382,44,105,-1,-1,-1,-1
14, 18999.jpg,2,522,321,48,99,-1,-1,-1,-1
14, 18999.jpg,3,466,277,50,100,-1,-1,-1,-1
14, 18999.jpg,4,357,411,49,115,-1,-1,-1,-1
14, 18999.jpg,5,1008,349,57,102,-1,-1,-1,-1
14, 18999.jpg,6,540,398,50,118,-1,-1,-1,-1
14, 18999.jpg,7,709,326,51,99,-1,-1,-1,-1
14, 18999.jpg,8,941,319,57,69,-1,-1,-1,-1
14, 18999.jpg,9,415,329,38,94,-1,-1,-1,-1
14, 18999.jpg,10,358,335,59,102,-1,-1,-1,-1
14, 18999.jpg,11,959,426,56,96,-1,-1,-1,-1
14, 18999.jpg,12,637,377,45,109,-1,-1,-1,-1
15, 19000.jpg,2,516,323,48,101,-1,-1,-1,-1
15, 19000.jpg,3,466,277,49,101,-1,-1,-1,-1
15, 19000.jpg,4,354,411,51,116,-1,-1,-1,-1
15, 19000.jpg,5,1006,348,58,103,-1,-1,-1,-1
15, 19000.jpg,6,538,400,49,119,-1,-1,-1,-1
15, 19000.jpg,7,707,326,53,103,-1,-1,-1,-1
15, 19000.jpg,8,940,319,58,71,-1,-1,-1,-1
15, 19000.jpg,9,402,329,40,97,-1,-1,-1,-1
15, 19000.jpg,10,362,333,59,101,-1,-1,-1,-1
15, 19000.jpg,11,960,426,57,97,-1,-1,-1,-1
15, 19000.jpg,12,632,372,48,114,-1,-1,-1,-1
16, 19001.jpg,2,514,323,48,102,-1,-1,-1,-1
16, 19001.jpg,3,465,277,50,101,-1,-1,-1,-1
16, 19001.jpg,4,353,411,51,117,-1,-1,-1,-1
16, 19001.jpg,5,1005,348,57,101,-1,-1,-1,-1
16, 19001.jpg,6,535,402,49,118,-1,-1,-1,-1
16, 19001.jpg,7,706,329,52,101,-1,-1,-1,-1
16, 19001.jpg,8,937,318,59,75,-1,-1,-1,-1
16, 19001.jpg,9,398,333,39,93,-1,-1,-1,-1
16, 19001.jpg,10,366,331,56,98,-1,-1,-1,-1
16, 19001.jpg,11,963,424,57,101,-1,-1,-1,-1
16, 19001.jpg,12,626,363,52,123,-1,-1,-1,-1
17, 19002.jpg,2,512,323,48,102,-1,-1,-1,-1
17, 19002.jpg,3,463,279,50,100,-1,-1,-1,-1
17, 19002.jpg,4,351,413,51,114,-1,-1,-1,-1
17, 19002.jpg,5,1004,350,55,97,-1,-1,-1,-1
17, 19002.jpg,6,530,401,48,118,-1,-1,-1,-1
17, 19002.jpg,7,705,330,51,99,-1,-1,-1,-1
17, 19002.jpg,8,937,317,58,76,-1,-1,-1,-1
17, 19002.jpg,9,403,332,37,90,-1,-1,-1,-1
17, 19002.jpg,10,374,331,56,99,-1,-1,-1,-1
17, 19002.jpg,11,964,423,56,101,-1,-1,-1,-1
17, 19002.jpg,12,622,359,52,126,-1,-1,-1,-1
18, 19003.jpg,2,511,322,46,99,-1,-1,-1,-1
18, 19003.jpg,3,463,281,49,99,-1,-1,-1,-1
18, 19003.jpg,4,345,414,51,111,-1,-1,-1,-1
18, 19003.jpg,5,1003,350,55,97,-1,-1,-1,-1
18, 19003.jpg,6,526,400,48,118,-1,-1,-1,-1
18, 19003.jpg,7,701,328,51,100,-1,-1,-1,-1
18, 19003.jpg,8,934,316,57,75,-1,-1,-1,-1
18, 19003.jpg,9,401,333,38,90,-1,-1,-1,-1
18, 19003.jpg,10,378,329,56,98,-1,-1,-1,-1
18, 19003.jpg,11,964,422,56,102,-1,-1,-1,-1
18, 19003.jpg,12,618,349,52,130,-1,-1,-1,-1
19, 19004.jpg,2,508,322,45,101,-1,-1,-1,-1
19, 19004.jpg,3,461,283,49,97,-1,-1,-1,-1
19, 19004.jpg,4,341,414,53,113,-1,-1,-1,-1
19, 19004.jpg,5,1003,349,54,98,-1,-1,-1,-1
19, 19004.jpg,6,523,400,48,121,-1,-1,-1,-1
19, 19004.jpg,7,697,328,51,100,-1,-1,-1,-1
19, 19004.jpg,8,932,316,56,75,-1,-1,-1,-1
19, 19004.jpg,9,399,333,38,90,-1,-1,-1,-1
19, 19004.jpg,10,369,324,68,120,-1,-1,-1,-1
19, 19004.jpg,11,965,420,54,103,-1,-1,-1,-1
19, 19004.jpg,12,611,335,55,142,-1,-1,-1,-1
20, 19005.jpg,2,506,322,43,98,-1,-1,-1,-1
20, 19005.jpg,3,456,282,51,98,-1,-1,-1,-1
20, 19005.jpg,4,337,416,53,111,-1,-1,-1,-1
20, 19005.jpg,5,1001,351,53,96,-1,-1,-1,-1
20, 19005.jpg,6,522,402,49,119,-1,-1,-1,-1
20, 19005.jpg,7,695,327,50,101,-1,-1,-1,-1
20, 19005.jpg,8,930,317,55,73,-1,-1,-1,-1
20, 19005.jpg,10,369,324,69,125,-1,-1,-1,-1
20, 19005.jpg,11,964,418,54,103,-1,-1,-1,-1
20, 19005.jpg,12,609,336,52,139,-1,-1,-1,-1
21, 19006.jpg,2,503,323,42,97,-1,-1,-1,-1
21, 19006.jpg,3,454,280,52,100,-1,-1,-1,-1
21, 19006.jpg,4,331,414,54,113,-1,-1,-1,-1
21, 19006.jpg,5,999,350,54,98,-1,-1,-1,-1
21, 19006.jpg,6,520,401,49,119,-1,-1,-1,-1
21, 19006.jpg,7,692,326,51,103,-1,-1,-1,-1
21, 19006.jpg,8,926,315,56,77,-1,-1,-1,-1
21, 19006.jpg,10,366,327,70,130,-1,-1,-1,-1
21, 19006.jpg,11,964,416,54,105,-1,-1,-1,-1
21, 19006.jpg,12,604,328,53,144,-1,-1,-1,-1
22, 19007.jpg,2,500,321,41,97,-1,-1,-1,-1
22, 19007.jpg,3,452,279,52,103,-1,-1,-1,-1
22, 19007.jpg,4,325,414,54,112,-1,-1,-1,-1
22, 19007.jpg,5,996,349,54,99,-1,-1,-1,-1
22, 19007.jpg,6,517,401,51,121,-1,-1,-1,-1
22, 19007.jpg,7,688,325,53,106,-1,-1,-1,-1
22, 19007.jpg,8,921,315,59,80,-1,-1,-1,-1
22, 19007.jpg,10,366,327,72,138,-1,-1,-1,-1
22, 19007.jpg,11,965,416,53,104,-1,-1,-1,-1
22, 19007.jpg,12,598,322,53,147,-1,-1,-1,-1
23, 19008.jpg,2,498,323,40,95,-1,-1,-1,-1
23, 19008.jpg,3,453,279,51,101,-1,-1,-1,-1
23, 19008.jpg,4,320,414,55,114,-1,-1,-1,-1
23, 19008.jpg,5,993,349,56,102,-1,-1,-1,-1
23, 19008.jpg,6,515,404,51,117,-1,-1,-1,-1
23, 19008.jpg,7,684,326,51,104,-1,-1,-1,-1
23, 19008.jpg,8,917,315,59,81,-1,-1,-1,-1
23, 19008.jpg,10,366,333,69,137,-1,-1,-1,-1
23, 19008.jpg,11,964,416,53,103,-1,-1,-1,-1
23, 19008.jpg,12,593,320,53,147,-1,-1,-1,-1
24, 19009.jpg,2,494,324,39,94,-1,-1,-1,-1
24, 19009.jpg,3,452,278,49,102,-1,-1,-1,-1
24, 19009.jpg,4,316,415,55,112,-1,-1,-1,-1
24, 19009.jpg,5,991,348,56,106,-1,-1,-1,-1
24, 19009.jpg,6,511,404,52,118,-1,-1,-1,-1
24, 19009.jpg,7,680,328,53,105,-1,-1,-1,-1
24, 19009.jpg,8,915,317,58,81,-1,-1,-1,-1
24, 19009.jpg,10,368,340,64,131,-1,-1,-1,-1
24, 19009.jpg,11,964,417,51,99,-1,-1,-1,-1
24, 19009.jpg,12,591,327,47,135,-1,-1,-1,-1
25, 19010.jpg,2,490,325,38,93,-1,-1,-1,-1
25, 19010.jpg,3,449,277,51,106,-1,-1,-1,-1
25, 19010.jpg,4,311,415,54,111,-1,-1,-1,-1
25, 19010.jpg,5,978,365,60,109,-1,-1,-1,-1
25, 19010.jpg,6,506,400,56,124,-1,-1,-1,-1
25, 19010.jpg,7,676,330,54,104,-1,-1,-1,-1
25, 19010.jpg,8,912,319,56,80,-1,-1,-1,-1
25, 19010.jpg,10,369,347,65,133,-1,-1,-1,-1
25, 19010.jpg,11,964,416,52,99,-1,-1,-1,-1
25, 19010.jpg,12,586,326,46,133,-1,-1,-1,-1
26, 19011.jpg,2,484,326,40,98,-1,-1,-1,-1
26, 19011.jpg,3,446,276,52,109,-1,-1,-1,-1
26, 19011.jpg,4,306,416,55,111,-1,-1,-1,-1
26, 19011.jpg,5,981,357,58,107,-1,-1,-1,-1
26, 19011.jpg,6,504,406,56,119,-1,-1,-1,-1
26, 19011.jpg,7,672,332,54,104,-1,-1,-1,-1
26, 19011.jpg,8,909,323,55,77,-1,-1,-1,-1
26, 19011.jpg,9,365,339,39,90,-1,-1,-1,-1
26, 19011.jpg,10,368,352,65,132,-1,-1,-1,-1
26, 19011.jpg,11,958,421,51,94,-1,-1,-1,-1
26, 19011.jpg,12,581,322,48,140,-1,-1,-1,-1
27, 19012.jpg,2,481,327,40,97,-1,-1,-1,-1
27, 19012.jpg,3,453,291,51,108,-1,-1,-1,-1
27, 19012.jpg,4,302,417,56,110,-1,-1,-1,-1
27, 19012.jpg,5,981,358,56,102,-1,-1,-1,-1
27, 19012.jpg,6,500,407,58,121,-1,-1,-1,-1
27, 19012.jpg,7,668,336,54,100,-1,-1,-1,-1
27, 19012.jpg,8,907,325,53,76,-1,-1,-1,-1
27, 19012.jpg,9,358,344,38,86,-1,-1,-1,-1
27, 19012.jpg,10,369,359,62,127,-1,-1,-1,-1
27, 19012.jpg,11,953,421,52,94,-1,-1,-1,-1
27, 19012.jpg,12,578,325,48,137,-1,-1,-1,-1
28, 19013.jpg,2,480,331,38,87,-1,-1,-1,-1
28, 19013.jpg,3,445,286,48,104,-1,-1,-1,-1
28, 19013.jpg,4,297,418,55,108,-1,-1,-1,-1
28, 19013.jpg,5,979,359,53,98,-1,-1,-1,-1
28, 19013.jpg,6,497,413,57,115,-1,-1,-1,-1
28, 19013.jpg,7,665,339,54,97,-1,-1,-1,-1
28, 19013.jpg,8,905,327,51,72,-1,-1,-1,-1
28, 19013.jpg,9,352,348,39,85,-1,-1,-1,-1
28, 19013.jpg,10,368,364,60,123,-1,-1,-1,-1
28, 19013.jpg,11,948,420,52,94,-1,-1,-1,-1
28, 19013.jpg,12,574,326,51,140,-1,-1,-1,-1
29, 19014.jpg,2,479,332,40,89,-1,-1,-1,-1
29, 19014.jpg,3,441,286,47,101,-1,-1,-1,-1
29, 19014.jpg,4,293,419,56,108,-1,-1,-1,-1
29, 19014.jpg,5,977,360,54,97,-1,-1,-1,-1
29, 19014.jpg,6,495,417,56,112,-1,-1,-1,-1
29, 19014.jpg,7,662,340,54,96,-1,-1,-1,-1
29, 19014.jpg,8,903,330,48,66,-1,-1,-1,-1
29, 19014.jpg,9,350,352,38,84,-1,-1,-1,-1
29, 19014.jpg,10,369,370,56,116,-1,-1,-1,-1
29, 19014.jpg,11,952,400,56,100,-1,-1,-1,-1
29, 19014.jpg,12,574,334,48,128,-1,-1,-1,-1
30, 19015.jpg,2,481,333,43,90,-1,-1,-1,-1
30, 19015.jpg,3,439,288,46,99,-1,-1,-1,-1
30, 19015.jpg,4,290,420,57,107,-1,-1,-1,-1
30, 19015.jpg,5,973,362,53,96,-1,-1,-1,-1
30, 19015.jpg,6,493,420,57,111,-1,-1,-1,-1
30, 19015.jpg,7,658,340,56,95,-1,-1,-1,-1
30, 19015.jpg,8,900,330,48,65,-1,-1,-1,-1
30, 19015.jpg,9,348,357,37,79,-1,-1,-1,-1
30, 19015.jpg,10,364,369,55,113,-1,-1,-1,-1
30, 19015.jpg,11,942,406,57,101,-1,-1,-1,-1
30, 19015.jpg,12,572,332,51,129,-1,-1,-1,-1
31, 19016.jpg,2,481,336,43,85,-1,-1,-1,-1
31, 19016.jpg,3,438,292,46,95,-1,-1,-1,-1
31, 19016.jpg,4,288,421,57,107,-1,-1,-1,-1
31, 19016.jpg,5,970,361,54,97,-1,-1,-1,-1
31, 19016.jpg,6,490,423,58,107,-1,-1,-1,-1
31, 19016.jpg,7,654,339,57,97,-1,-1,-1,-1
31, 19016.jpg,8,898,331,47,65,-1,-1,-1,-1
31, 19016.jpg,9,347,363,36,74,-1,-1,-1,-1
31, 19016.jpg,10,365,371,55,113,-1,-1,-1,-1
31, 19016.jpg,11,936,406,58,104,-1,-1,-1,-1
31, 19016.jpg,12,566,332,53,130,-1,-1,-1,-1
32, 19017.jpg,2,479,341,45,80,-1,-1,-1,-1
32, 19017.jpg,3,437,292,46,97,-1,-1,-1,-1
32, 19017.jpg,4,286,422,57,107,-1,-1,-1,-1
32, 19017.jpg,5,968,360,53,97,-1,-1,-1,-1
32, 19017.jpg,6,488,427,57,103,-1,-1,-1,-1
32, 19017.jpg,7,652,339,58,96,-1,-1,-1,-1
32, 19017.jpg,8,896,332,47,64,-1,-1,-1,-1
32, 19017.jpg,9,344,368,36,69,-1,-1,-1,-1
32, 19017.jpg,10,365,370,55,113,-1,-1,-1,-1
32, 19017.jpg,11,928,405,60,108,-1,-1,-1,-1
32, 19017.jpg,12,561,337,52,128,-1,-1,-1,-1
33, 19018.jpg,2,474,348,44,73,-1,-1,-1,-1
33, 19018.jpg,3,438,292,46,96,-1,-1,-1,-1
33, 19018.jpg,4,285,423,57,106,-1,-1,-1,-1
33, 19018.jpg,5,967,359,54,98,-1,-1,-1,-1
33, 19018.jpg,6,485,426,59,102,-1,-1,-1,-1
33, 19018.jpg,7,650,337,59,99,-1,-1,-1,-1
33, 19018.jpg,8,893,331,51,69,-1,-1,-1,-1
33, 19018.jpg,9,343,372,35,66,-1,-1,-1,-1
33, 19018.jpg,10,364,372,53,110,-1,-1,-1,-1
33, 19018.jpg,11,924,401,59,110,-1,-1,-1,-1
33, 19018.jpg,12,559,341,50,124,-1,-1,-1,-1
34, 19019.jpg,2,472,350,43,71,-1,-1,-1,-1
34, 19019.jpg,3,447,309,47,94,-1,-1,-1,-1
34, 19019.jpg,4,283,422,58,107,-1,-1,-1,-1
34, 19019.jpg,5,966,357,55,99,-1,-1,-1,-1
34, 19019.jpg,6,482,426,61,102,-1,-1,-1,-1
34, 19019.jpg,7,648,336,61,100,-1,-1,-1,-1
34, 19019.jpg,8,891,330,49,66,-1,-1,-1,-1
34, 19019.jpg,9,342,374,36,65,-1,-1,-1,-1
34, 19019.jpg,10,365,375,53,111,-1,-1,-1,-1
34, 19019.jpg,11,920,399,59,111,-1,-1,-1,-1
34, 19019.jpg,12,557,345,49,123,-1,-1,-1,-1
35, 19020.jpg,3,447,297,47,96,-1,-1,-1,-1
35, 19020.jpg,4,282,421,59,107,-1,-1,-1,-1
35, 19020.jpg,5,964,354,56,101,-1,-1,-1,-1
35, 19020.jpg,6,479,424,64,105,-1,-1,-1,-1
35, 19020.jpg,7,647,334,62,102,-1,-1,-1,-1
35, 19020.jpg,8,891,330,50,66,-1,-1,-1,-1
35, 19020.jpg,9,340,375,37,64,-1,-1,-1,-1
35, 19020.jpg,10,363,378,55,112,-1,-1,-1,-1
35, 19020.jpg,11,914,396,59,113,-1,-1,-1,-1
35, 19020.jpg,12,557,348,48,122,-1,-1,-1,-1
36, 19021.jpg,3,448,291,48,98,-1,-1,-1,-1
36, 19021.jpg,4,281,419,60,109,-1,-1,-1,-1
36, 19021.jpg,5,963,351,57,104,-1,-1,-1,-1
36, 19021.jpg,6,479,424,65,105,-1,-1,-1,-1
36, 19021.jpg,7,646,333,63,102,-1,-1,-1,-1
36, 19021.jpg,8,889,329,52,68,-1,-1,-1,-1
36, 19021.jpg,9,339,375,37,62,-1,-1,-1,-1
36, 19021.jpg,10,365,379,57,115,-1,-1,-1,-1
36, 19021.jpg,11,911,396,58,113,-1,-1,-1,-1
36, 19021.jpg,12,558,352,45,117,-1,-1,-1,-1
37, 19022.jpg,3,450,289,47,98,-1,-1,-1,-1
37, 19022.jpg,4,280,417,59,108,-1,-1,-1,-1
37, 19022.jpg,5,962,347,58,108,-1,-1,-1,-1
37, 19022.jpg,6,476,420,68,108,-1,-1,-1,-1
37, 19022.jpg,7,645,332,64,101,-1,-1,-1,-1
37, 19022.jpg,8,888,328,51,68,-1,-1,-1,-1
37, 19022.jpg,9,339,375,37,61,-1,-1,-1,-1
37, 19022.jpg,10,367,380,55,115,-1,-1,-1,-1
37, 19022.jpg,11,910,399,55,109,-1,-1,-1,-1
37, 19022.jpg,12,561,355,42,112,-1,-1,-1,-1
37, 19022.jpg,14,459,361,63,61,-1,-1,-1,-1
38, 19023.jpg,2,464,356,45,71,-1,-1,-1,-1
38, 19023.jpg,3,452,288,46,98,-1,-1,-1,-1
38, 19023.jpg,4,280,415,60,111,-1,-1,-1,-1
38, 19023.jpg,5,961,344,57,109,-1,-1,-1,-1
38, 19023.jpg,6,472,412,74,119,-1,-1,-1,-1
38, 19023.jpg,7,645,332,64,101,-1,-1,-1,-1
38, 19023.jpg,8,888,328,53,71,-1,-1,-1,-1
38, 19023.jpg,9,339,373,40,64,-1,-1,-1,-1
38, 19023.jpg,10,369,382,54,111,-1,-1,-1,-1
38, 19023.jpg,11,905,399,57,110,-1,-1,-1,-1
38, 19023.jpg,12,562,354,42,114,-1,-1,-1,-1
38, 19023.jpg,14,461,364,60,58,-1,-1,-1,-1
39, 19024.jpg,2,461,357,44,68,-1,-1,-1,-1
39, 19024.jpg,3,453,286,46,99,-1,-1,-1,-1
39, 19024.jpg,4,280,415,60,110,-1,-1,-1,-1
39, 19024.jpg,5,959,341,58,111,-1,-1,-1,-1
39, 19024.jpg,6,469,409,76,120,-1,-1,-1,-1
39, 19024.jpg,7,646,332,65,102,-1,-1,-1,-1
39, 19024.jpg,8,887,326,54,72,-1,-1,-1,-1
39, 19024.jpg,9,336,373,40,63,-1,-1,-1,-1
39, 19024.jpg,10,371,384,53,109,-1,-1,-1,-1
39, 19024.jpg,11,899,401,59,108,-1,-1,-1,-1
39, 19024.jpg,12,561,353,43,117,-1,-1,-1,-1
40, 19025.jpg,2,460,358,42,68,-1,-1,-1,-1
40, 19025.jpg,3,456,302,47,102,-1,-1,-1,-1
40, 19025.jpg,4,279,414,61,111,-1,-1,-1,-1
40, 19025.jpg,5,958,339,59,114,-1,-1,-1,-1
40, 19025.jpg,6,469,411,75,116,-1,-1,-1,-1
40, 19025.jpg,7,647,332,65,102,-1,-1,-1,-1
40, 19025.jpg,8,887,325,54,72,-1,-1,-1,-1
40, 19025.jpg,9,335,372,41,65,-1,-1,-1,-1
40, 19025.jpg,10,373,383,53,111,-1,-1,-1,-1
40, 19025.jpg,11,896,405,59,104,-1,-1,-1,-1
40, 19025.jpg,12,565,353,36,99,-1,-1,-1,-1
