2, 25377.jpg,2,791,552,75,170,-1,-1,-1,-1
2, 25377.jpg,3,668,519,67,93,-1,-1,-1,-1
2, 25377.jpg,4,591,547,67,125,-1,-1,-1,-1
2, 25377.jpg,5,565,635,84,137,-1,-1,-1,-1
2, 25377.jpg,7,559,750,83,171,-1,-1,-1,-1
2, 25377.jpg,8,915,548,37,120,-1,-1,-1,-1
2, 25377.jpg,9,950,687,80,145,-1,-1,-1,-1
2, 25377.jpg,10,1187,694,76,125,-1,-1,-1,-1
2, 25377.jpg,11,1317,587,69,134,-1,-1,-1,-1
2, 25377.jpg,12,1200,563,66,103,-1,-1,-1,-1
3, 25378.jpg,2,795,582,68,155,-1,-1,-1,-1
3, 25378.jpg,3,669,518,70,97,-1,-1,-1,-1
3, 25378.jpg,4,590,549,62,117,-1,-1,-1,-1
3, 25378.jpg,5,576,638,76,126,-1,-1,-1,-1
3, 25378.jpg,7,561,752,83,169,-1,-1,-1,-1
3, 25378.jpg,8,908,550,42,138,-1,-1,-1,-1
3, 25378.jpg,9,951,691,79,141,-1,-1,-1,-1
3, 25378.jpg,10,1184,696,75,124,-1,-1,-1,-1
3, 25378.jpg,11,1316,588,70,131,-1,-1,-1,-1
3, 25378.jpg,12,1196,563,66,102,-1,-1,-1,-1
4, 25379.jpg,2,793,597,65,149,-1,-1,-1,-1
4, 25379.jpg,3,670,515,72,100,-1,-1,-1,-1
4, 25379.jpg,4,590,549,60,115,-1,-1,-1,-1
4, 25379.jpg,5,579,638,79,128,-1,-1,-1,-1
4, 25379.jpg,7,556,750,87,174,-1,-1,-1,-1
4, 25379.jpg,8,902,546,42,136,-1,-1,-1,-1
4, 25379.jpg,9,950,694,79,139,-1,-1,-1,-1
4, 25379.jpg,10,1181,693,79,127,-1,-1,-1,-1
4, 25379.jpg,11,1315,589,71,131,-1,-1,-1,-1
4, 25379.jpg,12,1192,562,68,105,-1,-1,-1,-1
5, 25380.jpg,2,790,608,62,139,-1,-1,-1,-1
5, 25380.jpg,3,669,511,77,107,-1,-1,-1,-1
5, 25380.jpg,4,592,551,57,109,-1,-1,-1,-1
5, 25380.jpg,5,581,631,84,137,-1,-1,-1,-1
5, 25380.jpg,7,552,745,92,180,-1,-1,-1,-1
5, 25380.jpg,8,897,544,43,137,-1,-1,-1,-1
5, 25380.jpg,9,948,694,80,139,-1,-1,-1,-1
5, 25380.jpg,10,1178,695,77,125,-1,-1,-1,-1
5, 25380.jpg,11,1311,591,72,130,-1,-1,-1,-1
5, 25380.jpg,12,1188,560,68,108,-1,-1,-1,-1
5, 25380.jpg,14,772,517,57,128,-1,-1,-1,-1
6, 25381.jpg,2,779,581,60,137,-1,-1,-1,-1
6, 25381.jpg,3,674,513,77,107,-1,-1,-1,-1
6, 25381.jpg,4,591,553,56,109,-1,-1,-1,-1
6, 25381.jpg,5,585,633,83,133,-1,-1,-1,-1
6, 25381.jpg,7,548,742,96,187,-1,-1,-1,-1
6, 25381.jpg,8,887,544,47,151,-1,-1,-1,-1
6, 25381.jpg,9,944,693,83,143,-1,-1,-1,-1
6, 25381.jpg,10,1174,696,74,120,-1,-1,-1,-1
6, 25381.jpg,11,1307,592,73,131,-1,-1,-1,-1
6, 25381.jpg,12,1184,557,69,110,-1,-1,-1,-1
6, 25381.jpg,14,772,520,55,123,-1,-1,-1,-1
7, 25382.jpg,2,773,566,59,134,-1,-1,-1,-1
7, 25382.jpg,3,678,518,76,107,-1,-1,-1,-1
7, 25382.jpg,4,588,555,55,109,-1,-1,-1,-1
7, 25382.jpg,5,592,634,86,137,-1,-1,-1,-1
7, 25382.jpg,7,548,740,99,190,-1,-1,-1,-1
7, 25382.jpg,8,886,546,44,139,-1,-1,-1,-1
7, 25382.jpg,9,939,692,85,145,-1,-1,-1,-1
7, 25382.jpg,10,1167,695,77,124,-1,-1,-1,-1
7, 25382.jpg,11,1300,592,74,130,-1,-1,-1,-1
7, 25382.jpg,12,1179,553,70,112,-1,-1,-1,-1
8, 25383.jpg,2,762,544,59,131,-1,-1,-1,-1
8, 25383.jpg,3,680,524,72,103,-1,-1,-1,-1
8, 25383.jpg,4,583,559,55,109,-1,-1,-1,-1
8, 25383.jpg,5,589,639,84,132,-1,-1,-1,-1
8, 25383.jpg,7,549,741,99,188,-1,-1,-1,-1
8, 25383.jpg,8,884,548,41,128,-1,-1,-1,-1
8, 25383.jpg,9,933,691,89,148,-1,-1,-1,-1
8, 25383.jpg,10,1159,692,80,128,-1,-1,-1,-1
8, 25383.jpg,11,1296,593,74,132,-1,-1,-1,-1
8, 25383.jpg,12,1173,552,68,111,-1,-1,-1,-1
9, 25384.jpg,2,757,543,56,125,-1,-1,-1,-1
9, 25384.jpg,3,680,529,72,103,-1,-1,-1,-1
9, 25384.jpg,4,576,560,56,113,-1,-1,-1,-1
9, 25384.jpg,5,587,639,85,134,-1,-1,-1,-1
9, 25384.jpg,7,549,738,98,189,-1,-1,-1,-1
9, 25384.jpg,8,878,548,40,123,-1,-1,-1,-1
9, 25384.jpg,9,935,690,88,148,-1,-1,-1,-1
9, 25384.jpg,10,1154,692,79,127,-1,-1,-1,-1
9, 25384.jpg,11,1291,593,76,135,-1,-1,-1,-1
9, 25384.jpg,12,1168,551,66,109,-1,-1,-1,-1
10, 25385.jpg,2,749,552,54,119,-1,-1,-1,-1
10, 25385.jpg,3,683,531,69,101,-1,-1,-1,-1
10, 25385.jpg,4,571,562,57,115,-1,-1,-1,-1
10, 25385.jpg,5,584,638,89,138,-1,-1,-1,-1
10, 25385.jpg,7,550,735,98,189,-1,-1,-1,-1
10, 25385.jpg,8,868,543,44,132,-1,-1,-1,-1
10, 25385.jpg,9,938,689,86,146,-1,-1,-1,-1
10, 25385.jpg,10,1153,689,79,128,-1,-1,-1,-1
10, 25385.jpg,11,1290,595,76,135,-1,-1,-1,-1
10, 25385.jpg,12,1162,550,63,104,-1,-1,-1,-1
10, 25385.jpg,16,750,619,61,136,-1,-1,-1,-1
11, 25386.jpg,2,743,548,52,115,-1,-1,-1,-1
11, 25386.jpg,3,683,529,70,106,-1,-1,-1,-1
11, 25386.jpg,4,567,564,58,118,-1,-1,-1,-1
11, 25386.jpg,5,579,635,91,142,-1,-1,-1,-1
11, 25386.jpg,7,551,734,101,196,-1,-1,-1,-1
11, 25386.jpg,8,862,540,45,136,-1,-1,-1,-1
11, 25386.jpg,9,940,691,84,142,-1,-1,-1,-1
11, 25386.jpg,10,1152,691,75,119,-1,-1,-1,-1
11, 25386.jpg,11,1290,598,74,134,-1,-1,-1,-1
11, 25386.jpg,12,1157,548,63,103,-1,-1,-1,-1
11, 25386.jpg,14,746,564,60,136,-1,-1,-1,-1
11, 25386.jpg,16,747,624,60,134,-1,-1,-1,-1
12, 25387.jpg,3,680,527,71,109,-1,-1,-1,-1
12, 25387.jpg,4,561,565,60,122,-1,-1,-1,-1
12, 25387.jpg,5,579,628,95,150,-1,-1,-1,-1
12, 25387.jpg,7,549,731,101,197,-1,-1,-1,-1
12, 25387.jpg,8,849,535,48,142,-1,-1,-1,-1
12, 25387.jpg,9,943,691,81,140,-1,-1,-1,-1
12, 25387.jpg,10,1150,691,75,117,-1,-1,-1,-1
12, 25387.jpg,11,1292,599,73,134,-1,-1,-1,-1
12, 25387.jpg,12,1153,547,64,104,-1,-1,-1,-1
12, 25387.jpg,14,743,575,61,139,-1,-1,-1,-1
13, 25388.jpg,3,678,521,72,113,-1,-1,-1,-1
13, 25388.jpg,4,553,564,62,124,-1,-1,-1,-1
13, 25388.jpg,5,570,626,94,151,-1,-1,-1,-1
13, 25388.jpg,7,550,731,96,190,-1,-1,-1,-1
13, 25388.jpg,8,840,518,52,155,-1,-1,-1,-1
13, 25388.jpg,9,944,691,81,137,-1,-1,-1,-1
13, 25388.jpg,10,1145,688,79,120,-1,-1,-1,-1
13, 25388.jpg,11,1291,603,69,127,-1,-1,-1,-1
13, 25388.jpg,12,1145,542,64,105,-1,-1,-1,-1
13, 25388.jpg,14,740,583,61,139,-1,-1,-1,-1
13, 25388.jpg,16,712,611,66,149,-1,-1,-1,-1
14, 25389.jpg,3,674,515,74,119,-1,-1,-1,-1
14, 25389.jpg,4,550,565,61,125,-1,-1,-1,-1
14, 25389.jpg,5,560,606,92,149,-1,-1,-1,-1
14, 25389.jpg,7,555,738,92,184,-1,-1,-1,-1
14, 25389.jpg,8,833,504,55,165,-1,-1,-1,-1
14, 25389.jpg,9,946,692,83,134,-1,-1,-1,-1
14, 25389.jpg,10,1141,687,83,121,-1,-1,-1,-1
14, 25389.jpg,11,1291,606,65,122,-1,-1,-1,-1
14, 25389.jpg,12,1140,540,64,105,-1,-1,-1,-1
14, 25389.jpg,16,716,616,64,138,-1,-1,-1,-1
15, 25390.jpg,3,673,507,75,125,-1,-1,-1,-1
15, 25390.jpg,4,541,560,62,129,-1,-1,-1,-1
15, 25390.jpg,5,568,615,93,153,-1,-1,-1,-1
15, 25390.jpg,7,555,742,90,182,-1,-1,-1,-1
15, 25390.jpg,8,827,504,52,161,-1,-1,-1,-1
15, 25390.jpg,9,947,692,84,131,-1,-1,-1,-1
15, 25390.jpg,10,1135,686,86,122,-1,-1,-1,-1
15, 25390.jpg,11,1289,606,64,121,-1,-1,-1,-1
15, 25390.jpg,12,1134,540,64,103,-1,-1,-1,-1
15, 25390.jpg,16,711,604,68,147,-1,-1,-1,-1
16, 25391.jpg,3,665,497,78,133,-1,-1,-1,-1
16, 25391.jpg,4,534,559,65,134,-1,-1,-1,-1
16, 25391.jpg,5,569,617,95,158,-1,-1,-1,-1
16, 25391.jpg,7,558,749,87,175,-1,-1,-1,-1
16, 25391.jpg,8,816,493,52,162,-1,-1,-1,-1
16, 25391.jpg,9,946,691,86,129,-1,-1,-1,-1
16, 25391.jpg,10,1130,687,86,119,-1,-1,-1,-1
16, 25391.jpg,11,1288,607,65,122,-1,-1,-1,-1
16, 25391.jpg,12,1125,539,67,104,-1,-1,-1,-1
16, 25391.jpg,16,700,607,68,145,-1,-1,-1,-1
17, 25392.jpg,3,664,490,72,128,-1,-1,-1,-1
17, 25392.jpg,4,534,557,65,133,-1,-1,-1,-1
17, 25392.jpg,5,570,621,92,156,-1,-1,-1,-1
17, 25392.jpg,7,559,750,86,170,-1,-1,-1,-1
17, 25392.jpg,8,811,492,53,168,-1,-1,-1,-1
17, 25392.jpg,9,946,691,89,132,-1,-1,-1,-1
17, 25392.jpg,10,1119,685,91,123,-1,-1,-1,-1
17, 25392.jpg,11,1287,607,68,127,-1,-1,-1,-1
17, 25392.jpg,12,1115,538,69,105,-1,-1,-1,-1
17, 25392.jpg,16,701,605,68,143,-1,-1,-1,-1
18, 25393.jpg,3,662,480,65,117,-1,-1,-1,-1
18, 25393.jpg,4,540,568,74,149,-1,-1,-1,-1
18, 25393.jpg,5,599,626,88,146,-1,-1,-1,-1
18, 25393.jpg,7,560,745,87,173,-1,-1,-1,-1
18, 25393.jpg,8,803,474,55,179,-1,-1,-1,-1
18, 25393.jpg,9,945,689,91,132,-1,-1,-1,-1
18, 25393.jpg,10,1110,685,94,124,-1,-1,-1,-1
18, 25393.jpg,11,1284,607,71,130,-1,-1,-1,-1
18, 25393.jpg,12,1105,538,71,104,-1,-1,-1,-1
18, 25393.jpg,16,693,602,69,143,-1,-1,-1,-1
19, 25394.jpg,3,659,467,67,120,-1,-1,-1,-1
19, 25394.jpg,4,539,578,76,152,-1,-1,-1,-1
19, 25394.jpg,5,602,626,88,147,-1,-1,-1,-1
19, 25394.jpg,7,558,745,86,172,-1,-1,-1,-1
19, 25394.jpg,8,793,467,58,194,-1,-1,-1,-1
19, 25394.jpg,9,940,686,95,137,-1,-1,-1,-1
19, 25394.jpg,10,1100,685,97,127,-1,-1,-1,-1
19, 25394.jpg,11,1281,607,73,132,-1,-1,-1,-1
19, 25394.jpg,12,1093,537,74,104,-1,-1,-1,-1
19, 25394.jpg,14,711,583,65,148,-1,-1,-1,-1
19, 25394.jpg,16,670,608,73,144,-1,-1,-1,-1
20, 25395.jpg,3,656,462,70,126,-1,-1,-1,-1
20, 25395.jpg,4,551,610,76,151,-1,-1,-1,-1
20, 25395.jpg,7,556,739,87,171,-1,-1,-1,-1
20, 25395.jpg,8,786,467,58,199,-1,-1,-1,-1
20, 25395.jpg,9,938,684,97,141,-1,-1,-1,-1
20, 25395.jpg,10,1095,687,99,128,-1,-1,-1,-1
20, 25395.jpg,11,1279,608,75,132,-1,-1,-1,-1
20, 25395.jpg,12,1083,537,77,104,-1,-1,-1,-1
20, 25395.jpg,14,707,583,64,148,-1,-1,-1,-1
20, 25395.jpg,16,658,611,74,142,-1,-1,-1,-1
21, 25396.jpg,3,652,459,71,132,-1,-1,-1,-1
21, 25396.jpg,4,549,615,77,153,-1,-1,-1,-1
21, 25396.jpg,5,591,632,83,134,-1,-1,-1,-1
21, 25396.jpg,7,555,737,84,166,-1,-1,-1,-1
21, 25396.jpg,8,780,460,59,207,-1,-1,-1,-1
21, 25396.jpg,9,940,682,97,140,-1,-1,-1,-1
21, 25396.jpg,10,1089,688,100,128,-1,-1,-1,-1
21, 25396.jpg,11,1276,609,77,134,-1,-1,-1,-1
21, 25396.jpg,12,1070,534,80,105,-1,-1,-1,-1
21, 25396.jpg,14,704,585,61,141,-1,-1,-1,-1
21, 25396.jpg,16,650,611,74,142,-1,-1,-1,-1
22, 25397.jpg,3,649,454,72,137,-1,-1,-1,-1
22, 25397.jpg,4,547,627,71,141,-1,-1,-1,-1
22, 25397.jpg,5,606,631,83,132,-1,-1,-1,-1
22, 25397.jpg,7,556,738,80,158,-1,-1,-1,-1
22, 25397.jpg,8,776,469,54,190,-1,-1,-1,-1
22, 25397.jpg,9,943,681,94,140,-1,-1,-1,-1
22, 25397.jpg,10,1081,689,100,126,-1,-1,-1,-1
22, 25397.jpg,11,1274,608,78,137,-1,-1,-1,-1
22, 25397.jpg,12,1058,532,83,105,-1,-1,-1,-1
22, 25397.jpg,14,687,601,63,135,-1,-1,-1,-1
22, 25397.jpg,21,515,558,65,135,-1,-1,-1,-1
23, 25398.jpg,3,645,440,77,151,-1,-1,-1,-1
23, 25398.jpg,4,541,631,70,137,-1,-1,-1,-1
23, 25398.jpg,5,607,631,84,132,-1,-1,-1,-1
23, 25398.jpg,7,556,737,80,156,-1,-1,-1,-1
23, 25398.jpg,8,769,467,54,188,-1,-1,-1,-1
23, 25398.jpg,9,946,680,92,141,-1,-1,-1,-1
23, 25398.jpg,10,1077,689,100,128,-1,-1,-1,-1
23, 25398.jpg,11,1272,608,78,139,-1,-1,-1,-1
23, 25398.jpg,12,1046,531,82,104,-1,-1,-1,-1
23, 25398.jpg,14,692,593,62,135,-1,-1,-1,-1
23, 25398.jpg,21,509,549,64,133,-1,-1,-1,-1
24, 25399.jpg,3,647,444,75,145,-1,-1,-1,-1
24, 25399.jpg,4,537,631,70,136,-1,-1,-1,-1
24, 25399.jpg,5,601,629,84,135,-1,-1,-1,-1
24, 25399.jpg,7,557,740,75,149,-1,-1,-1,-1
24, 25399.jpg,8,762,457,56,196,-1,-1,-1,-1
24, 25399.jpg,9,952,680,90,138,-1,-1,-1,-1
24, 25399.jpg,10,1074,690,99,124,-1,-1,-1,-1
24, 25399.jpg,11,1273,609,76,137,-1,-1,-1,-1
24, 25399.jpg,12,1036,532,82,104,-1,-1,-1,-1
24, 25399.jpg,14,694,593,61,134,-1,-1,-1,-1
24, 25399.jpg,21,503,546,61,128,-1,-1,-1,-1
25, 25400.jpg,3,650,459,66,127,-1,-1,-1,-1
25, 25400.jpg,4,528,633,67,133,-1,-1,-1,-1
25, 25400.jpg,5,591,627,84,136,-1,-1,-1,-1
25, 25400.jpg,7,548,737,77,151,-1,-1,-1,-1
25, 25400.jpg,8,755,452,58,198,-1,-1,-1,-1
25, 25400.jpg,9,960,679,88,136,-1,-1,-1,-1
25, 25400.jpg,10,1071,691,98,122,-1,-1,-1,-1
25, 25400.jpg,11,1274,611,74,134,-1,-1,-1,-1
25, 25400.jpg,12,1023,532,81,105,-1,-1,-1,-1
25, 25400.jpg,14,692,594,63,136,-1,-1,-1,-1
25, 25400.jpg,21,499,546,57,120,-1,-1,-1,-1
26, 25401.jpg,3,655,469,61,115,-1,-1,-1,-1
26, 25401.jpg,4,524,636,65,127,-1,-1,-1,-1
26, 25401.jpg,5,583,631,80,134,-1,-1,-1,-1
26, 25401.jpg,7,545,737,74,145,-1,-1,-1,-1
26, 25401.jpg,8,751,450,56,190,-1,-1,-1,-1
26, 25401.jpg,9,965,681,89,135,-1,-1,-1,-1
26, 25401.jpg,10,1064,692,98,120,-1,-1,-1,-1
26, 25401.jpg,11,1277,613,72,130,-1,-1,-1,-1
26, 25401.jpg,12,1014,533,80,106,-1,-1,-1,-1
26, 25401.jpg,14,689,596,61,129,-1,-1,-1,-1
26, 25401.jpg,21,494,548,56,120,-1,-1,-1,-1
27, 25402.jpg,3,658,481,58,106,-1,-1,-1,-1
27, 25402.jpg,4,519,640,64,123,-1,-1,-1,-1
27, 25402.jpg,5,574,632,80,134,-1,-1,-1,-1
27, 25402.jpg,7,544,737,72,142,-1,-1,-1,-1
27, 25402.jpg,8,753,465,50,169,-1,-1,-1,-1
27, 25402.jpg,9,969,684,89,131,-1,-1,-1,-1
27, 25402.jpg,10,1060,695,95,117,-1,-1,-1,-1
27, 25402.jpg,11,1279,613,75,134,-1,-1,-1,-1
27, 25402.jpg,12,1004,533,81,109,-1,-1,-1,-1
27, 25402.jpg,14,684,598,60,126,-1,-1,-1,-1
27, 25402.jpg,21,493,550,56,121,-1,-1,-1,-1
28, 25403.jpg,3,654,483,60,109,-1,-1,-1,-1
28, 25403.jpg,4,516,644,63,122,-1,-1,-1,-1
28, 25403.jpg,5,572,632,79,134,-1,-1,-1,-1
28, 25403.jpg,7,546,736,72,140,-1,-1,-1,-1
28, 25403.jpg,8,750,471,49,163,-1,-1,-1,-1
28, 25403.jpg,9,970,687,88,129,-1,-1,-1,-1
28, 25403.jpg,10,1060,696,92,114,-1,-1,-1,-1
28, 25403.jpg,11,1282,616,76,134,-1,-1,-1,-1
28, 25403.jpg,12,993,531,82,116,-1,-1,-1,-1
28, 25403.jpg,14,681,598,59,125,-1,-1,-1,-1
28, 25403.jpg,16,540,639,66,121,-1,-1,-1,-1
28, 25403.jpg,21,492,554,53,115,-1,-1,-1,-1
29, 25404.jpg,3,652,490,60,107,-1,-1,-1,-1
29, 25404.jpg,7,544,732,74,142,-1,-1,-1,-1
29, 25404.jpg,8,746,474,50,163,-1,-1,-1,-1
29, 25404.jpg,9,970,689,88,126,-1,-1,-1,-1
29, 25404.jpg,10,1056,696,92,115,-1,-1,-1,-1
29, 25404.jpg,11,1284,619,75,131,-1,-1,-1,-1
29, 25404.jpg,12,985,531,82,118,-1,-1,-1,-1
29, 25404.jpg,14,678,598,60,128,-1,-1,-1,-1
29, 25404.jpg,16,533,643,68,120,-1,-1,-1,-1
29, 25404.jpg,21,491,557,52,114,-1,-1,-1,-1
30, 25405.jpg,3,645,489,63,113,-1,-1,-1,-1
30, 25405.jpg,4,496,647,64,126,-1,-1,-1,-1
30, 25405.jpg,5,552,645,76,129,-1,-1,-1,-1
30, 25405.jpg,7,544,733,72,136,-1,-1,-1,-1
30, 25405.jpg,8,740,471,52,171,-1,-1,-1,-1
30, 25405.jpg,9,969,692,87,123,-1,-1,-1,-1
30, 25405.jpg,10,1052,694,93,117,-1,-1,-1,-1
30, 25405.jpg,11,1284,620,75,130,-1,-1,-1,-1
30, 25405.jpg,12,976,534,77,113,-1,-1,-1,-1
30, 25405.jpg,14,675,598,60,129,-1,-1,-1,-1
30, 25405.jpg,16,522,646,67,118,-1,-1,-1,-1
30, 25405.jpg,21,490,589,53,116,-1,-1,-1,-1
30, 25405.jpg,24,1597,719,92,124,-1,-1,-1,-1
31, 25406.jpg,2,485,559,47,104,-1,-1,-1,-1
31, 25406.jpg,3,642,498,63,111,-1,-1,-1,-1
31, 25406.jpg,4,491,651,64,125,-1,-1,-1,-1
31, 25406.jpg,5,549,647,75,128,-1,-1,-1,-1
31, 25406.jpg,7,544,733,70,131,-1,-1,-1,-1
31, 25406.jpg,8,741,475,54,172,-1,-1,-1,-1
31, 25406.jpg,9,967,693,87,122,-1,-1,-1,-1
31, 25406.jpg,10,1047,690,94,119,-1,-1,-1,-1
31, 25406.jpg,11,1286,620,74,129,-1,-1,-1,-1
31, 25406.jpg,12,972,535,74,112,-1,-1,-1,-1
31, 25406.jpg,14,670,596,61,129,-1,-1,-1,-1
31, 25406.jpg,16,511,647,74,123,-1,-1,-1,-1
31, 25406.jpg,21,487,594,52,114,-1,-1,-1,-1
31, 25406.jpg,24,1594,720,91,123,-1,-1,-1,-1
32, 25407.jpg,2,478,560,49,108,-1,-1,-1,-1
32, 25407.jpg,3,645,508,59,100,-1,-1,-1,-1
32, 25407.jpg,7,545,715,70,132,-1,-1,-1,-1
32, 25407.jpg,8,740,485,55,164,-1,-1,-1,-1
32, 25407.jpg,9,966,694,86,122,-1,-1,-1,-1
32, 25407.jpg,10,1046,685,98,125,-1,-1,-1,-1
32, 25407.jpg,11,1285,621,74,128,-1,-1,-1,-1
32, 25407.jpg,12,971,536,69,109,-1,-1,-1,-1
32, 25407.jpg,14,672,600,58,123,-1,-1,-1,-1
32, 25407.jpg,16,502,647,78,126,-1,-1,-1,-1
32, 25407.jpg,24,1592,719,91,123,-1,-1,-1,-1
33, 25408.jpg,2,477,561,51,109,-1,-1,-1,-1
33, 25408.jpg,3,653,520,61,101,-1,-1,-1,-1
33, 25408.jpg,7,542,699,77,145,-1,-1,-1,-1
33, 25408.jpg,8,740,487,57,166,-1,-1,-1,-1
33, 25408.jpg,9,967,697,85,120,-1,-1,-1,-1
33, 25408.jpg,10,1046,681,100,129,-1,-1,-1,-1
33, 25408.jpg,11,1286,621,74,130,-1,-1,-1,-1
33, 25408.jpg,12,972,537,67,107,-1,-1,-1,-1
33, 25408.jpg,14,671,601,59,125,-1,-1,-1,-1
33, 25408.jpg,16,502,646,82,129,-1,-1,-1,-1
33, 25408.jpg,24,1593,719,90,123,-1,-1,-1,-1
34, 25409.jpg,2,478,561,51,111,-1,-1,-1,-1
34, 25409.jpg,3,658,530,59,99,-1,-1,-1,-1
34, 25409.jpg,7,548,688,75,141,-1,-1,-1,-1
34, 25409.jpg,8,741,494,56,158,-1,-1,-1,-1
34, 25409.jpg,9,968,699,84,120,-1,-1,-1,-1
34, 25409.jpg,10,1047,673,102,137,-1,-1,-1,-1
34, 25409.jpg,11,1288,620,76,132,-1,-1,-1,-1
34, 25409.jpg,12,973,537,65,106,-1,-1,-1,-1
34, 25409.jpg,14,671,587,63,135,-1,-1,-1,-1
34, 25409.jpg,16,500,644,84,130,-1,-1,-1,-1
34, 25409.jpg,24,1594,718,91,124,-1,-1,-1,-1
35, 25410.jpg,2,479,561,53,111,-1,-1,-1,-1
35, 25410.jpg,3,661,542,62,108,-1,-1,-1,-1
35, 25410.jpg,7,551,681,75,142,-1,-1,-1,-1
35, 25410.jpg,8,741,499,55,152,-1,-1,-1,-1
35, 25410.jpg,9,971,701,83,118,-1,-1,-1,-1
35, 25410.jpg,10,1051,667,102,139,-1,-1,-1,-1
35, 25410.jpg,11,1289,618,76,135,-1,-1,-1,-1
35, 25410.jpg,12,976,538,64,108,-1,-1,-1,-1
35, 25410.jpg,14,671,579,67,144,-1,-1,-1,-1
35, 25410.jpg,16,480,643,79,124,-1,-1,-1,-1
35, 25410.jpg,24,1595,717,91,125,-1,-1,-1,-1
36, 25411.jpg,2,479,569,56,115,-1,-1,-1,-1
36, 25411.jpg,3,662,548,62,107,-1,-1,-1,-1
36, 25411.jpg,7,551,678,78,149,-1,-1,-1,-1
36, 25411.jpg,8,742,497,55,153,-1,-1,-1,-1
36, 25411.jpg,9,973,703,81,116,-1,-1,-1,-1
36, 25411.jpg,10,1053,660,103,144,-1,-1,-1,-1
36, 25411.jpg,11,1292,612,78,141,-1,-1,-1,-1
36, 25411.jpg,12,978,537,64,109,-1,-1,-1,-1
36, 25411.jpg,14,679,573,57,125,-1,-1,-1,-1
36, 25411.jpg,16,470,635,81,134,-1,-1,-1,-1
36, 25411.jpg,24,1600,719,88,121,-1,-1,-1,-1
37, 25412.jpg,2,470,570,56,115,-1,-1,-1,-1
37, 25412.jpg,5,551,629,82,141,-1,-1,-1,-1
37, 25412.jpg,7,547,703,77,146,-1,-1,-1,-1
37, 25412.jpg,8,744,495,56,157,-1,-1,-1,-1
37, 25412.jpg,9,977,704,79,114,-1,-1,-1,-1
37, 25412.jpg,10,1058,657,101,145,-1,-1,-1,-1
37, 25412.jpg,11,1293,607,80,147,-1,-1,-1,-1
37, 25412.jpg,12,980,536,62,110,-1,-1,-1,-1
37, 25412.jpg,14,680,557,54,123,-1,-1,-1,-1
37, 25412.jpg,16,460,635,82,135,-1,-1,-1,-1
37, 25412.jpg,21,485,581,61,132,-1,-1,-1,-1
37, 25412.jpg,24,1599,718,88,122,-1,-1,-1,-1
38, 25413.jpg,5,553,625,83,145,-1,-1,-1,-1
38, 25413.jpg,7,550,714,77,145,-1,-1,-1,-1
38, 25413.jpg,8,747,497,55,155,-1,-1,-1,-1
38, 25413.jpg,9,979,706,78,111,-1,-1,-1,-1
38, 25413.jpg,10,1059,654,99,145,-1,-1,-1,-1
38, 25413.jpg,11,1294,600,84,155,-1,-1,-1,-1
38, 25413.jpg,12,983,535,63,113,-1,-1,-1,-1
38, 25413.jpg,14,677,568,61,138,-1,-1,-1,-1
38, 25413.jpg,21,484,582,60,128,-1,-1,-1,-1
38, 25413.jpg,24,1607,721,86,120,-1,-1,-1,-1
39, 25414.jpg,2,481,562,56,113,-1,-1,-1,-1
39, 25414.jpg,5,536,621,86,144,-1,-1,-1,-1
39, 25414.jpg,7,547,714,81,150,-1,-1,-1,-1
39, 25414.jpg,8,754,499,54,151,-1,-1,-1,-1
39, 25414.jpg,9,984,708,76,110,-1,-1,-1,-1
39, 25414.jpg,10,1062,653,96,144,-1,-1,-1,-1
39, 25414.jpg,11,1295,594,84,158,-1,-1,-1,-1
39, 25414.jpg,12,987,533,63,117,-1,-1,-1,-1
39, 25414.jpg,14,677,572,64,145,-1,-1,-1,-1
39, 25414.jpg,16,462,629,83,139,-1,-1,-1,-1
39, 25414.jpg,21,483,583,60,128,-1,-1,-1,-1
39, 25414.jpg,24,1611,724,85,116,-1,-1,-1,-1
40, 25415.jpg,2,474,562,56,113,-1,-1,-1,-1
40, 25415.jpg,5,553,620,84,144,-1,-1,-1,-1
40, 25415.jpg,7,550,715,82,150,-1,-1,-1,-1
40, 25415.jpg,8,760,500,52,150,-1,-1,-1,-1
40, 25415.jpg,9,988,711,74,107,-1,-1,-1,-1
40, 25415.jpg,10,1067,651,94,144,-1,-1,-1,-1
40, 25415.jpg,11,1295,589,85,162,-1,-1,-1,-1
40, 25415.jpg,12,992,534,61,114,-1,-1,-1,-1
40, 25415.jpg,14,679,575,64,145,-1,-1,-1,-1
40, 25415.jpg,16,454,628,84,140,-1,-1,-1,-1
40, 25415.jpg,21,487,592,63,135,-1,-1,-1,-1
40, 25415.jpg,24,1615,723,85,118,-1,-1,-1,-1
