2, 21762.jpg,1,625,307,27,80,-1,-1,-1,-1
2, 21762.jpg,3,280,389,72,97,-1,-1,-1,-1
2, 21762.jpg,4,454,271,42,78,-1,-1,-1,-1
2, 21762.jpg,5,341,343,65,101,-1,-1,-1,-1
2, 21762.jpg,6,264,454,102,102,-1,-1,-1,-1
2, 21762.jpg,7,484,375,61,114,-1,-1,-1,-1
2, 21762.jpg,8,856,332,48,60,-1,-1,-1,-1
2, 21762.jpg,9,885,420,55,90,-1,-1,-1,-1
2, 21762.jpg,10,927,353,51,93,-1,-1,-1,-1
3, 21763.jpg,1,624,303,25,75,-1,-1,-1,-1
3, 21763.jpg,3,283,389,70,93,-1,-1,-1,-1
3, 21763.jpg,4,450,271,45,81,-1,-1,-1,-1
3, 21763.jpg,5,343,344,61,94,-1,-1,-1,-1
3, 21763.jpg,6,272,457,96,96,-1,-1,-1,-1
3, 21763.jpg,7,479,375,61,113,-1,-1,-1,-1
3, 21763.jpg,8,852,329,53,65,-1,-1,-1,-1
3, 21763.jpg,9,887,420,55,92,-1,-1,-1,-1
3, 21763.jpg,10,923,350,52,95,-1,-1,-1,-1
4, 21764.jpg,1,615,306,29,86,-1,-1,-1,-1
4, 21764.jpg,3,283,386,73,98,-1,-1,-1,-1
4, 21764.jpg,4,447,271,45,82,-1,-1,-1,-1
4, 21764.jpg,5,346,347,58,91,-1,-1,-1,-1
4, 21764.jpg,6,280,459,92,94,-1,-1,-1,-1
4, 21764.jpg,7,473,373,54,100,-1,-1,-1,-1
4, 21764.jpg,8,848,328,55,68,-1,-1,-1,-1
4, 21764.jpg,9,889,421,56,93,-1,-1,-1,-1
4, 21764.jpg,10,921,348,50,92,-1,-1,-1,-1
4, 21764.jpg,11,607,371,45,137,-1,-1,-1,-1
5, 21765.jpg,1,609,310,29,85,-1,-1,-1,-1
5, 21765.jpg,3,283,385,73,99,-1,-1,-1,-1
5, 21765.jpg,4,444,270,47,84,-1,-1,-1,-1
5, 21765.jpg,5,349,347,58,92,-1,-1,-1,-1
5, 21765.jpg,6,287,460,93,98,-1,-1,-1,-1
5, 21765.jpg,7,481,376,65,119,-1,-1,-1,-1
5, 21765.jpg,8,843,325,59,72,-1,-1,-1,-1
5, 21765.jpg,9,890,422,57,96,-1,-1,-1,-1
5, 21765.jpg,10,919,346,49,90,-1,-1,-1,-1
5, 21765.jpg,11,605,364,37,113,-1,-1,-1,-1
6, 21766.jpg,1,605,309,29,85,-1,-1,-1,-1
6, 21766.jpg,3,284,383,72,101,-1,-1,-1,-1
6, 21766.jpg,4,442,270,47,84,-1,-1,-1,-1
6, 21766.jpg,5,351,345,58,94,-1,-1,-1,-1
6, 21766.jpg,6,294,458,94,101,-1,-1,-1,-1
6, 21766.jpg,7,487,375,70,131,-1,-1,-1,-1
6, 21766.jpg,8,840,325,59,71,-1,-1,-1,-1
6, 21766.jpg,9,892,422,56,96,-1,-1,-1,-1
6, 21766.jpg,10,914,343,49,91,-1,-1,-1,-1
6, 21766.jpg,11,604,346,32,98,-1,-1,-1,-1
7, 21767.jpg,1,604,309,29,83,-1,-1,-1,-1
7, 21767.jpg,3,285,383,71,102,-1,-1,-1,-1
7, 21767.jpg,4,437,270,49,86,-1,-1,-1,-1
7, 21767.jpg,5,351,341,59,97,-1,-1,-1,-1
7, 21767.jpg,6,299,454,97,105,-1,-1,-1,-1
7, 21767.jpg,7,491,379,69,130,-1,-1,-1,-1
7, 21767.jpg,8,836,325,58,70,-1,-1,-1,-1
7, 21767.jpg,9,895,423,56,96,-1,-1,-1,-1
7, 21767.jpg,10,911,340,49,92,-1,-1,-1,-1
7, 21767.jpg,11,603,341,30,93,-1,-1,-1,-1
8, 21768.jpg,1,599,310,31,87,-1,-1,-1,-1
8, 21768.jpg,3,285,383,71,104,-1,-1,-1,-1
8, 21768.jpg,4,434,269,50,87,-1,-1,-1,-1
8, 21768.jpg,5,353,337,62,102,-1,-1,-1,-1
8, 21768.jpg,6,305,451,97,108,-1,-1,-1,-1
8, 21768.jpg,7,493,384,67,127,-1,-1,-1,-1
8, 21768.jpg,8,830,324,59,72,-1,-1,-1,-1
8, 21768.jpg,9,900,427,54,95,-1,-1,-1,-1
8, 21768.jpg,10,909,340,49,92,-1,-1,-1,-1
8, 21768.jpg,13,596,366,32,145,-1,-1,-1,-1
8, 21768.jpg,14,448,364,50,104,-1,-1,-1,-1
9, 21769.jpg,1,595,311,32,86,-1,-1,-1,-1
9, 21769.jpg,3,285,385,70,105,-1,-1,-1,-1
9, 21769.jpg,4,433,267,51,88,-1,-1,-1,-1
9, 21769.jpg,5,352,335,64,105,-1,-1,-1,-1
9, 21769.jpg,6,312,451,96,108,-1,-1,-1,-1
9, 21769.jpg,7,493,386,65,125,-1,-1,-1,-1
9, 21769.jpg,8,826,324,60,73,-1,-1,-1,-1
9, 21769.jpg,9,901,429,54,96,-1,-1,-1,-1
9, 21769.jpg,10,905,340,48,90,-1,-1,-1,-1
9, 21769.jpg,11,597,345,31,92,-1,-1,-1,-1
9, 21769.jpg,13,595,369,31,141,-1,-1,-1,-1
9, 21769.jpg,14,442,364,51,106,-1,-1,-1,-1
10, 21770.jpg,1,596,315,31,81,-1,-1,-1,-1
10, 21770.jpg,3,286,387,68,106,-1,-1,-1,-1
10, 21770.jpg,4,431,265,53,93,-1,-1,-1,-1
10, 21770.jpg,5,351,333,64,106,-1,-1,-1,-1
10, 21770.jpg,6,319,451,93,107,-1,-1,-1,-1
10, 21770.jpg,7,493,391,64,123,-1,-1,-1,-1
10, 21770.jpg,8,819,324,63,75,-1,-1,-1,-1
10, 21770.jpg,9,900,432,54,98,-1,-1,-1,-1
10, 21770.jpg,10,903,340,47,88,-1,-1,-1,-1
10, 21770.jpg,11,595,343,30,88,-1,-1,-1,-1
10, 21770.jpg,13,588,362,33,152,-1,-1,-1,-1
10, 21770.jpg,14,435,364,51,105,-1,-1,-1,-1
11, 21771.jpg,1,593,316,33,83,-1,-1,-1,-1
11, 21771.jpg,3,286,388,68,109,-1,-1,-1,-1
11, 21771.jpg,4,431,263,51,93,-1,-1,-1,-1
11, 21771.jpg,5,350,330,64,107,-1,-1,-1,-1
11, 21771.jpg,6,324,451,91,107,-1,-1,-1,-1
11, 21771.jpg,7,494,397,63,121,-1,-1,-1,-1
11, 21771.jpg,8,816,325,65,77,-1,-1,-1,-1
11, 21771.jpg,9,899,436,54,97,-1,-1,-1,-1
11, 21771.jpg,10,898,341,49,88,-1,-1,-1,-1
11, 21771.jpg,13,588,369,32,134,-1,-1,-1,-1
11, 21771.jpg,14,429,364,51,107,-1,-1,-1,-1
12, 21772.jpg,1,590,317,36,85,-1,-1,-1,-1
12, 21772.jpg,3,288,392,64,108,-1,-1,-1,-1
12, 21772.jpg,4,429,263,51,95,-1,-1,-1,-1
12, 21772.jpg,5,349,327,64,109,-1,-1,-1,-1
12, 21772.jpg,6,329,452,88,108,-1,-1,-1,-1
12, 21772.jpg,7,491,402,65,123,-1,-1,-1,-1
12, 21772.jpg,8,814,328,64,75,-1,-1,-1,-1
12, 21772.jpg,9,900,441,50,91,-1,-1,-1,-1
12, 21772.jpg,10,894,343,50,87,-1,-1,-1,-1
12, 21772.jpg,13,588,368,34,129,-1,-1,-1,-1
12, 21772.jpg,14,421,365,52,107,-1,-1,-1,-1
13, 21773.jpg,1,588,317,37,87,-1,-1,-1,-1
13, 21773.jpg,3,290,397,62,105,-1,-1,-1,-1
13, 21773.jpg,4,430,264,50,95,-1,-1,-1,-1
13, 21773.jpg,5,348,323,63,111,-1,-1,-1,-1
13, 21773.jpg,6,336,455,81,104,-1,-1,-1,-1
13, 21773.jpg,7,495,411,66,125,-1,-1,-1,-1
13, 21773.jpg,8,812,331,63,74,-1,-1,-1,-1
13, 21773.jpg,9,899,445,49,88,-1,-1,-1,-1
13, 21773.jpg,10,890,345,52,87,-1,-1,-1,-1
13, 21773.jpg,13,589,372,33,117,-1,-1,-1,-1
13, 21773.jpg,14,417,367,51,106,-1,-1,-1,-1
14, 21774.jpg,1,585,317,38,88,-1,-1,-1,-1
14, 21774.jpg,3,294,404,57,100,-1,-1,-1,-1
14, 21774.jpg,4,431,265,50,96,-1,-1,-1,-1
14, 21774.jpg,5,347,320,61,111,-1,-1,-1,-1
14, 21774.jpg,6,341,454,80,107,-1,-1,-1,-1
14, 21774.jpg,7,495,421,66,126,-1,-1,-1,-1
14, 21774.jpg,8,809,333,63,72,-1,-1,-1,-1
14, 21774.jpg,9,898,446,48,87,-1,-1,-1,-1
14, 21774.jpg,10,888,348,53,84,-1,-1,-1,-1
14, 21774.jpg,13,588,381,33,105,-1,-1,-1,-1
14, 21774.jpg,14,414,372,52,106,-1,-1,-1,-1
15, 21775.jpg,1,582,318,40,89,-1,-1,-1,-1
15, 21775.jpg,3,297,409,54,96,-1,-1,-1,-1
15, 21775.jpg,4,432,267,50,97,-1,-1,-1,-1
15, 21775.jpg,5,348,318,60,110,-1,-1,-1,-1
15, 21775.jpg,6,346,453,79,110,-1,-1,-1,-1
15, 21775.jpg,7,498,433,63,120,-1,-1,-1,-1
15, 21775.jpg,8,810,335,62,70,-1,-1,-1,-1
15, 21775.jpg,9,897,444,49,89,-1,-1,-1,-1
15, 21775.jpg,10,887,351,53,81,-1,-1,-1,-1
15, 21775.jpg,13,586,380,36,110,-1,-1,-1,-1
15, 21775.jpg,14,412,375,51,105,-1,-1,-1,-1
16, 21776.jpg,1,581,318,39,84,-1,-1,-1,-1
16, 21776.jpg,3,300,414,50,91,-1,-1,-1,-1
16, 21776.jpg,4,434,271,49,96,-1,-1,-1,-1
16, 21776.jpg,5,349,316,58,110,-1,-1,-1,-1
16, 21776.jpg,6,355,456,75,106,-1,-1,-1,-1
16, 21776.jpg,7,501,444,60,115,-1,-1,-1,-1
16, 21776.jpg,8,808,337,62,68,-1,-1,-1,-1
16, 21776.jpg,9,896,441,49,92,-1,-1,-1,-1
16, 21776.jpg,10,885,354,53,79,-1,-1,-1,-1
16, 21776.jpg,13,586,385,36,106,-1,-1,-1,-1
16, 21776.jpg,14,411,378,49,102,-1,-1,-1,-1
17, 21777.jpg,1,580,319,38,80,-1,-1,-1,-1
17, 21777.jpg,3,301,415,48,90,-1,-1,-1,-1
17, 21777.jpg,4,436,276,47,93,-1,-1,-1,-1
17, 21777.jpg,5,350,316,56,108,-1,-1,-1,-1
17, 21777.jpg,6,362,456,74,106,-1,-1,-1,-1
17, 21777.jpg,7,501,451,58,110,-1,-1,-1,-1
17, 21777.jpg,8,806,340,58,62,-1,-1,-1,-1
17, 21777.jpg,9,895,438,50,94,-1,-1,-1,-1
17, 21777.jpg,10,884,355,53,77,-1,-1,-1,-1
17, 21777.jpg,13,589,385,36,100,-1,-1,-1,-1
17, 21777.jpg,14,411,379,49,102,-1,-1,-1,-1
18, 21778.jpg,1,580,319,38,79,-1,-1,-1,-1
18, 21778.jpg,3,300,413,49,93,-1,-1,-1,-1
18, 21778.jpg,4,438,280,47,93,-1,-1,-1,-1
18, 21778.jpg,5,351,317,54,108,-1,-1,-1,-1
18, 21778.jpg,6,365,457,74,106,-1,-1,-1,-1
18, 21778.jpg,7,501,455,55,105,-1,-1,-1,-1
18, 21778.jpg,8,805,343,58,60,-1,-1,-1,-1
18, 21778.jpg,9,894,430,52,102,-1,-1,-1,-1
18, 21778.jpg,10,883,357,53,75,-1,-1,-1,-1
18, 21778.jpg,13,590,383,36,99,-1,-1,-1,-1
18, 21778.jpg,14,411,379,49,103,-1,-1,-1,-1
19, 21779.jpg,1,580,318,40,81,-1,-1,-1,-1
19, 21779.jpg,3,299,410,49,96,-1,-1,-1,-1
19, 21779.jpg,4,440,283,46,92,-1,-1,-1,-1
19, 21779.jpg,5,352,319,52,106,-1,-1,-1,-1
19, 21779.jpg,6,369,459,71,105,-1,-1,-1,-1
19, 21779.jpg,7,499,458,54,103,-1,-1,-1,-1
19, 21779.jpg,8,802,344,60,59,-1,-1,-1,-1
19, 21779.jpg,9,892,425,55,107,-1,-1,-1,-1
19, 21779.jpg,10,882,356,56,76,-1,-1,-1,-1
19, 21779.jpg,13,579,391,40,104,-1,-1,-1,-1
19, 21779.jpg,14,410,380,48,102,-1,-1,-1,-1
20, 21780.jpg,1,578,316,42,86,-1,-1,-1,-1
20, 21780.jpg,3,298,405,50,99,-1,-1,-1,-1
20, 21780.jpg,4,441,285,46,91,-1,-1,-1,-1
20, 21780.jpg,5,353,321,49,102,-1,-1,-1,-1
20, 21780.jpg,6,375,463,69,102,-1,-1,-1,-1
20, 21780.jpg,7,497,455,56,109,-1,-1,-1,-1
20, 21780.jpg,8,799,344,62,59,-1,-1,-1,-1
20, 21780.jpg,9,892,423,53,106,-1,-1,-1,-1
20, 21780.jpg,10,881,356,56,76,-1,-1,-1,-1
20, 21780.jpg,13,582,383,41,105,-1,-1,-1,-1
20, 21780.jpg,14,409,379,49,105,-1,-1,-1,-1
21, 21781.jpg,1,577,315,44,91,-1,-1,-1,-1
21, 21781.jpg,3,298,400,49,102,-1,-1,-1,-1
21, 21781.jpg,4,442,288,44,89,-1,-1,-1,-1
21, 21781.jpg,5,356,324,45,95,-1,-1,-1,-1
21, 21781.jpg,6,377,463,69,103,-1,-1,-1,-1
21, 21781.jpg,7,493,454,58,112,-1,-1,-1,-1
21, 21781.jpg,8,798,348,60,55,-1,-1,-1,-1
21, 21781.jpg,9,893,421,53,106,-1,-1,-1,-1
21, 21781.jpg,10,877,356,58,76,-1,-1,-1,-1
21, 21781.jpg,13,585,381,42,105,-1,-1,-1,-1
21, 21781.jpg,14,409,378,49,107,-1,-1,-1,-1
22, 21782.jpg,1,578,314,45,94,-1,-1,-1,-1
22, 21782.jpg,3,298,397,48,102,-1,-1,-1,-1
22, 21782.jpg,4,443,290,44,89,-1,-1,-1,-1
22, 21782.jpg,5,356,325,43,95,-1,-1,-1,-1
22, 21782.jpg,6,376,461,70,106,-1,-1,-1,-1
22, 21782.jpg,7,489,453,59,115,-1,-1,-1,-1
22, 21782.jpg,8,798,346,64,58,-1,-1,-1,-1
22, 21782.jpg,9,893,419,53,106,-1,-1,-1,-1
22, 21782.jpg,10,877,355,58,76,-1,-1,-1,-1
22, 21782.jpg,13,587,378,42,107,-1,-1,-1,-1
22, 21782.jpg,14,410,376,50,110,-1,-1,-1,-1
22, 21782.jpg,16,553,422,37,102,-1,-1,-1,-1
23, 21783.jpg,1,577,314,45,95,-1,-1,-1,-1
23, 21783.jpg,3,298,395,47,101,-1,-1,-1,-1
23, 21783.jpg,4,445,293,44,88,-1,-1,-1,-1
23, 21783.jpg,5,357,325,43,95,-1,-1,-1,-1
23, 21783.jpg,6,373,455,71,111,-1,-1,-1,-1
23, 21783.jpg,7,485,453,61,119,-1,-1,-1,-1
23, 21783.jpg,8,797,343,67,61,-1,-1,-1,-1
23, 21783.jpg,9,894,420,52,103,-1,-1,-1,-1
23, 21783.jpg,10,876,354,60,77,-1,-1,-1,-1
23, 21783.jpg,13,587,376,43,109,-1,-1,-1,-1
23, 21783.jpg,14,411,375,50,112,-1,-1,-1,-1
23, 21783.jpg,16,552,422,36,100,-1,-1,-1,-1
24, 21784.jpg,1,577,316,44,93,-1,-1,-1,-1
24, 21784.jpg,3,298,391,46,101,-1,-1,-1,-1
24, 21784.jpg,4,446,294,44,88,-1,-1,-1,-1
24, 21784.jpg,5,357,325,42,95,-1,-1,-1,-1
24, 21784.jpg,6,371,452,71,113,-1,-1,-1,-1
24, 21784.jpg,7,482,455,63,124,-1,-1,-1,-1
24, 21784.jpg,8,794,343,68,60,-1,-1,-1,-1
24, 21784.jpg,9,893,422,52,100,-1,-1,-1,-1
24, 21784.jpg,10,871,354,62,79,-1,-1,-1,-1
24, 21784.jpg,13,587,375,43,111,-1,-1,-1,-1
24, 21784.jpg,14,412,374,49,112,-1,-1,-1,-1
24, 21784.jpg,16,553,423,36,101,-1,-1,-1,-1
25, 21785.jpg,1,579,318,41,91,-1,-1,-1,-1
25, 21785.jpg,3,298,387,46,101,-1,-1,-1,-1
25, 21785.jpg,4,447,294,45,92,-1,-1,-1,-1
25, 21785.jpg,5,357,325,42,95,-1,-1,-1,-1
25, 21785.jpg,6,371,451,71,116,-1,-1,-1,-1
25, 21785.jpg,7,479,458,63,126,-1,-1,-1,-1
25, 21785.jpg,8,790,345,66,55,-1,-1,-1,-1
25, 21785.jpg,9,891,425,53,95,-1,-1,-1,-1
25, 21785.jpg,10,872,353,63,81,-1,-1,-1,-1
25, 21785.jpg,13,588,375,42,109,-1,-1,-1,-1
25, 21785.jpg,14,411,375,49,114,-1,-1,-1,-1
25, 21785.jpg,16,553,422,37,103,-1,-1,-1,-1
26, 21786.jpg,1,580,320,40,88,-1,-1,-1,-1
26, 21786.jpg,3,299,385,44,99,-1,-1,-1,-1
26, 21786.jpg,4,448,295,45,94,-1,-1,-1,-1
26, 21786.jpg,5,358,323,40,96,-1,-1,-1,-1
26, 21786.jpg,6,371,450,71,118,-1,-1,-1,-1
26, 21786.jpg,7,476,464,61,127,-1,-1,-1,-1
26, 21786.jpg,8,787,346,65,52,-1,-1,-1,-1
26, 21786.jpg,9,889,426,54,94,-1,-1,-1,-1
26, 21786.jpg,10,871,352,65,82,-1,-1,-1,-1
26, 21786.jpg,13,588,376,41,106,-1,-1,-1,-1
26, 21786.jpg,14,410,375,50,117,-1,-1,-1,-1
26, 21786.jpg,16,556,424,38,103,-1,-1,-1,-1
27, 21787.jpg,1,579,322,40,88,-1,-1,-1,-1
27, 21787.jpg,3,299,382,43,99,-1,-1,-1,-1
27, 21787.jpg,4,449,295,47,99,-1,-1,-1,-1
27, 21787.jpg,5,357,322,41,96,-1,-1,-1,-1
27, 21787.jpg,6,369,448,70,117,-1,-1,-1,-1
27, 21787.jpg,7,473,466,61,129,-1,-1,-1,-1
27, 21787.jpg,8,787,349,59,46,-1,-1,-1,-1
27, 21787.jpg,9,886,426,55,94,-1,-1,-1,-1
27, 21787.jpg,10,867,352,65,80,-1,-1,-1,-1
27, 21787.jpg,13,580,391,43,110,-1,-1,-1,-1
27, 21787.jpg,14,411,377,48,116,-1,-1,-1,-1
27, 21787.jpg,16,559,426,39,104,-1,-1,-1,-1
28, 21788.jpg,1,580,323,39,89,-1,-1,-1,-1
28, 21788.jpg,3,300,380,42,98,-1,-1,-1,-1
28, 21788.jpg,4,450,297,47,100,-1,-1,-1,-1
28, 21788.jpg,5,357,320,41,97,-1,-1,-1,-1
28, 21788.jpg,6,369,448,69,117,-1,-1,-1,-1
28, 21788.jpg,7,471,470,59,126,-1,-1,-1,-1
28, 21788.jpg,8,784,348,62,46,-1,-1,-1,-1
28, 21788.jpg,9,883,426,56,95,-1,-1,-1,-1
28, 21788.jpg,10,866,350,68,83,-1,-1,-1,-1
28, 21788.jpg,13,574,398,46,117,-1,-1,-1,-1
28, 21788.jpg,14,412,379,48,116,-1,-1,-1,-1
28, 21788.jpg,16,560,427,39,104,-1,-1,-1,-1
29, 21789.jpg,1,580,322,40,90,-1,-1,-1,-1
29, 21789.jpg,3,300,380,42,97,-1,-1,-1,-1
29, 21789.jpg,4,451,300,47,99,-1,-1,-1,-1
29, 21789.jpg,5,357,318,40,97,-1,-1,-1,-1
29, 21789.jpg,6,368,449,68,116,-1,-1,-1,-1
29, 21789.jpg,7,467,473,58,122,-1,-1,-1,-1
29, 21789.jpg,8,778,344,69,52,-1,-1,-1,-1
29, 21789.jpg,9,879,426,58,96,-1,-1,-1,-1
29, 21789.jpg,10,865,349,69,85,-1,-1,-1,-1
29, 21789.jpg,11,592,374,37,109,-1,-1,-1,-1
29, 21789.jpg,13,567,420,43,107,-1,-1,-1,-1
29, 21789.jpg,14,414,383,47,112,-1,-1,-1,-1
30, 21790.jpg,1,582,323,40,90,-1,-1,-1,-1
30, 21790.jpg,3,301,380,41,97,-1,-1,-1,-1
30, 21790.jpg,4,454,303,46,99,-1,-1,-1,-1
30, 21790.jpg,5,356,318,40,96,-1,-1,-1,-1
30, 21790.jpg,6,368,450,67,116,-1,-1,-1,-1
30, 21790.jpg,7,462,477,58,121,-1,-1,-1,-1
30, 21790.jpg,8,778,344,69,52,-1,-1,-1,-1
30, 21790.jpg,9,876,425,58,99,-1,-1,-1,-1
30, 21790.jpg,10,863,348,72,86,-1,-1,-1,-1
30, 21790.jpg,11,587,383,40,115,-1,-1,-1,-1
30, 21790.jpg,13,565,424,43,106,-1,-1,-1,-1
30, 21790.jpg,14,417,384,47,113,-1,-1,-1,-1
31, 21791.jpg,1,582,322,40,92,-1,-1,-1,-1
31, 21791.jpg,3,302,381,40,95,-1,-1,-1,-1
31, 21791.jpg,4,456,305,46,99,-1,-1,-1,-1
31, 21791.jpg,5,355,316,40,98,-1,-1,-1,-1
31, 21791.jpg,6,367,450,68,116,-1,-1,-1,-1
31, 21791.jpg,7,456,475,62,128,-1,-1,-1,-1
31, 21791.jpg,8,772,341,74,56,-1,-1,-1,-1
31, 21791.jpg,9,874,425,58,99,-1,-1,-1,-1
31, 21791.jpg,10,862,347,76,93,-1,-1,-1,-1
31, 21791.jpg,11,587,385,40,116,-1,-1,-1,-1
31, 21791.jpg,13,574,431,42,103,-1,-1,-1,-1
31, 21791.jpg,14,420,385,46,112,-1,-1,-1,-1
32, 21792.jpg,1,584,322,40,92,-1,-1,-1,-1
32, 21792.jpg,3,303,381,39,95,-1,-1,-1,-1
32, 21792.jpg,4,460,306,45,98,-1,-1,-1,-1
32, 21792.jpg,5,354,314,39,98,-1,-1,-1,-1
32, 21792.jpg,6,366,449,68,117,-1,-1,-1,-1
32, 21792.jpg,7,451,474,64,132,-1,-1,-1,-1
32, 21792.jpg,8,769,337,74,58,-1,-1,-1,-1
32, 21792.jpg,9,874,423,58,103,-1,-1,-1,-1
32, 21792.jpg,10,862,346,76,94,-1,-1,-1,-1
32, 21792.jpg,13,577,435,46,104,-1,-1,-1,-1
32, 21792.jpg,14,423,386,45,111,-1,-1,-1,-1
33, 21793.jpg,1,584,322,41,92,-1,-1,-1,-1
33, 21793.jpg,3,304,380,38,96,-1,-1,-1,-1
33, 21793.jpg,4,463,305,44,98,-1,-1,-1,-1
33, 21793.jpg,5,352,313,39,98,-1,-1,-1,-1
33, 21793.jpg,6,365,447,68,120,-1,-1,-1,-1
33, 21793.jpg,7,448,476,65,130,-1,-1,-1,-1
33, 21793.jpg,8,770,336,71,57,-1,-1,-1,-1
33, 21793.jpg,9,874,422,57,104,-1,-1,-1,-1
33, 21793.jpg,10,863,346,76,93,-1,-1,-1,-1
33, 21793.jpg,13,580,439,47,103,-1,-1,-1,-1
33, 21793.jpg,14,425,386,43,108,-1,-1,-1,-1
34, 21794.jpg,1,583,322,41,93,-1,-1,-1,-1
34, 21794.jpg,3,303,379,38,96,-1,-1,-1,-1
34, 21794.jpg,4,464,303,46,100,-1,-1,-1,-1
34, 21794.jpg,5,351,312,39,97,-1,-1,-1,-1
34, 21794.jpg,6,364,447,68,118,-1,-1,-1,-1
34, 21794.jpg,7,442,475,67,133,-1,-1,-1,-1
34, 21794.jpg,8,766,335,73,59,-1,-1,-1,-1
34, 21794.jpg,9,874,418,58,108,-1,-1,-1,-1
34, 21794.jpg,10,863,344,77,94,-1,-1,-1,-1
34, 21794.jpg,13,582,443,48,98,-1,-1,-1,-1
34, 21794.jpg,14,428,386,42,106,-1,-1,-1,-1
35, 21795.jpg,1,583,323,42,93,-1,-1,-1,-1
35, 21795.jpg,3,302,377,39,97,-1,-1,-1,-1
35, 21795.jpg,4,466,302,45,101,-1,-1,-1,-1
35, 21795.jpg,5,350,312,38,95,-1,-1,-1,-1
35, 21795.jpg,6,363,446,69,120,-1,-1,-1,-1
35, 21795.jpg,7,438,478,68,130,-1,-1,-1,-1
35, 21795.jpg,8,767,335,71,58,-1,-1,-1,-1
35, 21795.jpg,9,873,416,57,110,-1,-1,-1,-1
35, 21795.jpg,10,862,341,78,96,-1,-1,-1,-1
35, 21795.jpg,13,584,446,48,94,-1,-1,-1,-1
35, 21795.jpg,14,429,385,42,107,-1,-1,-1,-1
36, 21796.jpg,1,585,323,42,95,-1,-1,-1,-1
36, 21796.jpg,3,301,376,38,97,-1,-1,-1,-1
36, 21796.jpg,4,468,301,45,102,-1,-1,-1,-1
36, 21796.jpg,5,348,312,40,95,-1,-1,-1,-1
36, 21796.jpg,6,361,444,69,118,-1,-1,-1,-1
36, 21796.jpg,7,436,482,66,126,-1,-1,-1,-1
36, 21796.jpg,8,765,334,70,59,-1,-1,-1,-1
36, 21796.jpg,9,871,414,55,109,-1,-1,-1,-1
36, 21796.jpg,10,860,340,79,97,-1,-1,-1,-1
36, 21796.jpg,11,602,396,38,97,-1,-1,-1,-1
36, 21796.jpg,13,585,445,51,96,-1,-1,-1,-1
36, 21796.jpg,14,431,385,42,108,-1,-1,-1,-1
37, 21797.jpg,1,586,323,44,98,-1,-1,-1,-1
37, 21797.jpg,3,300,374,38,97,-1,-1,-1,-1
37, 21797.jpg,4,469,301,46,103,-1,-1,-1,-1
37, 21797.jpg,5,347,312,40,94,-1,-1,-1,-1
37, 21797.jpg,6,358,443,66,116,-1,-1,-1,-1
37, 21797.jpg,7,429,480,68,131,-1,-1,-1,-1
37, 21797.jpg,8,766,335,66,57,-1,-1,-1,-1
37, 21797.jpg,9,869,414,55,110,-1,-1,-1,-1
37, 21797.jpg,10,857,337,81,100,-1,-1,-1,-1
37, 21797.jpg,11,604,393,40,99,-1,-1,-1,-1
37, 21797.jpg,13,590,439,54,102,-1,-1,-1,-1
37, 21797.jpg,14,435,385,42,106,-1,-1,-1,-1
38, 21798.jpg,1,587,324,43,96,-1,-1,-1,-1
38, 21798.jpg,3,299,373,37,96,-1,-1,-1,-1
38, 21798.jpg,4,470,302,46,103,-1,-1,-1,-1
38, 21798.jpg,5,345,312,40,94,-1,-1,-1,-1
38, 21798.jpg,6,354,438,67,119,-1,-1,-1,-1
38, 21798.jpg,7,424,478,67,133,-1,-1,-1,-1
38, 21798.jpg,8,762,334,65,57,-1,-1,-1,-1
38, 21798.jpg,9,868,415,54,110,-1,-1,-1,-1
38, 21798.jpg,10,853,332,83,104,-1,-1,-1,-1
38, 21798.jpg,11,606,391,41,100,-1,-1,-1,-1
38, 21798.jpg,13,592,442,54,101,-1,-1,-1,-1
38, 21798.jpg,14,438,384,43,106,-1,-1,-1,-1
39, 21799.jpg,1,588,324,43,96,-1,-1,-1,-1
39, 21799.jpg,3,299,370,36,96,-1,-1,-1,-1
39, 21799.jpg,4,470,303,47,105,-1,-1,-1,-1
39, 21799.jpg,5,343,311,41,94,-1,-1,-1,-1
39, 21799.jpg,6,350,433,68,125,-1,-1,-1,-1
39, 21799.jpg,7,418,478,67,134,-1,-1,-1,-1
39, 21799.jpg,8,761,334,62,56,-1,-1,-1,-1
39, 21799.jpg,9,869,419,50,105,-1,-1,-1,-1
39, 21799.jpg,10,849,327,86,110,-1,-1,-1,-1
39, 21799.jpg,11,608,394,41,100,-1,-1,-1,-1
39, 21799.jpg,14,441,384,45,108,-1,-1,-1,-1
40, 21800.jpg,1,588,324,43,94,-1,-1,-1,-1
40, 21800.jpg,3,298,367,36,96,-1,-1,-1,-1
40, 21800.jpg,4,471,305,48,108,-1,-1,-1,-1
40, 21800.jpg,5,341,310,42,95,-1,-1,-1,-1
40, 21800.jpg,6,349,433,65,121,-1,-1,-1,-1
40, 21800.jpg,7,414,478,66,136,-1,-1,-1,-1
40, 21800.jpg,8,763,334,60,55,-1,-1,-1,-1
40, 21800.jpg,9,869,421,49,105,-1,-1,-1,-1
40, 21800.jpg,10,848,323,82,109,-1,-1,-1,-1
40, 21800.jpg,11,612,393,44,107,-1,-1,-1,-1
40, 21800.jpg,14,442,384,46,107,-1,-1,-1,-1
