2, 33642.jpg,1,1159,556,56,108,-1,-1,-1,-1
2, 33642.jpg,2,536,614,57,155,-1,-1,-1,-1
2, 33642.jpg,3,571,578,53,135,-1,-1,-1,-1
2, 33642.jpg,4,1443,653,63,154,-1,-1,-1,-1
2, 33642.jpg,5,1509,593,76,133,-1,-1,-1,-1
2, 33642.jpg,6,759,621,59,154,-1,-1,-1,-1
2, 33642.jpg,7,650,532,54,145,-1,-1,-1,-1
2, 33642.jpg,8,427,663,71,181,-1,-1,-1,-1
2, 33642.jpg,9,970,641,44,144,-1,-1,-1,-1
2, 33642.jpg,10,1393,566,66,141,-1,-1,-1,-1
2, 33642.jpg,11,1130,621,98,137,-1,-1,-1,-1
3, 33643.jpg,1,1147,554,54,106,-1,-1,-1,-1
3, 33643.jpg,2,518,614,59,160,-1,-1,-1,-1
3, 33643.jpg,3,557,579,55,138,-1,-1,-1,-1
3, 33643.jpg,4,1428,650,64,156,-1,-1,-1,-1
3, 33643.jpg,5,1500,589,77,135,-1,-1,-1,-1
3, 33643.jpg,6,748,620,58,155,-1,-1,-1,-1
3, 33643.jpg,7,639,531,56,150,-1,-1,-1,-1
3, 33643.jpg,8,418,659,72,185,-1,-1,-1,-1
3, 33643.jpg,9,957,641,44,144,-1,-1,-1,-1
3, 33643.jpg,10,1381,568,65,138,-1,-1,-1,-1
3, 33643.jpg,11,1133,625,102,143,-1,-1,-1,-1
4, 33644.jpg,1,1137,554,54,105,-1,-1,-1,-1
4, 33644.jpg,2,523,601,59,162,-1,-1,-1,-1
4, 33644.jpg,3,552,583,56,140,-1,-1,-1,-1
4, 33644.jpg,4,1416,647,65,158,-1,-1,-1,-1
4, 33644.jpg,5,1488,591,77,135,-1,-1,-1,-1
4, 33644.jpg,6,735,619,58,154,-1,-1,-1,-1
4, 33644.jpg,7,632,534,54,146,-1,-1,-1,-1
4, 33644.jpg,8,411,663,68,175,-1,-1,-1,-1
4, 33644.jpg,9,947,641,44,143,-1,-1,-1,-1
4, 33644.jpg,10,1374,570,64,136,-1,-1,-1,-1
4, 33644.jpg,11,1145,621,105,149,-1,-1,-1,-1
5, 33645.jpg,1,1123,571,59,117,-1,-1,-1,-1
5, 33645.jpg,2,505,607,60,162,-1,-1,-1,-1
5, 33645.jpg,3,541,582,55,138,-1,-1,-1,-1
5, 33645.jpg,4,1407,648,65,158,-1,-1,-1,-1
5, 33645.jpg,5,1479,588,77,136,-1,-1,-1,-1
5, 33645.jpg,6,723,617,59,157,-1,-1,-1,-1
5, 33645.jpg,7,622,537,53,144,-1,-1,-1,-1
5, 33645.jpg,8,400,661,69,180,-1,-1,-1,-1
5, 33645.jpg,9,935,642,46,144,-1,-1,-1,-1
5, 33645.jpg,10,1361,571,64,137,-1,-1,-1,-1
5, 33645.jpg,11,1144,619,106,151,-1,-1,-1,-1
5, 33645.jpg,13,1114,609,61,139,-1,-1,-1,-1
6, 33646.jpg,1,1114,572,59,117,-1,-1,-1,-1
6, 33646.jpg,2,493,612,58,157,-1,-1,-1,-1
6, 33646.jpg,3,531,583,55,137,-1,-1,-1,-1
6, 33646.jpg,4,1394,647,65,158,-1,-1,-1,-1
6, 33646.jpg,5,1468,590,76,134,-1,-1,-1,-1
6, 33646.jpg,6,715,618,58,156,-1,-1,-1,-1
6, 33646.jpg,7,615,539,53,143,-1,-1,-1,-1
6, 33646.jpg,8,396,664,66,172,-1,-1,-1,-1
6, 33646.jpg,9,925,641,45,145,-1,-1,-1,-1
6, 33646.jpg,10,1351,571,64,137,-1,-1,-1,-1
6, 33646.jpg,11,1135,618,105,153,-1,-1,-1,-1
6, 33646.jpg,13,1117,592,61,138,-1,-1,-1,-1
7, 33647.jpg,1,1124,562,52,102,-1,-1,-1,-1
7, 33647.jpg,2,498,600,58,155,-1,-1,-1,-1
7, 33647.jpg,3,527,585,55,138,-1,-1,-1,-1
7, 33647.jpg,4,1383,650,64,155,-1,-1,-1,-1
7, 33647.jpg,5,1459,587,76,137,-1,-1,-1,-1
7, 33647.jpg,6,704,617,60,158,-1,-1,-1,-1
7, 33647.jpg,7,608,541,53,142,-1,-1,-1,-1
7, 33647.jpg,8,386,666,66,170,-1,-1,-1,-1
7, 33647.jpg,9,914,640,48,147,-1,-1,-1,-1
7, 33647.jpg,10,1344,573,62,135,-1,-1,-1,-1
7, 33647.jpg,11,1132,616,107,155,-1,-1,-1,-1
7, 33647.jpg,13,1123,612,61,136,-1,-1,-1,-1
8, 33648.jpg,1,1114,563,52,101,-1,-1,-1,-1
8, 33648.jpg,2,480,607,59,155,-1,-1,-1,-1
8, 33648.jpg,3,517,588,53,131,-1,-1,-1,-1
8, 33648.jpg,4,1371,650,63,152,-1,-1,-1,-1
8, 33648.jpg,5,1449,586,76,136,-1,-1,-1,-1
8, 33648.jpg,6,696,617,59,157,-1,-1,-1,-1
8, 33648.jpg,7,600,541,53,143,-1,-1,-1,-1
8, 33648.jpg,8,382,667,64,166,-1,-1,-1,-1
8, 33648.jpg,9,905,641,48,148,-1,-1,-1,-1
8, 33648.jpg,10,1335,573,62,136,-1,-1,-1,-1
8, 33648.jpg,11,1113,623,101,146,-1,-1,-1,-1
8, 33648.jpg,13,1105,605,60,132,-1,-1,-1,-1
9, 33649.jpg,1,1108,562,51,100,-1,-1,-1,-1
9, 33649.jpg,2,468,612,59,153,-1,-1,-1,-1
9, 33649.jpg,3,511,590,55,134,-1,-1,-1,-1
9, 33649.jpg,4,1360,652,61,148,-1,-1,-1,-1
9, 33649.jpg,5,1442,586,75,135,-1,-1,-1,-1
9, 33649.jpg,6,687,617,59,156,-1,-1,-1,-1
9, 33649.jpg,7,594,544,52,141,-1,-1,-1,-1
9, 33649.jpg,8,376,668,65,166,-1,-1,-1,-1
9, 33649.jpg,9,897,642,50,149,-1,-1,-1,-1
9, 33649.jpg,10,1331,575,60,135,-1,-1,-1,-1
9, 33649.jpg,11,1108,617,106,153,-1,-1,-1,-1
9, 33649.jpg,13,1096,595,64,140,-1,-1,-1,-1
10, 33650.jpg,2,456,613,59,154,-1,-1,-1,-1
10, 33650.jpg,3,505,589,55,135,-1,-1,-1,-1
10, 33650.jpg,4,1351,651,60,147,-1,-1,-1,-1
10, 33650.jpg,5,1434,585,75,137,-1,-1,-1,-1
10, 33650.jpg,6,681,616,58,157,-1,-1,-1,-1
10, 33650.jpg,7,588,545,52,141,-1,-1,-1,-1
10, 33650.jpg,8,372,669,66,164,-1,-1,-1,-1
10, 33650.jpg,9,888,644,51,147,-1,-1,-1,-1
10, 33650.jpg,10,1320,575,61,137,-1,-1,-1,-1
10, 33650.jpg,11,1105,616,107,153,-1,-1,-1,-1
10, 33650.jpg,13,1095,591,58,127,-1,-1,-1,-1
11, 33651.jpg,2,462,607,60,154,-1,-1,-1,-1
11, 33651.jpg,3,498,590,55,135,-1,-1,-1,-1
11, 33651.jpg,4,1344,651,60,148,-1,-1,-1,-1
11, 33651.jpg,5,1428,584,74,136,-1,-1,-1,-1
11, 33651.jpg,6,674,617,58,158,-1,-1,-1,-1
11, 33651.jpg,7,580,544,53,144,-1,-1,-1,-1
11, 33651.jpg,8,365,665,68,169,-1,-1,-1,-1
11, 33651.jpg,9,882,644,52,148,-1,-1,-1,-1
11, 33651.jpg,10,1313,575,61,141,-1,-1,-1,-1
11, 33651.jpg,11,1103,611,111,159,-1,-1,-1,-1
11, 33651.jpg,13,1094,583,59,128,-1,-1,-1,-1
12, 33652.jpg,2,463,607,60,152,-1,-1,-1,-1
12, 33652.jpg,4,1338,652,59,146,-1,-1,-1,-1
12, 33652.jpg,5,1421,586,73,134,-1,-1,-1,-1
12, 33652.jpg,6,667,617,57,158,-1,-1,-1,-1
12, 33652.jpg,7,575,545,54,145,-1,-1,-1,-1
12, 33652.jpg,8,361,664,69,170,-1,-1,-1,-1
12, 33652.jpg,9,874,644,54,149,-1,-1,-1,-1
12, 33652.jpg,10,1308,577,60,139,-1,-1,-1,-1
12, 33652.jpg,11,1104,611,111,161,-1,-1,-1,-1
12, 33652.jpg,13,1095,580,59,129,-1,-1,-1,-1
13, 33653.jpg,2,465,607,61,148,-1,-1,-1,-1
13, 33653.jpg,4,1329,652,58,145,-1,-1,-1,-1
13, 33653.jpg,5,1415,585,72,135,-1,-1,-1,-1
13, 33653.jpg,6,661,616,58,161,-1,-1,-1,-1
13, 33653.jpg,7,572,546,56,148,-1,-1,-1,-1
13, 33653.jpg,8,356,667,69,168,-1,-1,-1,-1
13, 33653.jpg,9,867,643,56,149,-1,-1,-1,-1
13, 33653.jpg,10,1314,590,60,140,-1,-1,-1,-1
13, 33653.jpg,11,1090,593,109,164,-1,-1,-1,-1
13, 33653.jpg,13,1092,577,58,127,-1,-1,-1,-1
14, 33654.jpg,1,1109,559,50,102,-1,-1,-1,-1
14, 33654.jpg,2,457,608,61,146,-1,-1,-1,-1
14, 33654.jpg,4,1326,651,59,146,-1,-1,-1,-1
14, 33654.jpg,5,1410,585,72,135,-1,-1,-1,-1
14, 33654.jpg,6,656,615,58,163,-1,-1,-1,-1
14, 33654.jpg,7,568,547,56,151,-1,-1,-1,-1
14, 33654.jpg,8,354,665,70,170,-1,-1,-1,-1
14, 33654.jpg,9,863,643,57,149,-1,-1,-1,-1
14, 33654.jpg,10,1314,594,59,134,-1,-1,-1,-1
14, 33654.jpg,11,1092,592,108,167,-1,-1,-1,-1
15, 33655.jpg,1,1109,561,47,99,-1,-1,-1,-1
15, 33655.jpg,2,456,607,62,145,-1,-1,-1,-1
15, 33655.jpg,4,1316,634,62,154,-1,-1,-1,-1
15, 33655.jpg,5,1405,586,71,134,-1,-1,-1,-1
15, 33655.jpg,6,652,615,59,164,-1,-1,-1,-1
15, 33655.jpg,7,565,549,56,151,-1,-1,-1,-1
15, 33655.jpg,8,353,663,71,172,-1,-1,-1,-1
15, 33655.jpg,9,856,644,58,148,-1,-1,-1,-1
15, 33655.jpg,10,1303,589,57,130,-1,-1,-1,-1
15, 33655.jpg,11,1109,608,101,159,-1,-1,-1,-1
15, 33655.jpg,13,1101,574,61,139,-1,-1,-1,-1
16, 33656.jpg,1,1107,561,46,97,-1,-1,-1,-1
16, 33656.jpg,2,455,606,63,146,-1,-1,-1,-1
16, 33656.jpg,4,1316,650,57,141,-1,-1,-1,-1
16, 33656.jpg,5,1402,587,70,132,-1,-1,-1,-1
16, 33656.jpg,6,648,615,59,164,-1,-1,-1,-1
16, 33656.jpg,7,560,550,58,152,-1,-1,-1,-1
16, 33656.jpg,8,352,662,70,172,-1,-1,-1,-1
16, 33656.jpg,9,850,645,60,147,-1,-1,-1,-1
16, 33656.jpg,10,1299,587,59,131,-1,-1,-1,-1
16, 33656.jpg,11,1118,616,98,155,-1,-1,-1,-1
16, 33656.jpg,13,1104,573,56,129,-1,-1,-1,-1
17, 33657.jpg,2,432,610,65,150,-1,-1,-1,-1
17, 33657.jpg,3,463,604,60,144,-1,-1,-1,-1
17, 33657.jpg,4,1309,650,56,140,-1,-1,-1,-1
17, 33657.jpg,5,1398,586,70,133,-1,-1,-1,-1
17, 33657.jpg,6,645,615,57,162,-1,-1,-1,-1
17, 33657.jpg,7,557,552,58,152,-1,-1,-1,-1
17, 33657.jpg,8,353,663,69,168,-1,-1,-1,-1
17, 33657.jpg,9,846,644,60,148,-1,-1,-1,-1
17, 33657.jpg,10,1296,584,61,136,-1,-1,-1,-1
17, 33657.jpg,11,1115,612,90,149,-1,-1,-1,-1
17, 33657.jpg,13,1107,569,48,110,-1,-1,-1,-1
18, 33658.jpg,2,404,619,71,163,-1,-1,-1,-1
18, 33658.jpg,3,457,605,62,145,-1,-1,-1,-1
18, 33658.jpg,5,1393,586,70,134,-1,-1,-1,-1
18, 33658.jpg,6,642,614,56,160,-1,-1,-1,-1
18, 33658.jpg,7,554,553,58,151,-1,-1,-1,-1
18, 33658.jpg,8,354,661,68,167,-1,-1,-1,-1
18, 33658.jpg,9,841,643,62,148,-1,-1,-1,-1
18, 33658.jpg,10,1287,576,66,150,-1,-1,-1,-1
18, 33658.jpg,11,1115,607,94,158,-1,-1,-1,-1
18, 33658.jpg,13,1108,573,57,135,-1,-1,-1,-1
19, 33659.jpg,2,395,621,71,164,-1,-1,-1,-1
19, 33659.jpg,3,449,602,69,146,-1,-1,-1,-1
19, 33659.jpg,5,1391,587,68,132,-1,-1,-1,-1
19, 33659.jpg,6,639,614,56,158,-1,-1,-1,-1
19, 33659.jpg,7,550,555,58,150,-1,-1,-1,-1
19, 33659.jpg,8,355,657,69,170,-1,-1,-1,-1
19, 33659.jpg,9,837,644,63,147,-1,-1,-1,-1
19, 33659.jpg,10,1293,578,66,144,-1,-1,-1,-1
19, 33659.jpg,11,1118,606,95,161,-1,-1,-1,-1
19, 33659.jpg,13,1107,590,58,135,-1,-1,-1,-1
20, 33660.jpg,1,1114,565,51,111,-1,-1,-1,-1
20, 33660.jpg,2,389,626,73,164,-1,-1,-1,-1
20, 33660.jpg,3,445,604,71,144,-1,-1,-1,-1
20, 33660.jpg,5,1388,587,68,130,-1,-1,-1,-1
20, 33660.jpg,6,637,613,56,158,-1,-1,-1,-1
20, 33660.jpg,7,547,555,60,152,-1,-1,-1,-1
20, 33660.jpg,8,355,655,67,169,-1,-1,-1,-1
20, 33660.jpg,9,833,644,64,147,-1,-1,-1,-1
20, 33660.jpg,10,1291,580,63,137,-1,-1,-1,-1
20, 33660.jpg,11,1115,605,95,161,-1,-1,-1,-1
20, 33660.jpg,13,1107,591,58,135,-1,-1,-1,-1
21, 33661.jpg,1,1115,566,51,114,-1,-1,-1,-1
21, 33661.jpg,2,381,628,73,165,-1,-1,-1,-1
21, 33661.jpg,3,443,603,72,143,-1,-1,-1,-1
21, 33661.jpg,5,1382,586,70,133,-1,-1,-1,-1
21, 33661.jpg,6,633,614,55,155,-1,-1,-1,-1
21, 33661.jpg,7,525,569,60,146,-1,-1,-1,-1
21, 33661.jpg,8,356,655,66,167,-1,-1,-1,-1
21, 33661.jpg,9,829,646,65,145,-1,-1,-1,-1
21, 33661.jpg,10,1290,581,66,135,-1,-1,-1,-1
21, 33661.jpg,11,1117,601,96,166,-1,-1,-1,-1
21, 33661.jpg,13,1108,604,57,136,-1,-1,-1,-1
22, 33662.jpg,1,1116,568,51,114,-1,-1,-1,-1
22, 33662.jpg,3,444,606,73,139,-1,-1,-1,-1
22, 33662.jpg,4,1285,605,71,174,-1,-1,-1,-1
22, 33662.jpg,5,1376,586,71,133,-1,-1,-1,-1
22, 33662.jpg,6,630,614,55,155,-1,-1,-1,-1
22, 33662.jpg,7,516,575,62,143,-1,-1,-1,-1
22, 33662.jpg,8,373,641,66,163,-1,-1,-1,-1
22, 33662.jpg,9,823,645,67,144,-1,-1,-1,-1
22, 33662.jpg,10,1286,581,66,135,-1,-1,-1,-1
22, 33662.jpg,11,1117,602,93,160,-1,-1,-1,-1
22, 33662.jpg,13,1107,619,57,131,-1,-1,-1,-1
23, 33663.jpg,1,1117,583,52,111,-1,-1,-1,-1
23, 33663.jpg,3,442,605,74,137,-1,-1,-1,-1
23, 33663.jpg,4,1279,600,74,180,-1,-1,-1,-1
23, 33663.jpg,5,1371,585,72,135,-1,-1,-1,-1
23, 33663.jpg,6,625,613,54,151,-1,-1,-1,-1
23, 33663.jpg,7,513,577,65,142,-1,-1,-1,-1
23, 33663.jpg,8,378,631,69,168,-1,-1,-1,-1
23, 33663.jpg,9,817,643,69,145,-1,-1,-1,-1
23, 33663.jpg,11,1119,605,92,159,-1,-1,-1,-1
23, 33663.jpg,13,1107,622,57,132,-1,-1,-1,-1
24, 33664.jpg,1,1111,576,49,106,-1,-1,-1,-1
24, 33664.jpg,3,438,606,75,133,-1,-1,-1,-1
24, 33664.jpg,4,1272,595,76,184,-1,-1,-1,-1
24, 33664.jpg,5,1366,583,71,137,-1,-1,-1,-1
24, 33664.jpg,6,622,611,55,152,-1,-1,-1,-1
24, 33664.jpg,7,505,580,67,143,-1,-1,-1,-1
24, 33664.jpg,8,383,628,70,165,-1,-1,-1,-1
24, 33664.jpg,9,814,641,71,148,-1,-1,-1,-1
24, 33664.jpg,10,1284,583,65,129,-1,-1,-1,-1
24, 33664.jpg,11,1125,613,88,150,-1,-1,-1,-1
24, 33664.jpg,13,1110,630,53,121,-1,-1,-1,-1
25, 33665.jpg,1,1109,577,49,106,-1,-1,-1,-1
25, 33665.jpg,3,434,607,75,132,-1,-1,-1,-1
25, 33665.jpg,4,1276,599,74,179,-1,-1,-1,-1
25, 33665.jpg,5,1360,583,72,138,-1,-1,-1,-1
25, 33665.jpg,6,619,611,56,152,-1,-1,-1,-1
25, 33665.jpg,7,498,584,70,141,-1,-1,-1,-1
25, 33665.jpg,8,384,624,71,162,-1,-1,-1,-1
25, 33665.jpg,9,811,640,72,149,-1,-1,-1,-1
25, 33665.jpg,10,1275,583,64,125,-1,-1,-1,-1
25, 33665.jpg,11,1132,607,91,155,-1,-1,-1,-1
25, 33665.jpg,13,1111,634,52,117,-1,-1,-1,-1
26, 33666.jpg,2,356,655,71,164,-1,-1,-1,-1
26, 33666.jpg,3,436,607,76,129,-1,-1,-1,-1
26, 33666.jpg,4,1271,596,75,180,-1,-1,-1,-1
26, 33666.jpg,5,1357,584,70,136,-1,-1,-1,-1
26, 33666.jpg,6,617,611,56,151,-1,-1,-1,-1
26, 33666.jpg,7,499,582,72,145,-1,-1,-1,-1
26, 33666.jpg,8,385,621,71,161,-1,-1,-1,-1
26, 33666.jpg,9,807,640,72,149,-1,-1,-1,-1
26, 33666.jpg,10,1271,582,63,124,-1,-1,-1,-1
26, 33666.jpg,11,1133,605,93,159,-1,-1,-1,-1
26, 33666.jpg,13,1118,627,58,127,-1,-1,-1,-1
27, 33667.jpg,2,349,658,71,165,-1,-1,-1,-1
27, 33667.jpg,3,434,608,79,128,-1,-1,-1,-1
27, 33667.jpg,4,1265,591,79,192,-1,-1,-1,-1
27, 33667.jpg,5,1353,585,69,137,-1,-1,-1,-1
27, 33667.jpg,6,615,610,56,152,-1,-1,-1,-1
27, 33667.jpg,7,497,582,74,145,-1,-1,-1,-1
27, 33667.jpg,8,384,627,72,163,-1,-1,-1,-1
27, 33667.jpg,9,804,639,72,148,-1,-1,-1,-1
27, 33667.jpg,10,1267,582,63,123,-1,-1,-1,-1
27, 33667.jpg,11,1130,601,90,157,-1,-1,-1,-1
27, 33667.jpg,13,1114,624,57,126,-1,-1,-1,-1
28, 33668.jpg,2,357,658,69,160,-1,-1,-1,-1
28, 33668.jpg,3,433,609,83,127,-1,-1,-1,-1
28, 33668.jpg,4,1263,594,79,192,-1,-1,-1,-1
28, 33668.jpg,5,1350,585,69,140,-1,-1,-1,-1
28, 33668.jpg,6,613,610,56,152,-1,-1,-1,-1
28, 33668.jpg,7,499,584,73,142,-1,-1,-1,-1
28, 33668.jpg,8,384,627,73,162,-1,-1,-1,-1
28, 33668.jpg,9,800,637,70,147,-1,-1,-1,-1
28, 33668.jpg,11,1126,597,89,158,-1,-1,-1,-1
28, 33668.jpg,13,1115,626,56,126,-1,-1,-1,-1
29, 33669.jpg,1,1115,570,61,136,-1,-1,-1,-1
29, 33669.jpg,2,351,661,69,160,-1,-1,-1,-1
29, 33669.jpg,3,430,610,87,129,-1,-1,-1,-1
29, 33669.jpg,4,1265,592,77,188,-1,-1,-1,-1
29, 33669.jpg,5,1347,586,67,141,-1,-1,-1,-1
29, 33669.jpg,6,610,610,57,150,-1,-1,-1,-1
29, 33669.jpg,7,497,587,75,141,-1,-1,-1,-1
29, 33669.jpg,8,383,629,74,161,-1,-1,-1,-1
29, 33669.jpg,9,796,636,69,145,-1,-1,-1,-1
29, 33669.jpg,11,1150,604,86,155,-1,-1,-1,-1
30, 33670.jpg,1,1114,570,62,139,-1,-1,-1,-1
30, 33670.jpg,3,428,611,86,128,-1,-1,-1,-1
30, 33670.jpg,4,1261,594,75,181,-1,-1,-1,-1
30, 33670.jpg,5,1345,585,66,141,-1,-1,-1,-1
30, 33670.jpg,6,608,610,58,150,-1,-1,-1,-1
30, 33670.jpg,7,496,587,77,143,-1,-1,-1,-1
30, 33670.jpg,8,387,628,75,159,-1,-1,-1,-1
30, 33670.jpg,9,793,635,68,145,-1,-1,-1,-1
30, 33670.jpg,11,1152,600,88,158,-1,-1,-1,-1
30, 33670.jpg,13,1126,602,61,142,-1,-1,-1,-1
31, 33671.jpg,4,1256,591,76,183,-1,-1,-1,-1
31, 33671.jpg,5,1345,586,64,141,-1,-1,-1,-1
31, 33671.jpg,6,606,611,60,150,-1,-1,-1,-1
31, 33671.jpg,7,503,582,81,148,-1,-1,-1,-1
31, 33671.jpg,8,386,629,76,159,-1,-1,-1,-1
31, 33671.jpg,9,791,634,67,147,-1,-1,-1,-1
31, 33671.jpg,10,1265,579,67,127,-1,-1,-1,-1
31, 33671.jpg,11,1143,592,83,150,-1,-1,-1,-1
31, 33671.jpg,13,1127,601,62,143,-1,-1,-1,-1
32, 33672.jpg,4,1265,585,70,162,-1,-1,-1,-1
32, 33672.jpg,5,1345,587,62,140,-1,-1,-1,-1
32, 33672.jpg,6,604,611,62,150,-1,-1,-1,-1
32, 33672.jpg,7,506,579,83,151,-1,-1,-1,-1
32, 33672.jpg,8,371,640,73,158,-1,-1,-1,-1
32, 33672.jpg,9,788,634,65,145,-1,-1,-1,-1
32, 33672.jpg,10,1262,579,67,126,-1,-1,-1,-1
32, 33672.jpg,11,1150,596,85,151,-1,-1,-1,-1
33, 33673.jpg,3,440,609,88,128,-1,-1,-1,-1
33, 33673.jpg,4,1271,580,57,122,-1,-1,-1,-1
33, 33673.jpg,5,1345,589,60,138,-1,-1,-1,-1
33, 33673.jpg,6,600,607,64,153,-1,-1,-1,-1
33, 33673.jpg,7,503,581,82,148,-1,-1,-1,-1
33, 33673.jpg,8,367,642,71,158,-1,-1,-1,-1
33, 33673.jpg,9,789,635,63,143,-1,-1,-1,-1
33, 33673.jpg,11,1153,595,87,152,-1,-1,-1,-1
33, 33673.jpg,13,1143,586,62,144,-1,-1,-1,-1
34, 33674.jpg,3,448,606,89,129,-1,-1,-1,-1
34, 33674.jpg,4,1268,581,60,125,-1,-1,-1,-1
34, 33674.jpg,5,1345,592,58,136,-1,-1,-1,-1
34, 33674.jpg,6,600,609,65,152,-1,-1,-1,-1
34, 33674.jpg,7,508,581,80,145,-1,-1,-1,-1
34, 33674.jpg,8,369,640,69,157,-1,-1,-1,-1
34, 33674.jpg,9,787,633,63,145,-1,-1,-1,-1
34, 33674.jpg,11,1173,600,85,151,-1,-1,-1,-1
34, 33674.jpg,13,1136,581,58,135,-1,-1,-1,-1
34, 33674.jpg,16,346,620,171,157,-1,-1,-1,-1
35, 33675.jpg,3,449,606,89,128,-1,-1,-1,-1
35, 33675.jpg,4,1266,579,58,120,-1,-1,-1,-1
35, 33675.jpg,5,1341,592,58,137,-1,-1,-1,-1
35, 33675.jpg,6,599,609,65,151,-1,-1,-1,-1
35, 33675.jpg,7,509,585,74,140,-1,-1,-1,-1
35, 33675.jpg,8,369,635,71,163,-1,-1,-1,-1
35, 33675.jpg,9,785,634,63,142,-1,-1,-1,-1
35, 33675.jpg,11,1161,590,84,149,-1,-1,-1,-1
35, 33675.jpg,13,1138,579,57,135,-1,-1,-1,-1
35, 33675.jpg,16,347,616,170,159,-1,-1,-1,-1
36, 33676.jpg,5,1308,593,65,147,-1,-1,-1,-1
36, 33676.jpg,6,597,609,66,147,-1,-1,-1,-1
36, 33676.jpg,7,513,581,75,141,-1,-1,-1,-1
36, 33676.jpg,8,371,630,71,167,-1,-1,-1,-1
36, 33676.jpg,9,780,634,64,140,-1,-1,-1,-1
36, 33676.jpg,10,1236,596,85,159,-1,-1,-1,-1
36, 33676.jpg,11,1183,594,84,151,-1,-1,-1,-1
36, 33676.jpg,13,1143,578,59,139,-1,-1,-1,-1
36, 33676.jpg,16,340,617,174,163,-1,-1,-1,-1
37, 33677.jpg,5,1307,597,67,147,-1,-1,-1,-1
37, 33677.jpg,6,596,611,66,145,-1,-1,-1,-1
37, 33677.jpg,7,512,582,72,141,-1,-1,-1,-1
37, 33677.jpg,8,373,627,71,169,-1,-1,-1,-1
37, 33677.jpg,9,777,634,64,139,-1,-1,-1,-1
37, 33677.jpg,10,1233,597,86,162,-1,-1,-1,-1
37, 33677.jpg,11,1198,591,84,151,-1,-1,-1,-1
37, 33677.jpg,13,1146,577,59,141,-1,-1,-1,-1
38, 33678.jpg,3,411,606,92,137,-1,-1,-1,-1
38, 33678.jpg,5,1295,598,71,151,-1,-1,-1,-1
38, 33678.jpg,6,594,610,67,146,-1,-1,-1,-1
38, 33678.jpg,7,511,581,73,143,-1,-1,-1,-1
38, 33678.jpg,8,372,626,72,170,-1,-1,-1,-1
38, 33678.jpg,9,773,634,65,139,-1,-1,-1,-1
38, 33678.jpg,11,1208,594,90,158,-1,-1,-1,-1
38, 33678.jpg,13,1159,579,62,145,-1,-1,-1,-1
39, 33679.jpg,3,407,606,93,138,-1,-1,-1,-1
39, 33679.jpg,5,1296,599,72,149,-1,-1,-1,-1
39, 33679.jpg,6,579,599,67,144,-1,-1,-1,-1
39, 33679.jpg,7,504,593,67,135,-1,-1,-1,-1
39, 33679.jpg,8,393,616,72,166,-1,-1,-1,-1
39, 33679.jpg,9,772,633,67,139,-1,-1,-1,-1
39, 33679.jpg,11,1216,596,91,158,-1,-1,-1,-1
39, 33679.jpg,13,1161,579,62,145,-1,-1,-1,-1
39, 33679.jpg,20,553,567,44,123,-1,-1,-1,-1
40, 33680.jpg,5,1312,597,66,140,-1,-1,-1,-1
40, 33680.jpg,6,560,590,71,150,-1,-1,-1,-1
40, 33680.jpg,7,502,596,64,134,-1,-1,-1,-1
40, 33680.jpg,8,395,612,76,172,-1,-1,-1,-1
40, 33680.jpg,9,768,633,67,139,-1,-1,-1,-1
40, 33680.jpg,10,1265,589,75,145,-1,-1,-1,-1
40, 33680.jpg,11,1219,593,92,158,-1,-1,-1,-1
40, 33680.jpg,13,1159,582,62,148,-1,-1,-1,-1
40, 33680.jpg,20,565,572,46,127,-1,-1,-1,-1
