2, 26897.jpg,1,692,588,54,130,-1,-1,-1,-1
2, 26897.jpg,2,1235,682,68,139,-1,-1,-1,-1
2, 26897.jpg,3,446,616,68,150,-1,-1,-1,-1
2, 26897.jpg,4,944,670,74,163,-1,-1,-1,-1
2, 26897.jpg,5,885,783,73,179,-1,-1,-1,-1
2, 26897.jpg,7,631,723,108,169,-1,-1,-1,-1
2, 26897.jpg,8,1088,588,109,85,-1,-1,-1,-1
2, 26897.jpg,9,703,612,59,158,-1,-1,-1,-1
2, 26897.jpg,10,281,604,54,128,-1,-1,-1,-1
2, 26897.jpg,11,974,518,55,123,-1,-1,-1,-1
3, 26898.jpg,1,696,589,55,133,-1,-1,-1,-1
3, 26898.jpg,2,1238,691,66,134,-1,-1,-1,-1
3, 26898.jpg,3,440,610,65,145,-1,-1,-1,-1
3, 26898.jpg,4,961,671,74,162,-1,-1,-1,-1
3, 26898.jpg,5,902,784,74,181,-1,-1,-1,-1
3, 26898.jpg,7,625,712,112,178,-1,-1,-1,-1
3, 26898.jpg,8,1091,584,111,88,-1,-1,-1,-1
3, 26898.jpg,9,706,612,59,159,-1,-1,-1,-1
3, 26898.jpg,10,286,603,54,130,-1,-1,-1,-1
3, 26898.jpg,11,979,518,54,121,-1,-1,-1,-1
4, 26899.jpg,1,699,591,54,131,-1,-1,-1,-1
4, 26899.jpg,2,1246,679,66,135,-1,-1,-1,-1
4, 26899.jpg,3,435,606,67,148,-1,-1,-1,-1
4, 26899.jpg,4,978,675,73,156,-1,-1,-1,-1
4, 26899.jpg,5,921,791,77,182,-1,-1,-1,-1
4, 26899.jpg,7,619,705,113,180,-1,-1,-1,-1
4, 26899.jpg,8,1100,584,109,86,-1,-1,-1,-1
4, 26899.jpg,9,711,614,57,154,-1,-1,-1,-1
4, 26899.jpg,10,288,599,55,131,-1,-1,-1,-1
4, 26899.jpg,11,984,514,56,123,-1,-1,-1,-1
4, 26899.jpg,12,1234,604,66,127,-1,-1,-1,-1
4, 26899.jpg,13,502,678,91,145,-1,-1,-1,-1
5, 26900.jpg,1,702,592,55,131,-1,-1,-1,-1
5, 26900.jpg,2,1248,654,72,147,-1,-1,-1,-1
5, 26900.jpg,3,431,605,69,149,-1,-1,-1,-1
5, 26900.jpg,4,995,676,75,154,-1,-1,-1,-1
5, 26900.jpg,5,939,797,79,183,-1,-1,-1,-1
5, 26900.jpg,7,619,698,111,183,-1,-1,-1,-1
5, 26900.jpg,8,1108,580,110,87,-1,-1,-1,-1
5, 26900.jpg,9,723,620,54,148,-1,-1,-1,-1
5, 26900.jpg,10,292,595,55,133,-1,-1,-1,-1
5, 26900.jpg,11,988,512,55,120,-1,-1,-1,-1
5, 26900.jpg,12,1233,603,68,131,-1,-1,-1,-1
5, 26900.jpg,13,522,671,97,155,-1,-1,-1,-1
6, 26901.jpg,2,1258,670,71,146,-1,-1,-1,-1
6, 26901.jpg,3,427,605,70,149,-1,-1,-1,-1
6, 26901.jpg,4,1009,675,75,149,-1,-1,-1,-1
6, 26901.jpg,5,950,800,81,185,-1,-1,-1,-1
6, 26901.jpg,7,618,693,111,186,-1,-1,-1,-1
6, 26901.jpg,8,1120,574,112,89,-1,-1,-1,-1
6, 26901.jpg,9,722,602,50,134,-1,-1,-1,-1
6, 26901.jpg,10,296,594,55,131,-1,-1,-1,-1
6, 26901.jpg,11,992,508,56,122,-1,-1,-1,-1
6, 26901.jpg,12,1239,604,67,128,-1,-1,-1,-1
6, 26901.jpg,13,547,676,92,150,-1,-1,-1,-1
7, 26902.jpg,2,1269,674,72,149,-1,-1,-1,-1
7, 26902.jpg,3,425,608,69,146,-1,-1,-1,-1
7, 26902.jpg,4,1019,672,79,150,-1,-1,-1,-1
7, 26902.jpg,5,960,803,81,183,-1,-1,-1,-1
7, 26902.jpg,7,622,693,106,183,-1,-1,-1,-1
7, 26902.jpg,8,1133,570,112,90,-1,-1,-1,-1
7, 26902.jpg,9,722,594,51,138,-1,-1,-1,-1
7, 26902.jpg,10,299,594,54,129,-1,-1,-1,-1
7, 26902.jpg,11,997,504,57,122,-1,-1,-1,-1
7, 26902.jpg,12,1245,605,66,127,-1,-1,-1,-1
7, 26902.jpg,13,568,680,87,145,-1,-1,-1,-1
8, 26903.jpg,2,1279,673,71,149,-1,-1,-1,-1
8, 26903.jpg,3,422,608,70,148,-1,-1,-1,-1
8, 26903.jpg,4,1029,675,81,145,-1,-1,-1,-1
8, 26903.jpg,5,972,811,81,179,-1,-1,-1,-1
8, 26903.jpg,7,619,692,103,182,-1,-1,-1,-1
8, 26903.jpg,8,1142,566,115,95,-1,-1,-1,-1
8, 26903.jpg,9,734,592,46,123,-1,-1,-1,-1
8, 26903.jpg,10,307,591,54,129,-1,-1,-1,-1
8, 26903.jpg,11,1001,502,58,122,-1,-1,-1,-1
8, 26903.jpg,12,1243,604,65,125,-1,-1,-1,-1
8, 26903.jpg,13,589,683,83,140,-1,-1,-1,-1
9, 26904.jpg,1,735,620,58,143,-1,-1,-1,-1
9, 26904.jpg,2,1288,669,72,151,-1,-1,-1,-1
9, 26904.jpg,3,420,608,67,146,-1,-1,-1,-1
9, 26904.jpg,4,1040,673,84,145,-1,-1,-1,-1
9, 26904.jpg,5,988,813,81,176,-1,-1,-1,-1
9, 26904.jpg,7,608,678,94,168,-1,-1,-1,-1
9, 26904.jpg,8,1152,563,115,98,-1,-1,-1,-1
9, 26904.jpg,9,739,589,44,118,-1,-1,-1,-1
9, 26904.jpg,10,312,588,55,130,-1,-1,-1,-1
9, 26904.jpg,11,1004,503,58,122,-1,-1,-1,-1
9, 26904.jpg,12,1244,606,63,122,-1,-1,-1,-1
9, 26904.jpg,13,606,683,83,140,-1,-1,-1,-1
10, 26905.jpg,1,741,624,59,144,-1,-1,-1,-1
10, 26905.jpg,2,1298,665,73,154,-1,-1,-1,-1
10, 26905.jpg,3,415,605,68,150,-1,-1,-1,-1
10, 26905.jpg,4,1048,667,90,148,-1,-1,-1,-1
10, 26905.jpg,5,1002,811,86,183,-1,-1,-1,-1
10, 26905.jpg,7,613,683,99,184,-1,-1,-1,-1
10, 26905.jpg,8,1160,560,116,103,-1,-1,-1,-1
10, 26905.jpg,9,743,596,47,124,-1,-1,-1,-1
10, 26905.jpg,10,319,585,55,130,-1,-1,-1,-1
10, 26905.jpg,11,1010,505,58,122,-1,-1,-1,-1
10, 26905.jpg,12,1246,604,63,123,-1,-1,-1,-1
11, 26906.jpg,1,753,641,56,139,-1,-1,-1,-1
11, 26906.jpg,2,1307,666,73,154,-1,-1,-1,-1
11, 26906.jpg,3,413,604,68,153,-1,-1,-1,-1
11, 26906.jpg,4,1056,667,94,150,-1,-1,-1,-1
11, 26906.jpg,5,1022,816,86,180,-1,-1,-1,-1
11, 26906.jpg,7,619,687,100,187,-1,-1,-1,-1
11, 26906.jpg,8,1171,559,110,101,-1,-1,-1,-1
11, 26906.jpg,9,745,593,49,129,-1,-1,-1,-1
11, 26906.jpg,10,329,582,53,128,-1,-1,-1,-1
11, 26906.jpg,11,1015,504,58,121,-1,-1,-1,-1
11, 26906.jpg,12,1246,605,63,122,-1,-1,-1,-1
12, 26907.jpg,1,759,647,54,134,-1,-1,-1,-1
12, 26907.jpg,2,1316,666,75,156,-1,-1,-1,-1
12, 26907.jpg,3,408,602,70,155,-1,-1,-1,-1
12, 26907.jpg,4,1063,666,99,152,-1,-1,-1,-1
12, 26907.jpg,5,1035,810,93,189,-1,-1,-1,-1
12, 26907.jpg,7,624,694,96,180,-1,-1,-1,-1
12, 26907.jpg,8,1183,555,106,101,-1,-1,-1,-1
12, 26907.jpg,9,750,591,47,127,-1,-1,-1,-1
12, 26907.jpg,10,336,581,52,124,-1,-1,-1,-1
12, 26907.jpg,11,1019,503,59,123,-1,-1,-1,-1
12, 26907.jpg,12,1252,601,64,126,-1,-1,-1,-1
12, 26907.jpg,13,663,683,74,123,-1,-1,-1,-1
13, 26908.jpg,1,771,647,55,140,-1,-1,-1,-1
13, 26908.jpg,2,1323,668,75,153,-1,-1,-1,-1
13, 26908.jpg,3,406,603,70,152,-1,-1,-1,-1
13, 26908.jpg,4,1075,665,100,151,-1,-1,-1,-1
13, 26908.jpg,5,1053,824,87,171,-1,-1,-1,-1
13, 26908.jpg,7,624,703,91,171,-1,-1,-1,-1
13, 26908.jpg,8,1193,555,103,100,-1,-1,-1,-1
13, 26908.jpg,9,759,594,45,119,-1,-1,-1,-1
13, 26908.jpg,10,345,579,51,122,-1,-1,-1,-1
13, 26908.jpg,11,1025,504,59,122,-1,-1,-1,-1
13, 26908.jpg,12,1256,605,62,123,-1,-1,-1,-1
13, 26908.jpg,13,683,683,74,125,-1,-1,-1,-1
14, 26909.jpg,1,777,655,52,134,-1,-1,-1,-1
14, 26909.jpg,2,1330,668,75,153,-1,-1,-1,-1
14, 26909.jpg,3,403,601,70,153,-1,-1,-1,-1
14, 26909.jpg,4,1083,667,104,154,-1,-1,-1,-1
14, 26909.jpg,5,1066,827,88,168,-1,-1,-1,-1
14, 26909.jpg,7,643,704,87,159,-1,-1,-1,-1
14, 26909.jpg,8,1203,554,97,97,-1,-1,-1,-1
14, 26909.jpg,9,764,593,44,116,-1,-1,-1,-1
14, 26909.jpg,10,353,578,50,119,-1,-1,-1,-1
14, 26909.jpg,11,1030,504,59,122,-1,-1,-1,-1
14, 26909.jpg,12,1258,604,63,126,-1,-1,-1,-1
14, 26909.jpg,13,701,683,73,123,-1,-1,-1,-1
15, 26910.jpg,1,784,661,52,133,-1,-1,-1,-1
15, 26910.jpg,2,1337,669,75,154,-1,-1,-1,-1
15, 26910.jpg,3,400,604,69,151,-1,-1,-1,-1
15, 26910.jpg,4,1096,668,104,152,-1,-1,-1,-1
15, 26910.jpg,5,1074,828,90,168,-1,-1,-1,-1
15, 26910.jpg,7,630,707,89,164,-1,-1,-1,-1
15, 26910.jpg,8,1212,552,97,99,-1,-1,-1,-1
15, 26910.jpg,9,768,615,46,123,-1,-1,-1,-1
15, 26910.jpg,10,361,580,48,115,-1,-1,-1,-1
15, 26910.jpg,11,1033,500,60,124,-1,-1,-1,-1
15, 26910.jpg,12,1262,609,61,120,-1,-1,-1,-1
15, 26910.jpg,13,721,680,78,132,-1,-1,-1,-1
16, 26911.jpg,2,1346,669,76,154,-1,-1,-1,-1
16, 26911.jpg,3,399,615,62,138,-1,-1,-1,-1
16, 26911.jpg,4,1114,669,104,151,-1,-1,-1,-1
16, 26911.jpg,5,1091,831,89,165,-1,-1,-1,-1
16, 26911.jpg,7,628,705,90,166,-1,-1,-1,-1
16, 26911.jpg,8,1227,551,97,101,-1,-1,-1,-1
16, 26911.jpg,9,784,616,53,143,-1,-1,-1,-1
16, 26911.jpg,10,373,578,49,115,-1,-1,-1,-1
16, 26911.jpg,11,1043,496,64,130,-1,-1,-1,-1
16, 26911.jpg,12,1274,618,57,113,-1,-1,-1,-1
16, 26911.jpg,13,743,679,83,139,-1,-1,-1,-1
17, 26912.jpg,2,1352,669,77,153,-1,-1,-1,-1
17, 26912.jpg,3,394,617,57,129,-1,-1,-1,-1
17, 26912.jpg,4,1124,667,104,154,-1,-1,-1,-1
17, 26912.jpg,5,1103,832,90,165,-1,-1,-1,-1
17, 26912.jpg,7,627,705,90,166,-1,-1,-1,-1
17, 26912.jpg,8,1237,548,95,100,-1,-1,-1,-1
17, 26912.jpg,9,792,605,52,139,-1,-1,-1,-1
17, 26912.jpg,10,381,576,47,114,-1,-1,-1,-1
17, 26912.jpg,11,1050,495,64,129,-1,-1,-1,-1
17, 26912.jpg,12,1279,619,57,115,-1,-1,-1,-1
17, 26912.jpg,13,747,686,73,126,-1,-1,-1,-1
18, 26913.jpg,2,1358,669,78,154,-1,-1,-1,-1
18, 26913.jpg,3,390,618,57,127,-1,-1,-1,-1
18, 26913.jpg,4,1132,667,104,155,-1,-1,-1,-1
18, 26913.jpg,5,1113,832,90,163,-1,-1,-1,-1
18, 26913.jpg,7,627,701,90,168,-1,-1,-1,-1
18, 26913.jpg,8,1252,548,93,101,-1,-1,-1,-1
18, 26913.jpg,9,798,602,50,137,-1,-1,-1,-1
18, 26913.jpg,10,390,579,50,116,-1,-1,-1,-1
18, 26913.jpg,11,1054,493,65,131,-1,-1,-1,-1
18, 26913.jpg,12,1282,616,60,118,-1,-1,-1,-1
18, 26913.jpg,13,765,687,77,132,-1,-1,-1,-1
19, 26914.jpg,1,799,630,62,156,-1,-1,-1,-1
19, 26914.jpg,2,1362,669,79,154,-1,-1,-1,-1
19, 26914.jpg,3,384,601,67,148,-1,-1,-1,-1
19, 26914.jpg,4,1141,665,103,155,-1,-1,-1,-1
19, 26914.jpg,5,1123,833,87,160,-1,-1,-1,-1
19, 26914.jpg,7,626,694,90,174,-1,-1,-1,-1
19, 26914.jpg,8,1268,547,91,103,-1,-1,-1,-1
19, 26914.jpg,9,804,602,50,137,-1,-1,-1,-1
19, 26914.jpg,10,397,576,50,117,-1,-1,-1,-1
19, 26914.jpg,11,1059,491,67,133,-1,-1,-1,-1
19, 26914.jpg,12,1287,613,61,122,-1,-1,-1,-1
19, 26914.jpg,13,776,686,78,136,-1,-1,-1,-1
20, 26915.jpg,1,805,636,65,166,-1,-1,-1,-1
20, 26915.jpg,2,1366,669,80,156,-1,-1,-1,-1
20, 26915.jpg,3,382,600,69,149,-1,-1,-1,-1
20, 26915.jpg,4,1148,662,102,158,-1,-1,-1,-1
20, 26915.jpg,5,1125,827,91,169,-1,-1,-1,-1
20, 26915.jpg,7,626,691,88,173,-1,-1,-1,-1
20, 26915.jpg,8,1284,550,84,98,-1,-1,-1,-1
20, 26915.jpg,10,405,575,48,112,-1,-1,-1,-1
20, 26915.jpg,11,1065,485,69,138,-1,-1,-1,-1
20, 26915.jpg,12,1295,611,60,122,-1,-1,-1,-1
20, 26915.jpg,13,792,687,78,135,-1,-1,-1,-1
21, 26916.jpg,1,804,664,62,155,-1,-1,-1,-1
21, 26916.jpg,2,1369,669,80,156,-1,-1,-1,-1
21, 26916.jpg,3,382,607,68,142,-1,-1,-1,-1
21, 26916.jpg,4,1153,662,102,158,-1,-1,-1,-1
21, 26916.jpg,5,1131,825,91,169,-1,-1,-1,-1
21, 26916.jpg,7,625,686,85,175,-1,-1,-1,-1
21, 26916.jpg,8,1294,546,87,105,-1,-1,-1,-1
21, 26916.jpg,9,808,618,50,135,-1,-1,-1,-1
21, 26916.jpg,10,412,578,45,99,-1,-1,-1,-1
21, 26916.jpg,11,1068,476,73,145,-1,-1,-1,-1
21, 26916.jpg,12,1300,612,63,128,-1,-1,-1,-1
22, 26917.jpg,1,815,649,59,147,-1,-1,-1,-1
22, 26917.jpg,2,1372,669,82,157,-1,-1,-1,-1
22, 26917.jpg,3,383,611,69,140,-1,-1,-1,-1
22, 26917.jpg,4,1161,661,101,159,-1,-1,-1,-1
22, 26917.jpg,5,1135,821,91,171,-1,-1,-1,-1
22, 26917.jpg,7,626,682,82,176,-1,-1,-1,-1
22, 26917.jpg,8,1304,544,87,109,-1,-1,-1,-1
22, 26917.jpg,9,814,619,50,136,-1,-1,-1,-1
22, 26917.jpg,10,414,574,47,101,-1,-1,-1,-1
22, 26917.jpg,11,1073,470,75,151,-1,-1,-1,-1
22, 26917.jpg,12,1307,614,62,128,-1,-1,-1,-1
23, 26918.jpg,1,816,669,61,153,-1,-1,-1,-1
23, 26918.jpg,2,1375,670,81,155,-1,-1,-1,-1
23, 26918.jpg,3,394,604,66,132,-1,-1,-1,-1
23, 26918.jpg,4,1167,660,100,160,-1,-1,-1,-1
23, 26918.jpg,5,1141,822,90,171,-1,-1,-1,-1
23, 26918.jpg,7,627,680,80,174,-1,-1,-1,-1
23, 26918.jpg,8,1314,543,88,109,-1,-1,-1,-1
23, 26918.jpg,9,828,609,45,116,-1,-1,-1,-1
23, 26918.jpg,10,421,573,46,99,-1,-1,-1,-1
23, 26918.jpg,11,1082,461,76,157,-1,-1,-1,-1
23, 26918.jpg,12,1317,586,64,131,-1,-1,-1,-1
24, 26919.jpg,1,823,679,58,148,-1,-1,-1,-1
24, 26919.jpg,2,1376,670,81,156,-1,-1,-1,-1
24, 26919.jpg,3,382,605,68,139,-1,-1,-1,-1
24, 26919.jpg,4,1172,659,100,162,-1,-1,-1,-1
24, 26919.jpg,5,1149,821,91,174,-1,-1,-1,-1
24, 26919.jpg,7,629,680,76,170,-1,-1,-1,-1
24, 26919.jpg,8,1327,542,84,108,-1,-1,-1,-1
24, 26919.jpg,9,836,609,45,118,-1,-1,-1,-1
24, 26919.jpg,10,431,571,51,109,-1,-1,-1,-1
24, 26919.jpg,11,1090,464,72,152,-1,-1,-1,-1
24, 26919.jpg,12,1321,603,61,128,-1,-1,-1,-1
25, 26920.jpg,1,833,656,61,157,-1,-1,-1,-1
25, 26920.jpg,2,1378,671,80,154,-1,-1,-1,-1
25, 26920.jpg,3,374,599,70,148,-1,-1,-1,-1
25, 26920.jpg,4,1177,659,99,163,-1,-1,-1,-1
25, 26920.jpg,5,1152,810,97,187,-1,-1,-1,-1
25, 26920.jpg,7,629,681,74,167,-1,-1,-1,-1
25, 26920.jpg,8,1337,540,85,109,-1,-1,-1,-1
25, 26920.jpg,9,842,609,45,117,-1,-1,-1,-1
25, 26920.jpg,10,436,571,52,113,-1,-1,-1,-1
25, 26920.jpg,11,1095,466,70,147,-1,-1,-1,-1
25, 26920.jpg,12,1336,592,61,127,-1,-1,-1,-1
26, 26921.jpg,1,839,672,61,158,-1,-1,-1,-1
26, 26921.jpg,2,1382,674,78,150,-1,-1,-1,-1
26, 26921.jpg,3,367,595,72,154,-1,-1,-1,-1
26, 26921.jpg,4,1183,659,99,164,-1,-1,-1,-1
26, 26921.jpg,5,1158,812,95,184,-1,-1,-1,-1
26, 26921.jpg,7,629,683,72,164,-1,-1,-1,-1
26, 26921.jpg,8,1349,543,78,102,-1,-1,-1,-1
26, 26921.jpg,9,845,614,45,119,-1,-1,-1,-1
26, 26921.jpg,10,444,568,53,116,-1,-1,-1,-1
26, 26921.jpg,11,1104,470,65,139,-1,-1,-1,-1
26, 26921.jpg,12,1335,608,60,127,-1,-1,-1,-1
27, 26922.jpg,1,845,659,56,152,-1,-1,-1,-1
27, 26922.jpg,2,1384,677,76,147,-1,-1,-1,-1
27, 26922.jpg,3,364,594,70,155,-1,-1,-1,-1
27, 26922.jpg,4,1188,659,99,163,-1,-1,-1,-1
27, 26922.jpg,5,1162,805,97,192,-1,-1,-1,-1
27, 26922.jpg,7,628,685,72,160,-1,-1,-1,-1
27, 26922.jpg,8,1357,543,80,107,-1,-1,-1,-1
27, 26922.jpg,9,859,610,45,117,-1,-1,-1,-1
27, 26922.jpg,10,449,564,54,121,-1,-1,-1,-1
27, 26922.jpg,11,1110,467,66,140,-1,-1,-1,-1
27, 26922.jpg,12,1336,612,60,128,-1,-1,-1,-1
27, 26922.jpg,16,133,526,62,124,-1,-1,-1,-1
28, 26923.jpg,1,852,653,53,145,-1,-1,-1,-1
28, 26923.jpg,2,1384,679,76,148,-1,-1,-1,-1
28, 26923.jpg,3,361,598,68,151,-1,-1,-1,-1
28, 26923.jpg,4,1193,658,97,164,-1,-1,-1,-1
28, 26923.jpg,5,1166,801,96,190,-1,-1,-1,-1
28, 26923.jpg,7,627,687,72,158,-1,-1,-1,-1
28, 26923.jpg,8,1371,547,77,106,-1,-1,-1,-1
28, 26923.jpg,9,866,610,44,116,-1,-1,-1,-1
28, 26923.jpg,10,453,561,55,124,-1,-1,-1,-1
28, 26923.jpg,11,1116,470,64,138,-1,-1,-1,-1
28, 26923.jpg,12,1344,616,59,126,-1,-1,-1,-1
28, 26923.jpg,16,141,527,61,122,-1,-1,-1,-1
29, 26924.jpg,1,863,652,52,144,-1,-1,-1,-1
29, 26924.jpg,2,1384,682,77,149,-1,-1,-1,-1
29, 26924.jpg,3,358,601,67,149,-1,-1,-1,-1
29, 26924.jpg,4,1197,658,96,165,-1,-1,-1,-1
29, 26924.jpg,5,1171,799,93,188,-1,-1,-1,-1
29, 26924.jpg,7,625,687,74,157,-1,-1,-1,-1
29, 26924.jpg,8,1377,547,75,105,-1,-1,-1,-1
29, 26924.jpg,10,457,559,55,126,-1,-1,-1,-1
29, 26924.jpg,11,1120,473,63,133,-1,-1,-1,-1
29, 26924.jpg,12,1348,616,59,124,-1,-1,-1,-1
29, 26924.jpg,16,146,526,61,124,-1,-1,-1,-1
30, 26925.jpg,1,862,664,57,160,-1,-1,-1,-1
30, 26925.jpg,2,1383,682,79,155,-1,-1,-1,-1
30, 26925.jpg,3,354,602,68,147,-1,-1,-1,-1
30, 26925.jpg,4,1201,659,95,164,-1,-1,-1,-1
30, 26925.jpg,5,1174,801,90,182,-1,-1,-1,-1
30, 26925.jpg,7,625,689,74,154,-1,-1,-1,-1
30, 26925.jpg,8,1385,549,75,107,-1,-1,-1,-1
30, 26925.jpg,10,464,558,54,124,-1,-1,-1,-1
30, 26925.jpg,11,1126,477,60,128,-1,-1,-1,-1
30, 26925.jpg,12,1354,616,59,125,-1,-1,-1,-1
30, 26925.jpg,16,150,527,61,124,-1,-1,-1,-1
31, 26926.jpg,1,867,662,55,155,-1,-1,-1,-1
31, 26926.jpg,2,1380,685,81,156,-1,-1,-1,-1
31, 26926.jpg,3,350,604,70,147,-1,-1,-1,-1
31, 26926.jpg,4,1204,657,95,164,-1,-1,-1,-1
31, 26926.jpg,5,1177,798,90,182,-1,-1,-1,-1
31, 26926.jpg,7,623,689,75,153,-1,-1,-1,-1
31, 26926.jpg,8,1395,554,73,106,-1,-1,-1,-1
31, 26926.jpg,10,469,556,52,123,-1,-1,-1,-1
31, 26926.jpg,11,1131,483,58,122,-1,-1,-1,-1
31, 26926.jpg,12,1357,612,63,132,-1,-1,-1,-1
31, 26926.jpg,16,153,526,62,126,-1,-1,-1,-1
32, 26927.jpg,1,870,660,53,147,-1,-1,-1,-1
32, 26927.jpg,2,1381,690,78,148,-1,-1,-1,-1
32, 26927.jpg,3,345,609,72,144,-1,-1,-1,-1
32, 26927.jpg,4,1207,656,93,164,-1,-1,-1,-1
32, 26927.jpg,5,1178,796,89,180,-1,-1,-1,-1
32, 26927.jpg,7,623,688,78,154,-1,-1,-1,-1
32, 26927.jpg,8,1405,555,71,105,-1,-1,-1,-1
32, 26927.jpg,10,473,556,53,123,-1,-1,-1,-1
32, 26927.jpg,11,1137,486,58,121,-1,-1,-1,-1
32, 26927.jpg,12,1366,615,62,130,-1,-1,-1,-1
32, 26927.jpg,16,155,526,62,126,-1,-1,-1,-1
32, 26927.jpg,21,1845,717,72,161,-1,-1,-1,-1
33, 26928.jpg,1,872,658,52,143,-1,-1,-1,-1
33, 26928.jpg,2,1383,691,78,145,-1,-1,-1,-1
33, 26928.jpg,3,339,611,76,144,-1,-1,-1,-1
33, 26928.jpg,4,1212,656,92,162,-1,-1,-1,-1
33, 26928.jpg,5,1178,796,87,174,-1,-1,-1,-1
33, 26928.jpg,7,621,686,80,156,-1,-1,-1,-1
33, 26928.jpg,8,1411,555,71,106,-1,-1,-1,-1
33, 26928.jpg,10,479,556,51,120,-1,-1,-1,-1
33, 26928.jpg,11,1143,493,56,119,-1,-1,-1,-1
33, 26928.jpg,12,1368,616,60,126,-1,-1,-1,-1
33, 26928.jpg,16,161,526,61,125,-1,-1,-1,-1
33, 26928.jpg,21,1847,724,71,158,-1,-1,-1,-1
34, 26929.jpg,1,877,656,48,132,-1,-1,-1,-1
34, 26929.jpg,2,1379,686,84,153,-1,-1,-1,-1
34, 26929.jpg,3,338,615,77,140,-1,-1,-1,-1
34, 26929.jpg,4,1216,655,92,163,-1,-1,-1,-1
34, 26929.jpg,5,1178,792,89,175,-1,-1,-1,-1
34, 26929.jpg,7,619,685,81,158,-1,-1,-1,-1
34, 26929.jpg,8,1417,557,69,105,-1,-1,-1,-1
34, 26929.jpg,9,898,618,43,118,-1,-1,-1,-1
34, 26929.jpg,10,483,556,50,118,-1,-1,-1,-1
34, 26929.jpg,11,1148,499,55,115,-1,-1,-1,-1
34, 26929.jpg,12,1374,619,56,118,-1,-1,-1,-1
34, 26929.jpg,16,165,527,60,123,-1,-1,-1,-1
34, 26929.jpg,21,1847,727,69,154,-1,-1,-1,-1
34, 26929.jpg,22,881,690,57,175,-1,-1,-1,-1
35, 26930.jpg,1,877,666,53,146,-1,-1,-1,-1
35, 26930.jpg,2,1377,685,83,153,-1,-1,-1,-1
35, 26930.jpg,3,337,613,80,141,-1,-1,-1,-1
35, 26930.jpg,4,1220,653,91,165,-1,-1,-1,-1
35, 26930.jpg,5,1177,792,90,174,-1,-1,-1,-1
35, 26930.jpg,7,617,684,79,157,-1,-1,-1,-1
35, 26930.jpg,8,1423,559,67,103,-1,-1,-1,-1
35, 26930.jpg,9,902,619,40,117,-1,-1,-1,-1
35, 26930.jpg,10,489,556,50,119,-1,-1,-1,-1
35, 26930.jpg,11,1151,504,54,111,-1,-1,-1,-1
35, 26930.jpg,12,1379,619,53,114,-1,-1,-1,-1
35, 26930.jpg,16,169,529,60,120,-1,-1,-1,-1
35, 26930.jpg,21,1847,724,70,155,-1,-1,-1,-1
35, 26930.jpg,22,890,707,54,167,-1,-1,-1,-1
36, 26931.jpg,1,886,666,51,143,-1,-1,-1,-1
36, 26931.jpg,2,1372,685,83,154,-1,-1,-1,-1
36, 26931.jpg,3,337,612,82,141,-1,-1,-1,-1
36, 26931.jpg,4,1224,653,91,165,-1,-1,-1,-1
36, 26931.jpg,5,1173,794,91,172,-1,-1,-1,-1
36, 26931.jpg,7,613,683,77,156,-1,-1,-1,-1
36, 26931.jpg,8,1429,559,67,105,-1,-1,-1,-1
36, 26931.jpg,9,907,620,41,117,-1,-1,-1,-1
36, 26931.jpg,10,494,557,50,119,-1,-1,-1,-1
36, 26931.jpg,11,1153,507,53,109,-1,-1,-1,-1
36, 26931.jpg,12,1381,619,53,115,-1,-1,-1,-1
36, 26931.jpg,16,174,529,59,120,-1,-1,-1,-1
36, 26931.jpg,21,1848,719,71,159,-1,-1,-1,-1
36, 26931.jpg,22,896,717,52,162,-1,-1,-1,-1
37, 26932.jpg,1,887,673,50,139,-1,-1,-1,-1
37, 26932.jpg,2,1369,684,81,155,-1,-1,-1,-1
37, 26932.jpg,3,335,610,83,141,-1,-1,-1,-1
37, 26932.jpg,4,1226,656,91,161,-1,-1,-1,-1
37, 26932.jpg,5,1172,795,90,169,-1,-1,-1,-1
37, 26932.jpg,7,609,683,76,157,-1,-1,-1,-1
37, 26932.jpg,8,1434,563,65,102,-1,-1,-1,-1
37, 26932.jpg,9,896,621,36,106,-1,-1,-1,-1
37, 26932.jpg,10,497,558,50,117,-1,-1,-1,-1
37, 26932.jpg,11,1155,511,51,105,-1,-1,-1,-1
37, 26932.jpg,12,1384,618,54,117,-1,-1,-1,-1
37, 26932.jpg,16,174,526,60,122,-1,-1,-1,-1
37, 26932.jpg,21,1849,716,70,164,-1,-1,-1,-1
37, 26932.jpg,22,900,722,51,157,-1,-1,-1,-1
38, 26933.jpg,1,890,668,51,143,-1,-1,-1,-1
38, 26933.jpg,2,1367,683,82,159,-1,-1,-1,-1
38, 26933.jpg,3,331,604,86,146,-1,-1,-1,-1
38, 26933.jpg,4,1229,657,91,159,-1,-1,-1,-1
38, 26933.jpg,5,1173,795,85,163,-1,-1,-1,-1
38, 26933.jpg,7,609,681,72,154,-1,-1,-1,-1
38, 26933.jpg,8,1436,563,66,103,-1,-1,-1,-1
38, 26933.jpg,9,900,622,36,104,-1,-1,-1,-1
38, 26933.jpg,10,502,557,52,116,-1,-1,-1,-1
38, 26933.jpg,11,1157,512,51,104,-1,-1,-1,-1
38, 26933.jpg,12,1388,617,57,126,-1,-1,-1,-1
38, 26933.jpg,16,178,526,60,122,-1,-1,-1,-1
38, 26933.jpg,21,1850,714,69,167,-1,-1,-1,-1
38, 26933.jpg,22,901,721,51,158,-1,-1,-1,-1
39, 26934.jpg,1,895,643,49,137,-1,-1,-1,-1
39, 26934.jpg,2,1365,683,82,162,-1,-1,-1,-1
39, 26934.jpg,3,328,600,87,151,-1,-1,-1,-1
39, 26934.jpg,4,1231,661,92,156,-1,-1,-1,-1
39, 26934.jpg,5,1171,794,84,162,-1,-1,-1,-1
39, 26934.jpg,7,605,681,71,154,-1,-1,-1,-1
39, 26934.jpg,8,1437,564,67,105,-1,-1,-1,-1
39, 26934.jpg,10,504,556,53,117,-1,-1,-1,-1
39, 26934.jpg,11,1160,513,51,105,-1,-1,-1,-1
39, 26934.jpg,12,1394,619,58,128,-1,-1,-1,-1
39, 26934.jpg,21,1851,713,68,169,-1,-1,-1,-1
39, 26934.jpg,22,903,715,52,164,-1,-1,-1,-1
40, 26935.jpg,1,903,658,51,145,-1,-1,-1,-1
40, 26935.jpg,2,1363,686,80,155,-1,-1,-1,-1
40, 26935.jpg,3,327,598,85,152,-1,-1,-1,-1
40, 26935.jpg,4,1231,663,91,151,-1,-1,-1,-1
40, 26935.jpg,5,1171,797,80,156,-1,-1,-1,-1
40, 26935.jpg,7,597,681,71,151,-1,-1,-1,-1
40, 26935.jpg,8,1437,564,68,106,-1,-1,-1,-1
40, 26935.jpg,10,510,554,57,119,-1,-1,-1,-1
40, 26935.jpg,11,1162,513,52,106,-1,-1,-1,-1
40, 26935.jpg,12,1398,622,60,128,-1,-1,-1,-1
40, 26935.jpg,22,906,718,52,163,-1,-1,-1,-1
