2, 22007.jpg,1,550,350,74,110,-1,-1,-1,-1
2, 22007.jpg,2,666,256,40,118,-1,-1,-1,-1
2, 22007.jpg,3,577,256,38,111,-1,-1,-1,-1
2, 22007.jpg,4,776,295,43,107,-1,-1,-1,-1
2, 22007.jpg,5,971,340,78,80,-1,-1,-1,-1
2, 22007.jpg,6,301,277,58,100,-1,-1,-1,-1
2, 22007.jpg,7,713,370,51,110,-1,-1,-1,-1
2, 22007.jpg,8,677,418,51,137,-1,-1,-1,-1
2, 22007.jpg,9,280,434,65,88,-1,-1,-1,-1
2, 22007.jpg,10,780,372,45,121,-1,-1,-1,-1
2, 22007.jpg,11,205,380,59,106,-1,-1,-1,-1
3, 22008.jpg,1,553,345,78,115,-1,-1,-1,-1
3, 22008.jpg,2,670,258,40,120,-1,-1,-1,-1
3, 22008.jpg,3,581,258,39,114,-1,-1,-1,-1
3, 22008.jpg,4,775,294,44,111,-1,-1,-1,-1
3, 22008.jpg,5,975,338,81,83,-1,-1,-1,-1
3, 22008.jpg,6,308,275,57,99,-1,-1,-1,-1
3, 22008.jpg,7,718,367,51,112,-1,-1,-1,-1
3, 22008.jpg,8,679,415,48,133,-1,-1,-1,-1
3, 22008.jpg,9,284,431,68,93,-1,-1,-1,-1
3, 22008.jpg,10,784,372,44,120,-1,-1,-1,-1
3, 22008.jpg,11,212,378,59,105,-1,-1,-1,-1
3, 22008.jpg,12,510,392,49,114,-1,-1,-1,-1
4, 22009.jpg,1,554,346,77,114,-1,-1,-1,-1
4, 22009.jpg,2,672,261,40,118,-1,-1,-1,-1
4, 22009.jpg,3,586,255,40,118,-1,-1,-1,-1
4, 22009.jpg,4,775,293,45,111,-1,-1,-1,-1
4, 22009.jpg,5,984,337,81,81,-1,-1,-1,-1
4, 22009.jpg,6,319,272,54,96,-1,-1,-1,-1
4, 22009.jpg,7,725,366,51,112,-1,-1,-1,-1
4, 22009.jpg,8,679,413,48,130,-1,-1,-1,-1
4, 22009.jpg,9,287,429,69,94,-1,-1,-1,-1
4, 22009.jpg,10,789,372,43,116,-1,-1,-1,-1
4, 22009.jpg,11,217,376,57,103,-1,-1,-1,-1
4, 22009.jpg,12,509,391,50,114,-1,-1,-1,-1
5, 22010.jpg,1,553,345,78,115,-1,-1,-1,-1
5, 22010.jpg,2,677,270,37,112,-1,-1,-1,-1
5, 22010.jpg,3,589,246,44,128,-1,-1,-1,-1
5, 22010.jpg,4,777,295,43,106,-1,-1,-1,-1
5, 22010.jpg,5,986,335,83,82,-1,-1,-1,-1
5, 22010.jpg,6,326,271,54,94,-1,-1,-1,-1
5, 22010.jpg,7,729,364,52,115,-1,-1,-1,-1
5, 22010.jpg,8,681,411,47,128,-1,-1,-1,-1
5, 22010.jpg,9,290,425,71,97,-1,-1,-1,-1
5, 22010.jpg,10,794,371,43,115,-1,-1,-1,-1
5, 22010.jpg,11,221,374,56,102,-1,-1,-1,-1
5, 22010.jpg,12,504,391,50,114,-1,-1,-1,-1
6, 22011.jpg,1,551,345,78,113,-1,-1,-1,-1
6, 22011.jpg,2,680,277,36,108,-1,-1,-1,-1
6, 22011.jpg,3,591,240,47,138,-1,-1,-1,-1
6, 22011.jpg,4,777,296,43,107,-1,-1,-1,-1
6, 22011.jpg,5,984,332,87,85,-1,-1,-1,-1
6, 22011.jpg,6,335,271,52,92,-1,-1,-1,-1
6, 22011.jpg,7,732,363,52,115,-1,-1,-1,-1
6, 22011.jpg,8,682,410,45,124,-1,-1,-1,-1
6, 22011.jpg,9,293,423,73,100,-1,-1,-1,-1
6, 22011.jpg,10,798,369,42,116,-1,-1,-1,-1
6, 22011.jpg,11,224,375,56,101,-1,-1,-1,-1
6, 22011.jpg,12,499,393,50,111,-1,-1,-1,-1
7, 22012.jpg,1,552,344,75,111,-1,-1,-1,-1
7, 22012.jpg,2,682,285,35,101,-1,-1,-1,-1
7, 22012.jpg,3,599,248,44,129,-1,-1,-1,-1
7, 22012.jpg,4,778,300,41,102,-1,-1,-1,-1
7, 22012.jpg,5,986,331,89,87,-1,-1,-1,-1
7, 22012.jpg,6,343,273,52,90,-1,-1,-1,-1
7, 22012.jpg,7,738,364,51,115,-1,-1,-1,-1
7, 22012.jpg,8,685,409,45,123,-1,-1,-1,-1
7, 22012.jpg,9,294,421,74,101,-1,-1,-1,-1
7, 22012.jpg,10,802,368,42,115,-1,-1,-1,-1
7, 22012.jpg,11,229,377,56,99,-1,-1,-1,-1
7, 22012.jpg,12,496,392,51,110,-1,-1,-1,-1
8, 22013.jpg,1,550,343,72,110,-1,-1,-1,-1
8, 22013.jpg,2,683,289,36,105,-1,-1,-1,-1
8, 22013.jpg,3,603,254,43,125,-1,-1,-1,-1
8, 22013.jpg,4,778,303,41,99,-1,-1,-1,-1
8, 22013.jpg,5,983,329,90,89,-1,-1,-1,-1
8, 22013.jpg,6,352,276,51,90,-1,-1,-1,-1
8, 22013.jpg,7,742,364,52,118,-1,-1,-1,-1
8, 22013.jpg,8,685,408,44,121,-1,-1,-1,-1
8, 22013.jpg,9,294,418,74,101,-1,-1,-1,-1
8, 22013.jpg,10,806,368,41,114,-1,-1,-1,-1
8, 22013.jpg,11,232,380,56,96,-1,-1,-1,-1
8, 22013.jpg,12,493,393,53,108,-1,-1,-1,-1
9, 22014.jpg,1,548,341,70,111,-1,-1,-1,-1
9, 22014.jpg,2,685,295,36,104,-1,-1,-1,-1
9, 22014.jpg,3,606,260,41,121,-1,-1,-1,-1
9, 22014.jpg,4,779,307,40,97,-1,-1,-1,-1
9, 22014.jpg,5,980,327,93,94,-1,-1,-1,-1
9, 22014.jpg,6,358,278,52,88,-1,-1,-1,-1
9, 22014.jpg,7,745,367,51,116,-1,-1,-1,-1
9, 22014.jpg,8,684,406,45,122,-1,-1,-1,-1
9, 22014.jpg,9,296,417,74,101,-1,-1,-1,-1
9, 22014.jpg,10,791,371,43,112,-1,-1,-1,-1
9, 22014.jpg,11,238,382,55,94,-1,-1,-1,-1
9, 22014.jpg,12,491,394,56,109,-1,-1,-1,-1
10, 22015.jpg,1,546,340,70,113,-1,-1,-1,-1
10, 22015.jpg,2,688,300,37,104,-1,-1,-1,-1
10, 22015.jpg,3,609,266,40,119,-1,-1,-1,-1
10, 22015.jpg,4,779,310,41,96,-1,-1,-1,-1
10, 22015.jpg,5,977,325,93,96,-1,-1,-1,-1
10, 22015.jpg,6,362,280,54,87,-1,-1,-1,-1
10, 22015.jpg,7,746,365,52,120,-1,-1,-1,-1
10, 22015.jpg,8,683,402,45,123,-1,-1,-1,-1
10, 22015.jpg,9,294,417,72,97,-1,-1,-1,-1
10, 22015.jpg,10,805,370,42,111,-1,-1,-1,-1
10, 22015.jpg,11,242,385,53,90,-1,-1,-1,-1
10, 22015.jpg,12,489,395,57,107,-1,-1,-1,-1
11, 22016.jpg,1,545,340,69,114,-1,-1,-1,-1
11, 22016.jpg,2,691,304,35,100,-1,-1,-1,-1
11, 22016.jpg,3,611,273,39,116,-1,-1,-1,-1
11, 22016.jpg,4,781,313,38,92,-1,-1,-1,-1
11, 22016.jpg,5,976,323,91,97,-1,-1,-1,-1
11, 22016.jpg,6,369,283,55,85,-1,-1,-1,-1
11, 22016.jpg,7,749,364,52,123,-1,-1,-1,-1
11, 22016.jpg,8,682,397,46,125,-1,-1,-1,-1
11, 22016.jpg,9,301,420,70,90,-1,-1,-1,-1
11, 22016.jpg,10,811,372,42,110,-1,-1,-1,-1
11, 22016.jpg,11,247,385,54,89,-1,-1,-1,-1
11, 22016.jpg,12,485,396,60,107,-1,-1,-1,-1
12, 22017.jpg,1,545,339,67,114,-1,-1,-1,-1
12, 22017.jpg,2,693,305,35,98,-1,-1,-1,-1
12, 22017.jpg,3,614,279,38,115,-1,-1,-1,-1
12, 22017.jpg,4,781,315,38,89,-1,-1,-1,-1
12, 22017.jpg,5,975,320,90,100,-1,-1,-1,-1
12, 22017.jpg,6,373,286,56,82,-1,-1,-1,-1
12, 22017.jpg,7,752,365,51,124,-1,-1,-1,-1
12, 22017.jpg,8,682,394,46,125,-1,-1,-1,-1
12, 22017.jpg,9,287,411,72,91,-1,-1,-1,-1
12, 22017.jpg,10,816,375,40,106,-1,-1,-1,-1
12, 22017.jpg,11,251,386,54,88,-1,-1,-1,-1
12, 22017.jpg,12,481,394,63,108,-1,-1,-1,-1
13, 22018.jpg,1,542,337,66,114,-1,-1,-1,-1
13, 22018.jpg,2,696,304,37,104,-1,-1,-1,-1
13, 22018.jpg,3,615,284,38,116,-1,-1,-1,-1
13, 22018.jpg,4,782,316,37,86,-1,-1,-1,-1
13, 22018.jpg,5,974,318,89,100,-1,-1,-1,-1
13, 22018.jpg,6,378,287,59,82,-1,-1,-1,-1
13, 22018.jpg,7,757,364,50,124,-1,-1,-1,-1
13, 22018.jpg,8,682,393,45,121,-1,-1,-1,-1
13, 22018.jpg,9,276,405,75,92,-1,-1,-1,-1
13, 22018.jpg,10,820,376,39,103,-1,-1,-1,-1
13, 22018.jpg,12,482,395,67,111,-1,-1,-1,-1
14, 22019.jpg,1,541,335,64,113,-1,-1,-1,-1
14, 22019.jpg,2,698,304,37,106,-1,-1,-1,-1
14, 22019.jpg,3,618,290,36,111,-1,-1,-1,-1
14, 22019.jpg,4,783,315,36,82,-1,-1,-1,-1
14, 22019.jpg,5,972,315,89,104,-1,-1,-1,-1
14, 22019.jpg,6,382,288,59,80,-1,-1,-1,-1
14, 22019.jpg,7,760,365,49,121,-1,-1,-1,-1
14, 22019.jpg,8,684,391,44,121,-1,-1,-1,-1
14, 22019.jpg,9,303,414,72,84,-1,-1,-1,-1
14, 22019.jpg,10,823,377,39,100,-1,-1,-1,-1
14, 22019.jpg,11,264,389,52,83,-1,-1,-1,-1
14, 22019.jpg,12,482,400,68,104,-1,-1,-1,-1
15, 22020.jpg,1,540,336,62,110,-1,-1,-1,-1
15, 22020.jpg,2,700,302,37,105,-1,-1,-1,-1
15, 22020.jpg,3,620,296,34,104,-1,-1,-1,-1
15, 22020.jpg,4,783,312,37,83,-1,-1,-1,-1
15, 22020.jpg,5,970,314,87,104,-1,-1,-1,-1
15, 22020.jpg,6,386,288,59,79,-1,-1,-1,-1
15, 22020.jpg,7,762,365,48,121,-1,-1,-1,-1
15, 22020.jpg,8,685,391,42,117,-1,-1,-1,-1
15, 22020.jpg,9,314,421,73,80,-1,-1,-1,-1
15, 22020.jpg,10,826,376,39,99,-1,-1,-1,-1
15, 22020.jpg,11,267,391,53,83,-1,-1,-1,-1
15, 22020.jpg,12,473,400,68,98,-1,-1,-1,-1
16, 22021.jpg,1,541,336,59,107,-1,-1,-1,-1
16, 22021.jpg,2,702,300,37,105,-1,-1,-1,-1
16, 22021.jpg,3,623,298,34,102,-1,-1,-1,-1
16, 22021.jpg,4,784,310,39,89,-1,-1,-1,-1
16, 22021.jpg,5,969,313,86,105,-1,-1,-1,-1
16, 22021.jpg,6,393,291,58,77,-1,-1,-1,-1
16, 22021.jpg,7,762,366,48,121,-1,-1,-1,-1
16, 22021.jpg,8,685,391,41,113,-1,-1,-1,-1
16, 22021.jpg,9,318,421,72,79,-1,-1,-1,-1
16, 22021.jpg,10,828,376,39,98,-1,-1,-1,-1
16, 22021.jpg,11,282,401,60,87,-1,-1,-1,-1
16, 22021.jpg,12,467,400,74,99,-1,-1,-1,-1
17, 22022.jpg,1,541,335,59,107,-1,-1,-1,-1
17, 22022.jpg,2,704,299,37,106,-1,-1,-1,-1
17, 22022.jpg,3,625,300,33,100,-1,-1,-1,-1
17, 22022.jpg,4,785,312,39,84,-1,-1,-1,-1
17, 22022.jpg,5,969,311,84,106,-1,-1,-1,-1
17, 22022.jpg,6,398,292,58,78,-1,-1,-1,-1
17, 22022.jpg,7,763,366,47,121,-1,-1,-1,-1
17, 22022.jpg,8,685,390,40,112,-1,-1,-1,-1
17, 22022.jpg,10,830,375,40,99,-1,-1,-1,-1
17, 22022.jpg,11,304,409,66,85,-1,-1,-1,-1
17, 22022.jpg,12,461,398,78,102,-1,-1,-1,-1
18, 22023.jpg,1,542,335,58,107,-1,-1,-1,-1
18, 22023.jpg,2,705,300,37,106,-1,-1,-1,-1
18, 22023.jpg,3,624,300,34,100,-1,-1,-1,-1
18, 22023.jpg,4,784,312,40,88,-1,-1,-1,-1
18, 22023.jpg,5,968,311,83,105,-1,-1,-1,-1
18, 22023.jpg,6,402,293,58,79,-1,-1,-1,-1
18, 22023.jpg,7,764,368,45,118,-1,-1,-1,-1
18, 22023.jpg,8,684,389,40,111,-1,-1,-1,-1
18, 22023.jpg,10,833,375,40,100,-1,-1,-1,-1
18, 22023.jpg,11,327,420,66,78,-1,-1,-1,-1
18, 22023.jpg,12,459,399,79,100,-1,-1,-1,-1
19, 22024.jpg,1,543,336,55,102,-1,-1,-1,-1
19, 22024.jpg,2,705,300,38,108,-1,-1,-1,-1
19, 22024.jpg,3,623,297,35,103,-1,-1,-1,-1
19, 22024.jpg,4,787,309,41,90,-1,-1,-1,-1
19, 22024.jpg,5,967,310,80,104,-1,-1,-1,-1
19, 22024.jpg,6,405,295,59,80,-1,-1,-1,-1
19, 22024.jpg,7,763,367,46,118,-1,-1,-1,-1
19, 22024.jpg,8,684,386,40,112,-1,-1,-1,-1
19, 22024.jpg,10,835,375,42,102,-1,-1,-1,-1
19, 22024.jpg,11,333,422,71,78,-1,-1,-1,-1
19, 22024.jpg,12,456,400,82,99,-1,-1,-1,-1
20, 22025.jpg,1,544,334,56,105,-1,-1,-1,-1
20, 22025.jpg,2,705,303,40,109,-1,-1,-1,-1
20, 22025.jpg,3,622,296,35,102,-1,-1,-1,-1
20, 22025.jpg,4,788,308,41,90,-1,-1,-1,-1
20, 22025.jpg,5,965,309,79,105,-1,-1,-1,-1
20, 22025.jpg,6,405,295,61,84,-1,-1,-1,-1
20, 22025.jpg,7,762,365,47,121,-1,-1,-1,-1
20, 22025.jpg,8,683,383,41,113,-1,-1,-1,-1
20, 22025.jpg,10,837,376,42,102,-1,-1,-1,-1
20, 22025.jpg,11,343,424,72,74,-1,-1,-1,-1
20, 22025.jpg,12,450,402,79,92,-1,-1,-1,-1
20, 22025.jpg,13,280,405,53,68,-1,-1,-1,-1
21, 22026.jpg,1,545,333,55,103,-1,-1,-1,-1
21, 22026.jpg,2,704,303,40,108,-1,-1,-1,-1
21, 22026.jpg,3,621,295,35,103,-1,-1,-1,-1
21, 22026.jpg,4,786,308,43,92,-1,-1,-1,-1
21, 22026.jpg,5,963,309,76,104,-1,-1,-1,-1
21, 22026.jpg,6,405,297,61,84,-1,-1,-1,-1
21, 22026.jpg,7,763,364,45,120,-1,-1,-1,-1
21, 22026.jpg,8,684,382,40,111,-1,-1,-1,-1
21, 22026.jpg,10,838,375,43,103,-1,-1,-1,-1
21, 22026.jpg,11,349,424,71,73,-1,-1,-1,-1
21, 22026.jpg,12,442,403,78,88,-1,-1,-1,-1
21, 22026.jpg,13,283,409,50,64,-1,-1,-1,-1
22, 22027.jpg,1,545,331,55,102,-1,-1,-1,-1
22, 22027.jpg,2,705,305,40,106,-1,-1,-1,-1
22, 22027.jpg,3,621,296,34,100,-1,-1,-1,-1
22, 22027.jpg,4,786,308,44,94,-1,-1,-1,-1
22, 22027.jpg,5,961,309,73,104,-1,-1,-1,-1
22, 22027.jpg,6,405,298,62,86,-1,-1,-1,-1
22, 22027.jpg,7,762,363,46,120,-1,-1,-1,-1
22, 22027.jpg,8,684,380,40,113,-1,-1,-1,-1
22, 22027.jpg,10,841,376,42,101,-1,-1,-1,-1
22, 22027.jpg,11,350,423,74,75,-1,-1,-1,-1
22, 22027.jpg,12,436,405,76,83,-1,-1,-1,-1
22, 22027.jpg,13,283,411,49,62,-1,-1,-1,-1
23, 22028.jpg,1,548,331,56,106,-1,-1,-1,-1
23, 22028.jpg,2,702,307,40,101,-1,-1,-1,-1
23, 22028.jpg,3,619,296,36,100,-1,-1,-1,-1
23, 22028.jpg,4,787,307,44,95,-1,-1,-1,-1
23, 22028.jpg,5,959,308,71,106,-1,-1,-1,-1
23, 22028.jpg,6,407,299,60,85,-1,-1,-1,-1
23, 22028.jpg,7,761,362,46,119,-1,-1,-1,-1
23, 22028.jpg,8,684,378,40,115,-1,-1,-1,-1
23, 22028.jpg,10,844,375,43,102,-1,-1,-1,-1
23, 22028.jpg,11,355,420,74,76,-1,-1,-1,-1
23, 22028.jpg,12,431,407,75,80,-1,-1,-1,-1
23, 22028.jpg,13,283,412,49,61,-1,-1,-1,-1
24, 22029.jpg,1,550,331,55,104,-1,-1,-1,-1
24, 22029.jpg,2,701,306,32,81,-1,-1,-1,-1
24, 22029.jpg,3,617,298,35,96,-1,-1,-1,-1
24, 22029.jpg,4,788,307,44,96,-1,-1,-1,-1
24, 22029.jpg,5,957,309,69,105,-1,-1,-1,-1
24, 22029.jpg,6,409,300,59,81,-1,-1,-1,-1
24, 22029.jpg,7,761,361,45,119,-1,-1,-1,-1
24, 22029.jpg,8,683,374,42,118,-1,-1,-1,-1
24, 22029.jpg,10,848,374,43,105,-1,-1,-1,-1
24, 22029.jpg,11,357,417,76,78,-1,-1,-1,-1
24, 22029.jpg,12,423,406,77,81,-1,-1,-1,-1
24, 22029.jpg,13,282,411,50,61,-1,-1,-1,-1
25, 22030.jpg,1,553,332,53,102,-1,-1,-1,-1
25, 22030.jpg,2,699,310,35,88,-1,-1,-1,-1
25, 22030.jpg,3,615,299,36,94,-1,-1,-1,-1
25, 22030.jpg,4,790,305,44,98,-1,-1,-1,-1
25, 22030.jpg,5,955,308,68,109,-1,-1,-1,-1
25, 22030.jpg,6,409,300,60,83,-1,-1,-1,-1
25, 22030.jpg,7,762,362,43,115,-1,-1,-1,-1
25, 22030.jpg,8,683,372,42,119,-1,-1,-1,-1
25, 22030.jpg,10,851,375,43,105,-1,-1,-1,-1
25, 22030.jpg,11,365,418,75,77,-1,-1,-1,-1
25, 22030.jpg,12,406,407,78,79,-1,-1,-1,-1
25, 22030.jpg,13,282,407,54,64,-1,-1,-1,-1
26, 22031.jpg,1,556,334,52,101,-1,-1,-1,-1
26, 22031.jpg,2,692,323,37,93,-1,-1,-1,-1
26, 22031.jpg,3,612,297,37,96,-1,-1,-1,-1
26, 22031.jpg,4,791,305,43,97,-1,-1,-1,-1
26, 22031.jpg,5,952,308,66,110,-1,-1,-1,-1
26, 22031.jpg,6,410,299,60,85,-1,-1,-1,-1
26, 22031.jpg,7,762,361,43,113,-1,-1,-1,-1
26, 22031.jpg,8,683,369,42,119,-1,-1,-1,-1
26, 22031.jpg,10,853,376,43,105,-1,-1,-1,-1
26, 22031.jpg,11,358,409,80,83,-1,-1,-1,-1
26, 22031.jpg,12,401,408,76,77,-1,-1,-1,-1
26, 22031.jpg,13,282,404,56,67,-1,-1,-1,-1
27, 22032.jpg,1,557,334,52,102,-1,-1,-1,-1
27, 22032.jpg,2,689,329,38,97,-1,-1,-1,-1
27, 22032.jpg,3,610,294,39,99,-1,-1,-1,-1
27, 22032.jpg,4,793,305,43,97,-1,-1,-1,-1
27, 22032.jpg,5,950,307,65,112,-1,-1,-1,-1
27, 22032.jpg,6,411,297,64,90,-1,-1,-1,-1
27, 22032.jpg,7,761,359,43,112,-1,-1,-1,-1
27, 22032.jpg,8,683,364,42,119,-1,-1,-1,-1
27, 22032.jpg,10,856,378,42,103,-1,-1,-1,-1
27, 22032.jpg,11,364,409,80,84,-1,-1,-1,-1
27, 22032.jpg,12,411,409,76,76,-1,-1,-1,-1
27, 22032.jpg,13,281,400,60,71,-1,-1,-1,-1
28, 22033.jpg,1,557,335,51,100,-1,-1,-1,-1
28, 22033.jpg,2,692,319,33,85,-1,-1,-1,-1
28, 22033.jpg,3,607,293,41,99,-1,-1,-1,-1
28, 22033.jpg,4,795,302,42,99,-1,-1,-1,-1
28, 22033.jpg,5,949,308,64,111,-1,-1,-1,-1
28, 22033.jpg,6,413,299,64,91,-1,-1,-1,-1
28, 22033.jpg,7,760,356,43,113,-1,-1,-1,-1
28, 22033.jpg,8,685,361,41,117,-1,-1,-1,-1
28, 22033.jpg,10,857,379,42,102,-1,-1,-1,-1
28, 22033.jpg,12,391,410,78,76,-1,-1,-1,-1
28, 22033.jpg,13,280,395,65,76,-1,-1,-1,-1
29, 22034.jpg,1,554,332,52,104,-1,-1,-1,-1
29, 22034.jpg,2,690,315,34,88,-1,-1,-1,-1
29, 22034.jpg,3,602,291,42,99,-1,-1,-1,-1
29, 22034.jpg,4,797,299,43,102,-1,-1,-1,-1
29, 22034.jpg,5,950,310,60,109,-1,-1,-1,-1
29, 22034.jpg,6,415,302,62,89,-1,-1,-1,-1
29, 22034.jpg,7,757,352,46,116,-1,-1,-1,-1
29, 22034.jpg,8,685,361,40,116,-1,-1,-1,-1
29, 22034.jpg,9,357,403,76,86,-1,-1,-1,-1
29, 22034.jpg,10,859,379,43,104,-1,-1,-1,-1
29, 22034.jpg,12,402,414,70,69,-1,-1,-1,-1
29, 22034.jpg,13,282,392,68,79,-1,-1,-1,-1
30, 22035.jpg,1,554,331,53,106,-1,-1,-1,-1
30, 22035.jpg,2,689,314,34,89,-1,-1,-1,-1
30, 22035.jpg,3,597,290,45,100,-1,-1,-1,-1
30, 22035.jpg,4,801,297,43,102,-1,-1,-1,-1
30, 22035.jpg,5,951,311,58,108,-1,-1,-1,-1
30, 22035.jpg,6,415,304,61,86,-1,-1,-1,-1
30, 22035.jpg,7,756,350,46,116,-1,-1,-1,-1
30, 22035.jpg,8,686,361,40,112,-1,-1,-1,-1
30, 22035.jpg,9,367,403,75,85,-1,-1,-1,-1
30, 22035.jpg,10,861,381,42,102,-1,-1,-1,-1
30, 22035.jpg,12,405,415,68,67,-1,-1,-1,-1
30, 22035.jpg,13,278,388,72,84,-1,-1,-1,-1
31, 22036.jpg,1,552,329,53,106,-1,-1,-1,-1
31, 22036.jpg,2,687,315,35,89,-1,-1,-1,-1
31, 22036.jpg,3,594,288,46,101,-1,-1,-1,-1
31, 22036.jpg,4,804,298,42,101,-1,-1,-1,-1
31, 22036.jpg,5,952,312,55,106,-1,-1,-1,-1
31, 22036.jpg,6,414,306,61,84,-1,-1,-1,-1
31, 22036.jpg,7,754,347,45,114,-1,-1,-1,-1
31, 22036.jpg,8,686,364,39,110,-1,-1,-1,-1
31, 22036.jpg,9,359,401,77,90,-1,-1,-1,-1
31, 22036.jpg,10,863,380,44,104,-1,-1,-1,-1
31, 22036.jpg,12,407,413,66,68,-1,-1,-1,-1
31, 22036.jpg,13,279,387,74,85,-1,-1,-1,-1
32, 22037.jpg,1,551,329,54,106,-1,-1,-1,-1
32, 22037.jpg,2,691,332,31,78,-1,-1,-1,-1
32, 22037.jpg,3,590,286,45,98,-1,-1,-1,-1
32, 22037.jpg,4,806,297,43,101,-1,-1,-1,-1
32, 22037.jpg,5,951,311,54,108,-1,-1,-1,-1
32, 22037.jpg,6,411,306,63,87,-1,-1,-1,-1
32, 22037.jpg,7,753,345,45,114,-1,-1,-1,-1
32, 22037.jpg,8,687,369,38,106,-1,-1,-1,-1
32, 22037.jpg,9,361,400,78,90,-1,-1,-1,-1
32, 22037.jpg,10,865,380,47,106,-1,-1,-1,-1
32, 22037.jpg,11,388,413,73,73,-1,-1,-1,-1
32, 22037.jpg,12,405,414,64,68,-1,-1,-1,-1
32, 22037.jpg,13,285,384,74,86,-1,-1,-1,-1
33, 22038.jpg,1,556,312,57,110,-1,-1,-1,-1
33, 22038.jpg,2,689,322,30,77,-1,-1,-1,-1
33, 22038.jpg,3,588,285,46,98,-1,-1,-1,-1
33, 22038.jpg,4,809,296,43,99,-1,-1,-1,-1
33, 22038.jpg,5,950,310,53,109,-1,-1,-1,-1
33, 22038.jpg,6,412,307,62,86,-1,-1,-1,-1
33, 22038.jpg,7,753,345,44,111,-1,-1,-1,-1
33, 22038.jpg,8,688,374,35,101,-1,-1,-1,-1
33, 22038.jpg,10,867,381,48,106,-1,-1,-1,-1
33, 22038.jpg,11,391,412,74,74,-1,-1,-1,-1
33, 22038.jpg,12,403,413,63,70,-1,-1,-1,-1
33, 22038.jpg,13,288,381,75,88,-1,-1,-1,-1
34, 22039.jpg,1,552,324,53,103,-1,-1,-1,-1
34, 22039.jpg,2,687,322,32,81,-1,-1,-1,-1
34, 22039.jpg,3,582,278,48,103,-1,-1,-1,-1
34, 22039.jpg,4,814,295,42,99,-1,-1,-1,-1
34, 22039.jpg,5,948,309,52,110,-1,-1,-1,-1
34, 22039.jpg,6,413,308,62,84,-1,-1,-1,-1
34, 22039.jpg,7,752,345,43,108,-1,-1,-1,-1
34, 22039.jpg,8,688,380,33,94,-1,-1,-1,-1
34, 22039.jpg,9,371,405,75,83,-1,-1,-1,-1
34, 22039.jpg,10,869,383,47,103,-1,-1,-1,-1
34, 22039.jpg,11,397,412,73,74,-1,-1,-1,-1
34, 22039.jpg,12,406,412,60,68,-1,-1,-1,-1
34, 22039.jpg,13,287,378,78,92,-1,-1,-1,-1
35, 22040.jpg,1,550,329,53,103,-1,-1,-1,-1
35, 22040.jpg,2,686,322,32,82,-1,-1,-1,-1
35, 22040.jpg,3,578,276,48,102,-1,-1,-1,-1
35, 22040.jpg,4,819,295,42,98,-1,-1,-1,-1
35, 22040.jpg,5,947,308,50,109,-1,-1,-1,-1
35, 22040.jpg,6,413,308,63,84,-1,-1,-1,-1
35, 22040.jpg,7,751,345,43,105,-1,-1,-1,-1
35, 22040.jpg,8,688,355,37,106,-1,-1,-1,-1
35, 22040.jpg,9,371,403,77,84,-1,-1,-1,-1
35, 22040.jpg,10,872,385,48,102,-1,-1,-1,-1
35, 22040.jpg,12,404,412,59,67,-1,-1,-1,-1
35, 22040.jpg,13,288,377,78,94,-1,-1,-1,-1
36, 22041.jpg,1,548,330,53,101,-1,-1,-1,-1
36, 22041.jpg,2,685,320,31,81,-1,-1,-1,-1
36, 22041.jpg,3,574,274,48,99,-1,-1,-1,-1
36, 22041.jpg,4,824,294,42,99,-1,-1,-1,-1
36, 22041.jpg,5,946,307,50,110,-1,-1,-1,-1
36, 22041.jpg,6,412,308,63,84,-1,-1,-1,-1
36, 22041.jpg,7,749,342,44,106,-1,-1,-1,-1
36, 22041.jpg,8,689,371,34,98,-1,-1,-1,-1
36, 22041.jpg,9,371,403,79,84,-1,-1,-1,-1
36, 22041.jpg,10,874,385,48,102,-1,-1,-1,-1
36, 22041.jpg,13,287,376,79,95,-1,-1,-1,-1
37, 22042.jpg,1,549,331,52,103,-1,-1,-1,-1
37, 22042.jpg,2,683,339,31,81,-1,-1,-1,-1
37, 22042.jpg,3,572,274,45,94,-1,-1,-1,-1
37, 22042.jpg,4,828,296,40,95,-1,-1,-1,-1
37, 22042.jpg,5,945,307,49,111,-1,-1,-1,-1
37, 22042.jpg,6,411,307,64,86,-1,-1,-1,-1
37, 22042.jpg,7,747,341,44,107,-1,-1,-1,-1
37, 22042.jpg,8,688,364,37,108,-1,-1,-1,-1
37, 22042.jpg,9,374,401,80,86,-1,-1,-1,-1
37, 22042.jpg,10,876,386,49,102,-1,-1,-1,-1
37, 22042.jpg,13,288,374,80,98,-1,-1,-1,-1
38, 22043.jpg,1,548,333,51,100,-1,-1,-1,-1
38, 22043.jpg,2,686,325,30,79,-1,-1,-1,-1
38, 22043.jpg,3,571,276,44,92,-1,-1,-1,-1
38, 22043.jpg,4,834,294,40,94,-1,-1,-1,-1
38, 22043.jpg,5,944,309,48,110,-1,-1,-1,-1
38, 22043.jpg,6,408,307,65,87,-1,-1,-1,-1
38, 22043.jpg,7,745,337,47,113,-1,-1,-1,-1
38, 22043.jpg,8,688,362,38,110,-1,-1,-1,-1
38, 22043.jpg,9,370,399,84,90,-1,-1,-1,-1
38, 22043.jpg,10,878,385,50,103,-1,-1,-1,-1
38, 22043.jpg,13,289,373,80,98,-1,-1,-1,-1
39, 22044.jpg,1,548,333,50,101,-1,-1,-1,-1
39, 22044.jpg,2,685,326,31,78,-1,-1,-1,-1
39, 22044.jpg,3,569,276,44,92,-1,-1,-1,-1
39, 22044.jpg,4,839,292,40,95,-1,-1,-1,-1
39, 22044.jpg,5,944,310,47,110,-1,-1,-1,-1
39, 22044.jpg,6,407,306,64,88,-1,-1,-1,-1
39, 22044.jpg,7,745,332,47,116,-1,-1,-1,-1
39, 22044.jpg,8,687,357,39,112,-1,-1,-1,-1
39, 22044.jpg,9,369,397,86,91,-1,-1,-1,-1
39, 22044.jpg,10,880,386,50,101,-1,-1,-1,-1
39, 22044.jpg,13,291,371,80,99,-1,-1,-1,-1
40, 22045.jpg,1,547,333,50,101,-1,-1,-1,-1
40, 22045.jpg,2,686,319,31,82,-1,-1,-1,-1
40, 22045.jpg,3,567,275,45,92,-1,-1,-1,-1
40, 22045.jpg,4,843,289,42,98,-1,-1,-1,-1
40, 22045.jpg,5,945,312,46,109,-1,-1,-1,-1
40, 22045.jpg,6,404,306,63,88,-1,-1,-1,-1
40, 22045.jpg,7,744,330,47,116,-1,-1,-1,-1
40, 22045.jpg,8,689,362,36,104,-1,-1,-1,-1
40, 22045.jpg,9,371,396,87,91,-1,-1,-1,-1
40, 22045.jpg,10,883,386,50,103,-1,-1,-1,-1
40, 22045.jpg,13,295,370,78,99,-1,-1,-1,-1
