2, 21777.jpg,1,502,451,54,108,-1,-1,-1,-1
2, 21777.jpg,2,580,384,55,101,-1,-1,-1,-1
2, 21777.jpg,3,877,356,69,76,-1,-1,-1,-1
2, 21777.jpg,4,374,456,48,105,-1,-1,-1,-1
2, 21777.jpg,5,356,317,44,107,-1,-1,-1,-1
2, 21777.jpg,6,305,414,39,91,-1,-1,-1,-1
2, 21777.jpg,7,441,277,39,92,-1,-1,-1,-1
2, 21777.jpg,8,577,319,46,79,-1,-1,-1,-1
2, 21777.jpg,9,413,379,49,102,-1,-1,-1,-1
2, 21777.jpg,10,801,341,70,61,-1,-1,-1,-1
2, 21777.jpg,11,897,436,46,95,-1,-1,-1,-1
3, 21778.jpg,1,502,455,52,103,-1,-1,-1,-1
3, 21778.jpg,2,581,381,55,101,-1,-1,-1,-1
3, 21778.jpg,3,876,358,67,74,-1,-1,-1,-1
3, 21778.jpg,4,377,457,49,106,-1,-1,-1,-1
3, 21778.jpg,5,356,318,44,107,-1,-1,-1,-1
3, 21778.jpg,6,304,412,40,94,-1,-1,-1,-1
3, 21778.jpg,7,443,281,39,92,-1,-1,-1,-1
3, 21778.jpg,8,578,319,44,78,-1,-1,-1,-1
3, 21778.jpg,9,413,379,49,102,-1,-1,-1,-1
3, 21778.jpg,10,800,344,69,59,-1,-1,-1,-1
3, 21778.jpg,11,895,427,50,104,-1,-1,-1,-1
4, 21779.jpg,1,499,456,51,103,-1,-1,-1,-1
4, 21779.jpg,2,570,390,58,106,-1,-1,-1,-1
4, 21779.jpg,3,876,355,70,77,-1,-1,-1,-1
4, 21779.jpg,4,379,459,49,105,-1,-1,-1,-1
4, 21779.jpg,5,357,320,43,105,-1,-1,-1,-1
4, 21779.jpg,6,302,408,42,98,-1,-1,-1,-1
4, 21779.jpg,7,444,284,40,91,-1,-1,-1,-1
4, 21779.jpg,8,577,317,47,82,-1,-1,-1,-1
4, 21779.jpg,9,411,379,49,102,-1,-1,-1,-1
4, 21779.jpg,10,798,344,69,59,-1,-1,-1,-1
4, 21779.jpg,11,894,422,51,109,-1,-1,-1,-1
5, 21780.jpg,1,497,454,54,108,-1,-1,-1,-1
5, 21780.jpg,2,574,383,57,105,-1,-1,-1,-1
5, 21780.jpg,3,876,355,68,77,-1,-1,-1,-1
5, 21780.jpg,4,384,463,49,103,-1,-1,-1,-1
5, 21780.jpg,5,357,322,41,102,-1,-1,-1,-1
5, 21780.jpg,6,301,404,43,100,-1,-1,-1,-1
5, 21780.jpg,7,445,285,39,91,-1,-1,-1,-1
5, 21780.jpg,8,576,316,49,86,-1,-1,-1,-1
5, 21780.jpg,9,410,379,50,104,-1,-1,-1,-1
5, 21780.jpg,10,795,344,70,59,-1,-1,-1,-1
5, 21780.jpg,11,893,421,51,107,-1,-1,-1,-1
6, 21781.jpg,1,493,452,56,112,-1,-1,-1,-1
6, 21781.jpg,2,578,380,57,106,-1,-1,-1,-1
6, 21781.jpg,3,872,356,69,76,-1,-1,-1,-1
6, 21781.jpg,4,386,463,50,103,-1,-1,-1,-1
6, 21781.jpg,5,359,325,38,94,-1,-1,-1,-1
6, 21781.jpg,6,300,399,44,102,-1,-1,-1,-1
6, 21781.jpg,7,445,289,39,88,-1,-1,-1,-1
6, 21781.jpg,8,575,314,51,92,-1,-1,-1,-1
6, 21781.jpg,9,409,378,51,107,-1,-1,-1,-1
6, 21781.jpg,10,795,348,66,55,-1,-1,-1,-1
6, 21781.jpg,11,894,419,50,108,-1,-1,-1,-1
7, 21782.jpg,1,489,452,58,115,-1,-1,-1,-1
7, 21782.jpg,2,580,377,57,108,-1,-1,-1,-1
7, 21782.jpg,3,872,355,69,77,-1,-1,-1,-1
7, 21782.jpg,4,384,461,52,106,-1,-1,-1,-1
7, 21782.jpg,5,358,326,38,94,-1,-1,-1,-1
7, 21782.jpg,6,300,396,43,102,-1,-1,-1,-1
7, 21782.jpg,7,446,291,39,88,-1,-1,-1,-1
7, 21782.jpg,8,575,313,52,95,-1,-1,-1,-1
7, 21782.jpg,9,410,376,52,110,-1,-1,-1,-1
7, 21782.jpg,10,795,346,70,58,-1,-1,-1,-1
7, 21782.jpg,11,895,418,50,106,-1,-1,-1,-1
7, 21782.jpg,13,553,422,37,102,-1,-1,-1,-1
8, 21783.jpg,1,485,451,60,120,-1,-1,-1,-1
8, 21783.jpg,2,581,375,57,111,-1,-1,-1,-1
8, 21783.jpg,3,871,354,70,77,-1,-1,-1,-1
8, 21783.jpg,4,380,455,54,111,-1,-1,-1,-1
8, 21783.jpg,5,359,326,38,94,-1,-1,-1,-1
8, 21783.jpg,6,300,393,43,103,-1,-1,-1,-1
8, 21783.jpg,7,448,293,39,89,-1,-1,-1,-1
8, 21783.jpg,8,575,313,52,96,-1,-1,-1,-1
8, 21783.jpg,9,411,374,51,113,-1,-1,-1,-1
8, 21783.jpg,10,794,343,73,61,-1,-1,-1,-1
8, 21783.jpg,11,895,419,50,103,-1,-1,-1,-1
8, 21783.jpg,13,552,422,36,100,-1,-1,-1,-1
9, 21784.jpg,1,482,454,61,124,-1,-1,-1,-1
9, 21784.jpg,2,581,375,56,111,-1,-1,-1,-1
9, 21784.jpg,3,867,354,71,79,-1,-1,-1,-1
9, 21784.jpg,4,378,452,56,113,-1,-1,-1,-1
9, 21784.jpg,5,359,326,38,94,-1,-1,-1,-1
9, 21784.jpg,6,300,390,42,102,-1,-1,-1,-1
9, 21784.jpg,7,449,294,39,88,-1,-1,-1,-1
9, 21784.jpg,8,575,316,49,93,-1,-1,-1,-1
9, 21784.jpg,9,412,374,51,112,-1,-1,-1,-1
9, 21784.jpg,10,792,343,73,60,-1,-1,-1,-1
9, 21784.jpg,11,894,421,50,100,-1,-1,-1,-1
9, 21784.jpg,13,553,423,36,101,-1,-1,-1,-1
10, 21785.jpg,1,479,457,62,127,-1,-1,-1,-1
10, 21785.jpg,2,582,374,54,111,-1,-1,-1,-1
10, 21785.jpg,3,868,353,72,81,-1,-1,-1,-1
10, 21785.jpg,4,377,451,57,116,-1,-1,-1,-1
10, 21785.jpg,5,359,325,38,95,-1,-1,-1,-1
10, 21785.jpg,6,300,386,42,102,-1,-1,-1,-1
10, 21785.jpg,7,449,294,41,92,-1,-1,-1,-1
10, 21785.jpg,8,576,318,48,91,-1,-1,-1,-1
10, 21785.jpg,9,411,374,50,115,-1,-1,-1,-1
10, 21785.jpg,10,789,345,69,55,-1,-1,-1,-1
10, 21785.jpg,11,893,424,49,96,-1,-1,-1,-1
10, 21785.jpg,13,553,422,37,103,-1,-1,-1,-1
11, 21786.jpg,1,475,463,62,127,-1,-1,-1,-1
11, 21786.jpg,2,583,375,51,107,-1,-1,-1,-1
11, 21786.jpg,3,867,352,73,82,-1,-1,-1,-1
11, 21786.jpg,4,377,450,57,118,-1,-1,-1,-1
11, 21786.jpg,5,359,324,38,95,-1,-1,-1,-1
11, 21786.jpg,6,300,384,41,100,-1,-1,-1,-1
11, 21786.jpg,7,450,295,42,94,-1,-1,-1,-1
11, 21786.jpg,8,577,320,46,89,-1,-1,-1,-1
11, 21786.jpg,9,410,374,51,118,-1,-1,-1,-1
11, 21786.jpg,10,786,346,67,52,-1,-1,-1,-1
11, 21786.jpg,11,890,425,51,94,-1,-1,-1,-1
11, 21786.jpg,13,556,424,38,103,-1,-1,-1,-1
12, 21787.jpg,1,472,465,62,130,-1,-1,-1,-1
12, 21787.jpg,2,575,390,53,111,-1,-1,-1,-1
12, 21787.jpg,3,864,352,72,80,-1,-1,-1,-1
12, 21787.jpg,4,375,448,57,117,-1,-1,-1,-1
12, 21787.jpg,5,359,322,37,96,-1,-1,-1,-1
12, 21787.jpg,6,301,381,40,99,-1,-1,-1,-1
12, 21787.jpg,7,451,295,44,99,-1,-1,-1,-1
12, 21787.jpg,8,577,322,45,88,-1,-1,-1,-1
12, 21787.jpg,9,411,377,49,116,-1,-1,-1,-1
12, 21787.jpg,10,786,349,61,46,-1,-1,-1,-1
12, 21787.jpg,11,888,426,51,93,-1,-1,-1,-1
12, 21787.jpg,13,559,426,39,104,-1,-1,-1,-1
13, 21788.jpg,1,470,469,59,127,-1,-1,-1,-1
13, 21788.jpg,2,569,398,56,117,-1,-1,-1,-1
13, 21788.jpg,3,863,350,74,83,-1,-1,-1,-1
13, 21788.jpg,4,374,448,57,117,-1,-1,-1,-1
13, 21788.jpg,5,359,320,37,97,-1,-1,-1,-1
13, 21788.jpg,6,301,379,39,98,-1,-1,-1,-1
13, 21788.jpg,7,451,297,44,100,-1,-1,-1,-1
13, 21788.jpg,8,578,323,44,89,-1,-1,-1,-1
13, 21788.jpg,9,412,379,49,116,-1,-1,-1,-1
13, 21788.jpg,10,784,348,62,46,-1,-1,-1,-1
13, 21788.jpg,11,884,425,54,95,-1,-1,-1,-1
13, 21788.jpg,13,560,427,39,104,-1,-1,-1,-1
14, 21789.jpg,1,466,473,58,122,-1,-1,-1,-1
14, 21789.jpg,2,580,383,52,113,-1,-1,-1,-1
14, 21789.jpg,3,862,349,75,85,-1,-1,-1,-1
14, 21789.jpg,4,373,449,58,116,-1,-1,-1,-1
14, 21789.jpg,5,358,318,37,97,-1,-1,-1,-1
14, 21789.jpg,6,302,379,38,97,-1,-1,-1,-1
14, 21789.jpg,7,453,300,44,99,-1,-1,-1,-1
14, 21789.jpg,8,578,322,44,90,-1,-1,-1,-1
14, 21789.jpg,9,414,382,48,113,-1,-1,-1,-1
14, 21789.jpg,10,778,344,70,52,-1,-1,-1,-1
14, 21789.jpg,11,880,425,55,96,-1,-1,-1,-1
14, 21789.jpg,13,564,430,39,102,-1,-1,-1,-1
15, 21790.jpg,1,461,476,58,122,-1,-1,-1,-1
15, 21790.jpg,2,577,388,54,117,-1,-1,-1,-1
15, 21790.jpg,3,861,348,77,86,-1,-1,-1,-1
15, 21790.jpg,4,372,450,58,116,-1,-1,-1,-1
15, 21790.jpg,5,357,318,37,96,-1,-1,-1,-1
15, 21790.jpg,6,302,379,39,97,-1,-1,-1,-1
15, 21790.jpg,7,455,304,44,98,-1,-1,-1,-1
15, 21790.jpg,8,581,323,43,90,-1,-1,-1,-1
15, 21790.jpg,9,417,384,48,113,-1,-1,-1,-1
15, 21790.jpg,10,778,344,70,52,-1,-1,-1,-1
15, 21790.jpg,11,877,425,56,98,-1,-1,-1,-1
15, 21790.jpg,13,565,430,39,103,-1,-1,-1,-1
16, 21791.jpg,1,456,474,61,128,-1,-1,-1,-1
16, 21791.jpg,2,577,389,54,118,-1,-1,-1,-1
16, 21791.jpg,3,860,347,81,93,-1,-1,-1,-1
16, 21791.jpg,4,371,450,59,116,-1,-1,-1,-1
16, 21791.jpg,5,356,316,38,98,-1,-1,-1,-1
16, 21791.jpg,6,303,380,38,96,-1,-1,-1,-1
16, 21791.jpg,7,457,305,44,99,-1,-1,-1,-1
16, 21791.jpg,8,580,322,44,92,-1,-1,-1,-1
16, 21791.jpg,9,420,385,47,112,-1,-1,-1,-1
16, 21791.jpg,10,772,341,75,55,-1,-1,-1,-1
16, 21791.jpg,11,875,425,56,99,-1,-1,-1,-1
16, 21791.jpg,13,575,432,41,102,-1,-1,-1,-1
17, 21792.jpg,1,450,474,64,131,-1,-1,-1,-1
17, 21792.jpg,3,859,346,82,94,-1,-1,-1,-1
17, 21792.jpg,4,370,449,60,117,-1,-1,-1,-1
17, 21792.jpg,5,354,314,38,98,-1,-1,-1,-1
17, 21792.jpg,6,304,381,37,95,-1,-1,-1,-1
17, 21792.jpg,7,461,306,43,98,-1,-1,-1,-1
17, 21792.jpg,8,582,322,44,92,-1,-1,-1,-1
17, 21792.jpg,9,423,386,46,111,-1,-1,-1,-1
17, 21792.jpg,10,768,337,75,58,-1,-1,-1,-1
17, 21792.jpg,11,875,423,56,103,-1,-1,-1,-1
17, 21792.jpg,13,579,434,44,104,-1,-1,-1,-1
18, 21793.jpg,1,448,476,65,130,-1,-1,-1,-1
18, 21793.jpg,3,861,346,81,93,-1,-1,-1,-1
18, 21793.jpg,4,368,447,61,119,-1,-1,-1,-1
18, 21793.jpg,5,353,313,37,98,-1,-1,-1,-1
18, 21793.jpg,6,304,380,37,95,-1,-1,-1,-1
18, 21793.jpg,7,464,306,42,97,-1,-1,-1,-1
18, 21793.jpg,8,583,322,44,92,-1,-1,-1,-1
18, 21793.jpg,9,425,386,44,108,-1,-1,-1,-1
18, 21793.jpg,10,769,336,73,57,-1,-1,-1,-1
18, 21793.jpg,11,874,422,56,104,-1,-1,-1,-1
18, 21793.jpg,13,582,437,46,104,-1,-1,-1,-1
19, 21794.jpg,1,442,475,67,133,-1,-1,-1,-1
19, 21794.jpg,2,590,383,46,98,-1,-1,-1,-1
19, 21794.jpg,3,861,344,81,94,-1,-1,-1,-1
19, 21794.jpg,4,367,447,62,118,-1,-1,-1,-1
19, 21794.jpg,5,351,312,38,97,-1,-1,-1,-1
19, 21794.jpg,6,303,379,38,95,-1,-1,-1,-1
19, 21794.jpg,7,465,303,44,100,-1,-1,-1,-1
19, 21794.jpg,8,582,322,44,93,-1,-1,-1,-1
19, 21794.jpg,9,427,385,43,107,-1,-1,-1,-1
19, 21794.jpg,10,765,335,75,59,-1,-1,-1,-1
19, 21794.jpg,11,874,418,57,108,-1,-1,-1,-1
19, 21794.jpg,13,585,442,46,98,-1,-1,-1,-1
20, 21795.jpg,1,438,478,67,130,-1,-1,-1,-1
20, 21795.jpg,2,591,383,46,97,-1,-1,-1,-1
20, 21795.jpg,3,860,341,82,96,-1,-1,-1,-1
20, 21795.jpg,4,365,446,64,120,-1,-1,-1,-1
20, 21795.jpg,5,350,312,38,95,-1,-1,-1,-1
20, 21795.jpg,6,303,376,38,98,-1,-1,-1,-1
20, 21795.jpg,7,467,302,44,101,-1,-1,-1,-1
20, 21795.jpg,8,582,323,44,93,-1,-1,-1,-1
20, 21795.jpg,9,429,385,43,107,-1,-1,-1,-1
20, 21795.jpg,10,767,335,72,58,-1,-1,-1,-1
20, 21795.jpg,11,873,416,56,110,-1,-1,-1,-1
20, 21795.jpg,13,586,444,47,95,-1,-1,-1,-1
21, 21796.jpg,1,436,482,66,126,-1,-1,-1,-1
21, 21796.jpg,2,598,394,46,95,-1,-1,-1,-1
21, 21796.jpg,3,859,340,82,97,-1,-1,-1,-1
21, 21796.jpg,4,364,444,63,118,-1,-1,-1,-1
21, 21796.jpg,5,349,312,38,95,-1,-1,-1,-1
21, 21796.jpg,6,301,376,38,97,-1,-1,-1,-1
21, 21796.jpg,7,469,301,44,102,-1,-1,-1,-1
21, 21796.jpg,8,584,323,44,95,-1,-1,-1,-1
21, 21796.jpg,9,431,385,43,108,-1,-1,-1,-1
21, 21796.jpg,10,764,334,72,59,-1,-1,-1,-1
21, 21796.jpg,11,871,414,54,109,-1,-1,-1,-1
21, 21796.jpg,13,586,444,50,97,-1,-1,-1,-1
22, 21797.jpg,1,429,480,68,131,-1,-1,-1,-1
22, 21797.jpg,2,601,392,47,98,-1,-1,-1,-1
22, 21797.jpg,3,855,337,84,100,-1,-1,-1,-1
22, 21797.jpg,4,360,443,62,116,-1,-1,-1,-1
22, 21797.jpg,5,347,312,39,94,-1,-1,-1,-1
22, 21797.jpg,6,301,374,36,97,-1,-1,-1,-1
22, 21797.jpg,7,470,301,44,103,-1,-1,-1,-1
22, 21797.jpg,8,585,323,46,98,-1,-1,-1,-1
22, 21797.jpg,9,435,385,43,106,-1,-1,-1,-1
22, 21797.jpg,10,765,335,67,57,-1,-1,-1,-1
22, 21797.jpg,11,869,414,54,110,-1,-1,-1,-1
22, 21797.jpg,13,592,438,52,102,-1,-1,-1,-1
23, 21798.jpg,1,424,478,67,133,-1,-1,-1,-1
23, 21798.jpg,2,603,391,48,99,-1,-1,-1,-1
23, 21798.jpg,3,851,331,86,105,-1,-1,-1,-1
23, 21798.jpg,4,356,438,63,119,-1,-1,-1,-1
23, 21798.jpg,5,345,312,40,94,-1,-1,-1,-1
23, 21798.jpg,6,300,372,36,97,-1,-1,-1,-1
23, 21798.jpg,7,471,302,45,103,-1,-1,-1,-1
23, 21798.jpg,8,586,324,45,96,-1,-1,-1,-1
23, 21798.jpg,9,438,384,44,106,-1,-1,-1,-1
23, 21798.jpg,10,761,334,67,57,-1,-1,-1,-1
23, 21798.jpg,11,869,415,52,110,-1,-1,-1,-1
23, 21798.jpg,13,595,439,52,102,-1,-1,-1,-1
24, 21799.jpg,1,418,477,67,135,-1,-1,-1,-1
24, 21799.jpg,2,605,394,48,100,-1,-1,-1,-1
24, 21799.jpg,3,847,326,90,111,-1,-1,-1,-1
24, 21799.jpg,4,352,433,64,125,-1,-1,-1,-1
24, 21799.jpg,5,343,311,40,94,-1,-1,-1,-1
24, 21799.jpg,6,299,370,36,96,-1,-1,-1,-1
24, 21799.jpg,7,471,303,45,105,-1,-1,-1,-1
24, 21799.jpg,8,587,324,45,96,-1,-1,-1,-1
24, 21799.jpg,9,441,384,45,108,-1,-1,-1,-1
24, 21799.jpg,10,760,334,64,56,-1,-1,-1,-1
24, 21799.jpg,11,869,419,49,105,-1,-1,-1,-1
25, 21800.jpg,1,414,478,66,136,-1,-1,-1,-1
25, 21800.jpg,2,610,393,50,107,-1,-1,-1,-1
25, 21800.jpg,3,846,323,86,109,-1,-1,-1,-1
25, 21800.jpg,4,350,433,62,121,-1,-1,-1,-1
25, 21800.jpg,5,341,310,42,95,-1,-1,-1,-1
25, 21800.jpg,6,298,367,36,96,-1,-1,-1,-1
25, 21800.jpg,7,472,305,47,108,-1,-1,-1,-1
25, 21800.jpg,8,588,324,44,94,-1,-1,-1,-1
25, 21800.jpg,9,442,384,46,107,-1,-1,-1,-1
25, 21800.jpg,10,763,334,61,55,-1,-1,-1,-1
25, 21800.jpg,11,869,421,48,105,-1,-1,-1,-1
26, 21801.jpg,1,410,476,67,141,-1,-1,-1,-1
26, 21801.jpg,2,612,393,50,108,-1,-1,-1,-1
26, 21801.jpg,3,843,323,85,111,-1,-1,-1,-1
26, 21801.jpg,4,349,432,59,118,-1,-1,-1,-1
26, 21801.jpg,5,338,310,43,96,-1,-1,-1,-1
26, 21801.jpg,6,298,363,35,97,-1,-1,-1,-1
26, 21801.jpg,7,474,308,47,109,-1,-1,-1,-1
26, 21801.jpg,8,588,324,45,94,-1,-1,-1,-1
26, 21801.jpg,9,442,383,48,110,-1,-1,-1,-1
26, 21801.jpg,10,766,334,59,53,-1,-1,-1,-1
26, 21801.jpg,11,867,427,47,103,-1,-1,-1,-1
26, 21801.jpg,13,613,434,57,112,-1,-1,-1,-1
27, 21802.jpg,1,406,475,66,146,-1,-1,-1,-1
27, 21802.jpg,2,611,379,47,102,-1,-1,-1,-1
27, 21802.jpg,3,843,326,77,102,-1,-1,-1,-1
27, 21802.jpg,4,345,433,57,116,-1,-1,-1,-1
27, 21802.jpg,5,335,310,43,96,-1,-1,-1,-1
27, 21802.jpg,6,297,362,36,98,-1,-1,-1,-1
27, 21802.jpg,7,476,312,47,107,-1,-1,-1,-1
27, 21802.jpg,8,590,323,44,94,-1,-1,-1,-1
27, 21802.jpg,9,441,382,51,112,-1,-1,-1,-1
27, 21802.jpg,10,769,334,58,52,-1,-1,-1,-1
27, 21802.jpg,11,866,432,45,102,-1,-1,-1,-1
27, 21802.jpg,13,618,436,57,114,-1,-1,-1,-1
28, 21803.jpg,1,401,474,69,155,-1,-1,-1,-1
28, 21803.jpg,2,615,382,46,98,-1,-1,-1,-1
28, 21803.jpg,3,843,328,71,97,-1,-1,-1,-1
28, 21803.jpg,4,342,433,56,116,-1,-1,-1,-1
28, 21803.jpg,5,334,310,42,94,-1,-1,-1,-1
28, 21803.jpg,6,297,361,36,98,-1,-1,-1,-1
28, 21803.jpg,7,478,315,45,103,-1,-1,-1,-1
28, 21803.jpg,8,591,323,44,95,-1,-1,-1,-1
28, 21803.jpg,9,437,381,54,119,-1,-1,-1,-1
28, 21803.jpg,10,771,334,55,50,-1,-1,-1,-1
28, 21803.jpg,11,865,437,44,99,-1,-1,-1,-1
28, 21803.jpg,13,625,436,57,115,-1,-1,-1,-1
29, 21804.jpg,1,399,480,63,145,-1,-1,-1,-1
29, 21804.jpg,2,616,381,46,98,-1,-1,-1,-1
29, 21804.jpg,3,844,329,67,94,-1,-1,-1,-1
29, 21804.jpg,4,339,434,56,114,-1,-1,-1,-1
29, 21804.jpg,5,332,310,44,96,-1,-1,-1,-1
29, 21804.jpg,6,297,362,36,97,-1,-1,-1,-1
29, 21804.jpg,7,479,318,45,101,-1,-1,-1,-1
29, 21804.jpg,8,593,323,43,96,-1,-1,-1,-1
29, 21804.jpg,9,443,381,53,115,-1,-1,-1,-1
29, 21804.jpg,10,773,335,52,47,-1,-1,-1,-1
29, 21804.jpg,11,863,442,44,98,-1,-1,-1,-1
29, 21804.jpg,13,630,438,59,117,-1,-1,-1,-1
30, 21805.jpg,1,397,486,59,140,-1,-1,-1,-1
30, 21805.jpg,2,616,382,47,102,-1,-1,-1,-1
30, 21805.jpg,3,842,330,66,94,-1,-1,-1,-1
30, 21805.jpg,4,336,435,56,112,-1,-1,-1,-1
30, 21805.jpg,5,330,312,45,94,-1,-1,-1,-1
30, 21805.jpg,6,297,364,35,94,-1,-1,-1,-1
30, 21805.jpg,7,481,319,45,100,-1,-1,-1,-1
30, 21805.jpg,8,594,323,43,96,-1,-1,-1,-1
30, 21805.jpg,9,448,381,52,113,-1,-1,-1,-1
30, 21805.jpg,10,776,334,50,45,-1,-1,-1,-1
30, 21805.jpg,11,862,446,42,93,-1,-1,-1,-1
30, 21805.jpg,13,633,440,60,118,-1,-1,-1,-1
31, 21806.jpg,1,395,489,58,137,-1,-1,-1,-1
31, 21806.jpg,2,615,384,47,104,-1,-1,-1,-1
31, 21806.jpg,3,841,331,64,94,-1,-1,-1,-1
31, 21806.jpg,4,331,437,55,108,-1,-1,-1,-1
31, 21806.jpg,5,329,312,46,94,-1,-1,-1,-1
31, 21806.jpg,6,297,367,35,91,-1,-1,-1,-1
31, 21806.jpg,7,482,318,44,100,-1,-1,-1,-1
31, 21806.jpg,8,595,325,43,95,-1,-1,-1,-1
31, 21806.jpg,9,452,382,50,111,-1,-1,-1,-1
31, 21806.jpg,10,775,335,49,44,-1,-1,-1,-1
31, 21806.jpg,11,863,448,41,91,-1,-1,-1,-1
31, 21806.jpg,13,638,445,58,113,-1,-1,-1,-1
32, 21807.jpg,1,391,489,57,133,-1,-1,-1,-1
32, 21807.jpg,2,617,384,46,105,-1,-1,-1,-1
32, 21807.jpg,3,841,333,61,92,-1,-1,-1,-1
32, 21807.jpg,4,327,438,55,106,-1,-1,-1,-1
32, 21807.jpg,5,327,314,46,92,-1,-1,-1,-1
32, 21807.jpg,6,297,368,34,89,-1,-1,-1,-1
32, 21807.jpg,7,482,318,43,98,-1,-1,-1,-1
32, 21807.jpg,8,597,327,41,93,-1,-1,-1,-1
32, 21807.jpg,9,456,384,49,109,-1,-1,-1,-1
32, 21807.jpg,10,773,335,49,44,-1,-1,-1,-1
32, 21807.jpg,11,860,449,42,92,-1,-1,-1,-1
32, 21807.jpg,13,642,449,58,111,-1,-1,-1,-1
33, 21808.jpg,1,387,484,58,137,-1,-1,-1,-1
33, 21808.jpg,2,618,383,47,106,-1,-1,-1,-1
33, 21808.jpg,3,840,334,59,92,-1,-1,-1,-1
33, 21808.jpg,4,324,438,57,105,-1,-1,-1,-1
33, 21808.jpg,5,326,315,46,90,-1,-1,-1,-1
33, 21808.jpg,6,295,368,35,88,-1,-1,-1,-1
33, 21808.jpg,7,482,318,43,98,-1,-1,-1,-1
33, 21808.jpg,8,598,329,41,91,-1,-1,-1,-1
33, 21808.jpg,9,462,386,46,106,-1,-1,-1,-1
33, 21808.jpg,10,773,332,49,45,-1,-1,-1,-1
33, 21808.jpg,11,858,448,45,97,-1,-1,-1,-1
33, 21808.jpg,13,645,453,57,108,-1,-1,-1,-1
34, 21809.jpg,1,385,481,59,138,-1,-1,-1,-1
34, 21809.jpg,2,620,381,48,111,-1,-1,-1,-1
34, 21809.jpg,3,838,334,59,93,-1,-1,-1,-1
34, 21809.jpg,4,322,435,59,109,-1,-1,-1,-1
34, 21809.jpg,5,324,316,46,90,-1,-1,-1,-1
34, 21809.jpg,6,294,367,35,89,-1,-1,-1,-1
34, 21809.jpg,7,483,318,44,98,-1,-1,-1,-1
34, 21809.jpg,8,599,330,41,89,-1,-1,-1,-1
34, 21809.jpg,9,466,384,47,111,-1,-1,-1,-1
34, 21809.jpg,10,770,329,52,50,-1,-1,-1,-1
34, 21809.jpg,11,857,448,46,100,-1,-1,-1,-1
34, 21809.jpg,13,649,457,56,104,-1,-1,-1,-1
35, 21810.jpg,1,383,477,60,144,-1,-1,-1,-1
35, 21810.jpg,2,622,384,46,107,-1,-1,-1,-1
35, 21810.jpg,3,836,334,59,93,-1,-1,-1,-1
35, 21810.jpg,4,319,431,60,109,-1,-1,-1,-1
35, 21810.jpg,5,323,315,46,90,-1,-1,-1,-1
35, 21810.jpg,6,292,368,36,87,-1,-1,-1,-1
35, 21810.jpg,7,485,319,43,98,-1,-1,-1,-1
35, 21810.jpg,8,601,331,40,87,-1,-1,-1,-1
35, 21810.jpg,9,470,386,47,110,-1,-1,-1,-1
35, 21810.jpg,10,768,328,53,51,-1,-1,-1,-1
35, 21810.jpg,11,857,449,47,102,-1,-1,-1,-1
35, 21810.jpg,13,652,457,58,106,-1,-1,-1,-1
36, 21811.jpg,1,383,477,58,141,-1,-1,-1,-1
36, 21811.jpg,2,623,385,46,106,-1,-1,-1,-1
36, 21811.jpg,3,835,332,59,96,-1,-1,-1,-1
36, 21811.jpg,4,316,429,59,110,-1,-1,-1,-1
36, 21811.jpg,5,322,315,47,90,-1,-1,-1,-1
36, 21811.jpg,6,290,367,38,88,-1,-1,-1,-1
36, 21811.jpg,7,486,319,44,99,-1,-1,-1,-1
36, 21811.jpg,8,604,331,41,87,-1,-1,-1,-1
36, 21811.jpg,9,472,383,49,117,-1,-1,-1,-1
36, 21811.jpg,10,772,330,50,48,-1,-1,-1,-1
36, 21811.jpg,11,857,448,49,106,-1,-1,-1,-1
36, 21811.jpg,13,655,458,58,106,-1,-1,-1,-1
37, 21812.jpg,1,384,477,56,138,-1,-1,-1,-1
37, 21812.jpg,2,627,387,45,106,-1,-1,-1,-1
37, 21812.jpg,3,833,330,60,99,-1,-1,-1,-1
37, 21812.jpg,4,312,428,60,111,-1,-1,-1,-1
37, 21812.jpg,5,321,315,48,90,-1,-1,-1,-1
37, 21812.jpg,6,287,367,40,90,-1,-1,-1,-1
37, 21812.jpg,7,487,321,44,101,-1,-1,-1,-1
37, 21812.jpg,8,607,332,39,85,-1,-1,-1,-1
37, 21812.jpg,9,477,383,48,114,-1,-1,-1,-1
37, 21812.jpg,10,775,332,47,46,-1,-1,-1,-1
37, 21812.jpg,11,859,447,49,108,-1,-1,-1,-1
37, 21812.jpg,13,656,456,59,108,-1,-1,-1,-1
38, 21813.jpg,1,385,475,55,140,-1,-1,-1,-1
38, 21813.jpg,2,627,390,44,101,-1,-1,-1,-1
38, 21813.jpg,3,831,330,61,100,-1,-1,-1,-1
38, 21813.jpg,4,309,425,60,114,-1,-1,-1,-1
38, 21813.jpg,5,319,315,49,90,-1,-1,-1,-1
38, 21813.jpg,6,284,368,42,88,-1,-1,-1,-1
38, 21813.jpg,7,489,324,42,96,-1,-1,-1,-1
38, 21813.jpg,8,610,335,39,83,-1,-1,-1,-1
38, 21813.jpg,9,480,382,47,116,-1,-1,-1,-1
38, 21813.jpg,10,777,332,47,46,-1,-1,-1,-1
38, 21813.jpg,11,861,446,49,109,-1,-1,-1,-1
38, 21813.jpg,13,657,454,59,107,-1,-1,-1,-1
39, 21814.jpg,1,386,473,54,138,-1,-1,-1,-1
39, 21814.jpg,2,631,390,44,101,-1,-1,-1,-1
39, 21814.jpg,3,830,330,62,102,-1,-1,-1,-1
39, 21814.jpg,4,306,423,59,115,-1,-1,-1,-1
39, 21814.jpg,5,317,315,48,88,-1,-1,-1,-1
39, 21814.jpg,6,282,369,43,87,-1,-1,-1,-1
39, 21814.jpg,7,490,345,42,96,-1,-1,-1,-1
39, 21814.jpg,8,614,337,38,81,-1,-1,-1,-1
39, 21814.jpg,9,483,382,47,116,-1,-1,-1,-1
39, 21814.jpg,10,780,330,45,46,-1,-1,-1,-1
39, 21814.jpg,11,864,447,48,109,-1,-1,-1,-1
39, 21814.jpg,13,659,451,60,110,-1,-1,-1,-1
40, 21815.jpg,1,390,470,52,136,-1,-1,-1,-1
40, 21815.jpg,2,632,386,46,105,-1,-1,-1,-1
40, 21815.jpg,3,830,329,63,102,-1,-1,-1,-1
40, 21815.jpg,4,304,422,58,115,-1,-1,-1,-1
40, 21815.jpg,5,313,316,48,88,-1,-1,-1,-1
40, 21815.jpg,6,280,370,45,87,-1,-1,-1,-1
40, 21815.jpg,7,493,357,40,94,-1,-1,-1,-1
40, 21815.jpg,8,620,337,38,82,-1,-1,-1,-1
40, 21815.jpg,10,782,331,44,45,-1,-1,-1,-1
40, 21815.jpg,11,864,445,51,117,-1,-1,-1,-1
40, 21815.jpg,13,660,448,63,116,-1,-1,-1,-1
