2, 35382.jpg,1,638,651,100,164,-1,-1,-1,-1
2, 35382.jpg,2,1172,681,67,156,-1,-1,-1,-1
2, 35382.jpg,4,1124,621,62,169,-1,-1,-1,-1
2, 35382.jpg,5,717,602,62,125,-1,-1,-1,-1
2, 35382.jpg,6,726,679,83,147,-1,-1,-1,-1
2, 35382.jpg,7,878,666,97,145,-1,-1,-1,-1
2, 35382.jpg,8,1379,612,74,140,-1,-1,-1,-1
2, 35382.jpg,9,470,725,70,159,-1,-1,-1,-1
3, 35383.jpg,1,632,658,90,151,-1,-1,-1,-1
3, 35383.jpg,2,1168,688,64,153,-1,-1,-1,-1
3, 35383.jpg,4,1109,619,62,167,-1,-1,-1,-1
3, 35383.jpg,5,718,621,70,142,-1,-1,-1,-1
3, 35383.jpg,6,720,679,83,146,-1,-1,-1,-1
3, 35383.jpg,7,865,664,98,147,-1,-1,-1,-1
3, 35383.jpg,8,1374,611,73,140,-1,-1,-1,-1
3, 35383.jpg,9,463,724,71,160,-1,-1,-1,-1
3, 35383.jpg,10,1471,690,74,144,-1,-1,-1,-1
4, 35384.jpg,1,631,661,84,141,-1,-1,-1,-1
4, 35384.jpg,2,1159,684,67,160,-1,-1,-1,-1
4, 35384.jpg,4,1107,623,58,157,-1,-1,-1,-1
4, 35384.jpg,5,706,609,66,133,-1,-1,-1,-1
4, 35384.jpg,6,711,674,87,152,-1,-1,-1,-1
4, 35384.jpg,7,852,668,95,141,-1,-1,-1,-1
4, 35384.jpg,8,1369,611,73,141,-1,-1,-1,-1
4, 35384.jpg,9,457,721,74,162,-1,-1,-1,-1
4, 35384.jpg,10,1446,684,75,147,-1,-1,-1,-1
5, 35385.jpg,1,626,665,80,136,-1,-1,-1,-1
5, 35385.jpg,2,1154,685,67,163,-1,-1,-1,-1
5, 35385.jpg,4,1105,643,56,153,-1,-1,-1,-1
5, 35385.jpg,5,703,611,67,136,-1,-1,-1,-1
5, 35385.jpg,6,679,651,89,157,-1,-1,-1,-1
5, 35385.jpg,7,838,668,98,143,-1,-1,-1,-1
5, 35385.jpg,8,1367,612,70,137,-1,-1,-1,-1
5, 35385.jpg,9,451,722,74,160,-1,-1,-1,-1
5, 35385.jpg,10,1452,685,77,150,-1,-1,-1,-1
6, 35386.jpg,1,646,644,91,156,-1,-1,-1,-1
6, 35386.jpg,2,1150,688,67,162,-1,-1,-1,-1
6, 35386.jpg,4,1097,640,59,159,-1,-1,-1,-1
6, 35386.jpg,6,683,663,90,159,-1,-1,-1,-1
6, 35386.jpg,7,824,663,101,148,-1,-1,-1,-1
6, 35386.jpg,8,1360,611,71,139,-1,-1,-1,-1
6, 35386.jpg,9,445,721,75,160,-1,-1,-1,-1
6, 35386.jpg,10,1448,688,75,146,-1,-1,-1,-1
7, 35387.jpg,1,645,642,92,157,-1,-1,-1,-1
7, 35387.jpg,2,1144,686,70,167,-1,-1,-1,-1
7, 35387.jpg,4,1096,649,56,149,-1,-1,-1,-1
7, 35387.jpg,5,690,605,62,124,-1,-1,-1,-1
7, 35387.jpg,6,666,643,93,165,-1,-1,-1,-1
7, 35387.jpg,7,807,661,100,147,-1,-1,-1,-1
7, 35387.jpg,8,1355,611,72,145,-1,-1,-1,-1
7, 35387.jpg,9,437,719,77,161,-1,-1,-1,-1
7, 35387.jpg,10,1442,685,74,147,-1,-1,-1,-1
7, 35387.jpg,15,1067,590,54,134,-1,-1,-1,-1
8, 35388.jpg,2,1140,687,70,168,-1,-1,-1,-1
8, 35388.jpg,4,1089,655,55,145,-1,-1,-1,-1
8, 35388.jpg,5,687,605,62,120,-1,-1,-1,-1
8, 35388.jpg,6,673,656,87,156,-1,-1,-1,-1
8, 35388.jpg,7,790,658,101,149,-1,-1,-1,-1
8, 35388.jpg,8,1350,611,71,146,-1,-1,-1,-1
8, 35388.jpg,9,434,717,78,162,-1,-1,-1,-1
8, 35388.jpg,10,1420,681,72,144,-1,-1,-1,-1
8, 35388.jpg,15,1059,589,54,136,-1,-1,-1,-1
9, 35389.jpg,2,1138,690,69,163,-1,-1,-1,-1
9, 35389.jpg,4,1086,658,54,144,-1,-1,-1,-1
9, 35389.jpg,5,675,605,68,130,-1,-1,-1,-1
9, 35389.jpg,6,673,657,87,155,-1,-1,-1,-1
9, 35389.jpg,7,778,655,100,148,-1,-1,-1,-1
9, 35389.jpg,8,1346,612,72,147,-1,-1,-1,-1
9, 35389.jpg,9,433,714,79,163,-1,-1,-1,-1
9, 35389.jpg,10,1414,681,69,142,-1,-1,-1,-1
9, 35389.jpg,15,1051,589,54,137,-1,-1,-1,-1
10, 35390.jpg,2,1135,692,68,162,-1,-1,-1,-1
10, 35390.jpg,4,1084,657,56,146,-1,-1,-1,-1
10, 35390.jpg,5,670,607,68,132,-1,-1,-1,-1
10, 35390.jpg,6,659,646,90,162,-1,-1,-1,-1
10, 35390.jpg,7,765,657,95,144,-1,-1,-1,-1
10, 35390.jpg,8,1344,613,70,146,-1,-1,-1,-1
10, 35390.jpg,9,430,711,81,165,-1,-1,-1,-1
10, 35390.jpg,10,1407,678,68,144,-1,-1,-1,-1
10, 35390.jpg,15,1047,590,51,131,-1,-1,-1,-1
10, 35390.jpg,17,623,641,48,109,-1,-1,-1,-1
10, 35390.jpg,18,1441,687,54,150,-1,-1,-1,-1
11, 35391.jpg,1,617,666,74,128,-1,-1,-1,-1
11, 35391.jpg,2,1133,695,68,159,-1,-1,-1,-1
11, 35391.jpg,4,1080,657,57,149,-1,-1,-1,-1
11, 35391.jpg,5,664,608,70,132,-1,-1,-1,-1
11, 35391.jpg,6,663,636,91,164,-1,-1,-1,-1
11, 35391.jpg,7,756,657,92,144,-1,-1,-1,-1
11, 35391.jpg,8,1341,615,69,145,-1,-1,-1,-1
11, 35391.jpg,9,430,708,82,167,-1,-1,-1,-1
11, 35391.jpg,10,1401,680,67,142,-1,-1,-1,-1
11, 35391.jpg,15,1041,589,52,132,-1,-1,-1,-1
11, 35391.jpg,17,623,640,44,100,-1,-1,-1,-1
11, 35391.jpg,18,1433,687,54,151,-1,-1,-1,-1
12, 35392.jpg,1,614,668,71,125,-1,-1,-1,-1
12, 35392.jpg,2,1135,699,65,155,-1,-1,-1,-1
12, 35392.jpg,4,1078,658,57,148,-1,-1,-1,-1
12, 35392.jpg,6,651,636,97,172,-1,-1,-1,-1
12, 35392.jpg,7,742,658,91,143,-1,-1,-1,-1
12, 35392.jpg,8,1336,618,67,142,-1,-1,-1,-1
12, 35392.jpg,9,430,706,81,168,-1,-1,-1,-1
12, 35392.jpg,10,1400,680,63,135,-1,-1,-1,-1
12, 35392.jpg,15,1035,587,52,133,-1,-1,-1,-1
12, 35392.jpg,17,628,632,45,102,-1,-1,-1,-1
12, 35392.jpg,18,1425,687,54,152,-1,-1,-1,-1
13, 35393.jpg,1,614,676,70,121,-1,-1,-1,-1
13, 35393.jpg,2,1136,700,64,154,-1,-1,-1,-1
13, 35393.jpg,4,1077,659,56,146,-1,-1,-1,-1
13, 35393.jpg,5,658,615,80,154,-1,-1,-1,-1
13, 35393.jpg,6,635,647,93,164,-1,-1,-1,-1
13, 35393.jpg,7,705,654,94,146,-1,-1,-1,-1
13, 35393.jpg,8,1333,620,66,139,-1,-1,-1,-1
13, 35393.jpg,9,430,704,79,167,-1,-1,-1,-1
13, 35393.jpg,10,1399,680,61,134,-1,-1,-1,-1
13, 35393.jpg,15,1029,587,53,135,-1,-1,-1,-1
13, 35393.jpg,17,626,637,42,95,-1,-1,-1,-1
14, 35394.jpg,1,614,672,69,121,-1,-1,-1,-1
14, 35394.jpg,2,1136,700,63,156,-1,-1,-1,-1
14, 35394.jpg,4,1075,658,56,146,-1,-1,-1,-1
14, 35394.jpg,5,656,619,79,152,-1,-1,-1,-1
14, 35394.jpg,6,627,644,94,166,-1,-1,-1,-1
14, 35394.jpg,7,685,658,96,144,-1,-1,-1,-1
14, 35394.jpg,8,1331,621,66,139,-1,-1,-1,-1
14, 35394.jpg,9,429,703,79,169,-1,-1,-1,-1
14, 35394.jpg,10,1393,679,61,134,-1,-1,-1,-1
14, 35394.jpg,15,1027,586,52,135,-1,-1,-1,-1
14, 35394.jpg,17,629,630,45,102,-1,-1,-1,-1
14, 35394.jpg,18,1416,687,55,154,-1,-1,-1,-1
15, 35395.jpg,1,611,673,68,119,-1,-1,-1,-1
15, 35395.jpg,2,1137,701,62,154,-1,-1,-1,-1
15, 35395.jpg,4,1073,652,57,151,-1,-1,-1,-1
15, 35395.jpg,5,652,621,80,154,-1,-1,-1,-1
15, 35395.jpg,7,676,657,99,147,-1,-1,-1,-1
15, 35395.jpg,8,1331,622,66,142,-1,-1,-1,-1
15, 35395.jpg,9,430,702,78,169,-1,-1,-1,-1
15, 35395.jpg,15,1023,585,53,135,-1,-1,-1,-1
15, 35395.jpg,17,629,629,49,107,-1,-1,-1,-1
15, 35395.jpg,18,1405,683,56,157,-1,-1,-1,-1
16, 35396.jpg,1,614,669,57,102,-1,-1,-1,-1
16, 35396.jpg,2,1136,698,63,157,-1,-1,-1,-1
16, 35396.jpg,4,1071,652,55,149,-1,-1,-1,-1
16, 35396.jpg,7,661,655,103,146,-1,-1,-1,-1
16, 35396.jpg,8,1331,624,65,144,-1,-1,-1,-1
16, 35396.jpg,9,431,701,77,169,-1,-1,-1,-1
16, 35396.jpg,15,1020,585,52,134,-1,-1,-1,-1
16, 35396.jpg,17,644,619,51,110,-1,-1,-1,-1
16, 35396.jpg,18,1402,686,54,152,-1,-1,-1,-1
17, 35397.jpg,1,605,660,62,116,-1,-1,-1,-1
17, 35397.jpg,2,1138,697,63,159,-1,-1,-1,-1
17, 35397.jpg,4,1068,649,55,150,-1,-1,-1,-1
17, 35397.jpg,7,639,648,108,157,-1,-1,-1,-1
17, 35397.jpg,8,1333,625,64,144,-1,-1,-1,-1
17, 35397.jpg,9,432,700,78,168,-1,-1,-1,-1
17, 35397.jpg,15,1017,584,52,133,-1,-1,-1,-1
17, 35397.jpg,17,650,617,53,114,-1,-1,-1,-1
17, 35397.jpg,18,1400,681,57,160,-1,-1,-1,-1
18, 35398.jpg,1,616,652,49,88,-1,-1,-1,-1
18, 35398.jpg,2,1137,700,63,158,-1,-1,-1,-1
18, 35398.jpg,4,1066,652,56,151,-1,-1,-1,-1
18, 35398.jpg,5,612,666,70,138,-1,-1,-1,-1
18, 35398.jpg,6,623,674,82,152,-1,-1,-1,-1
18, 35398.jpg,7,620,651,105,154,-1,-1,-1,-1
18, 35398.jpg,8,1337,624,63,145,-1,-1,-1,-1
18, 35398.jpg,9,433,699,78,168,-1,-1,-1,-1
18, 35398.jpg,15,1014,584,52,133,-1,-1,-1,-1
18, 35398.jpg,17,649,614,56,119,-1,-1,-1,-1
18, 35398.jpg,18,1395,682,55,157,-1,-1,-1,-1
19, 35399.jpg,1,616,638,44,81,-1,-1,-1,-1
19, 35399.jpg,2,1138,700,64,159,-1,-1,-1,-1
19, 35399.jpg,4,1066,654,56,149,-1,-1,-1,-1
19, 35399.jpg,5,612,673,67,138,-1,-1,-1,-1
19, 35399.jpg,6,613,657,85,160,-1,-1,-1,-1
19, 35399.jpg,7,604,650,105,155,-1,-1,-1,-1
19, 35399.jpg,8,1335,625,63,146,-1,-1,-1,-1
19, 35399.jpg,9,433,698,79,168,-1,-1,-1,-1
19, 35399.jpg,15,1012,585,52,132,-1,-1,-1,-1
19, 35399.jpg,17,640,619,61,131,-1,-1,-1,-1
19, 35399.jpg,18,1376,660,56,156,-1,-1,-1,-1
19, 35399.jpg,21,694,658,80,137,-1,-1,-1,-1
20, 35400.jpg,1,614,633,55,100,-1,-1,-1,-1
20, 35400.jpg,2,1135,699,67,160,-1,-1,-1,-1
20, 35400.jpg,4,1064,653,58,149,-1,-1,-1,-1
20, 35400.jpg,5,606,678,67,138,-1,-1,-1,-1
20, 35400.jpg,6,607,656,85,160,-1,-1,-1,-1
20, 35400.jpg,7,626,648,107,157,-1,-1,-1,-1
20, 35400.jpg,9,435,696,79,166,-1,-1,-1,-1
20, 35400.jpg,15,1010,585,53,132,-1,-1,-1,-1
20, 35400.jpg,17,642,617,61,133,-1,-1,-1,-1
20, 35400.jpg,18,1366,654,60,162,-1,-1,-1,-1
20, 35400.jpg,21,691,658,79,134,-1,-1,-1,-1
21, 35401.jpg,1,613,629,55,100,-1,-1,-1,-1
21, 35401.jpg,2,1136,700,69,158,-1,-1,-1,-1
21, 35401.jpg,4,1062,651,60,151,-1,-1,-1,-1
21, 35401.jpg,6,605,644,73,143,-1,-1,-1,-1
21, 35401.jpg,7,634,650,99,149,-1,-1,-1,-1
21, 35401.jpg,9,436,694,81,168,-1,-1,-1,-1
21, 35401.jpg,15,1010,584,52,131,-1,-1,-1,-1
21, 35401.jpg,17,647,623,52,115,-1,-1,-1,-1
21, 35401.jpg,18,1358,646,58,157,-1,-1,-1,-1
22, 35402.jpg,2,1136,698,72,160,-1,-1,-1,-1
22, 35402.jpg,4,1060,650,63,152,-1,-1,-1,-1
22, 35402.jpg,6,603,648,77,154,-1,-1,-1,-1
22, 35402.jpg,7,624,649,99,149,-1,-1,-1,-1
22, 35402.jpg,9,439,694,81,165,-1,-1,-1,-1
22, 35402.jpg,15,1006,584,53,131,-1,-1,-1,-1
22, 35402.jpg,17,628,628,54,121,-1,-1,-1,-1
22, 35402.jpg,18,1355,642,60,158,-1,-1,-1,-1
22, 35402.jpg,21,655,635,75,131,-1,-1,-1,-1
23, 35403.jpg,2,1135,698,74,160,-1,-1,-1,-1
23, 35403.jpg,4,1059,648,64,154,-1,-1,-1,-1
23, 35403.jpg,6,597,647,78,154,-1,-1,-1,-1
23, 35403.jpg,7,621,660,93,141,-1,-1,-1,-1
23, 35403.jpg,9,442,692,81,165,-1,-1,-1,-1
23, 35403.jpg,10,1364,694,66,151,-1,-1,-1,-1
23, 35403.jpg,15,1006,583,54,132,-1,-1,-1,-1
23, 35403.jpg,17,622,630,55,125,-1,-1,-1,-1
23, 35403.jpg,18,1343,627,57,149,-1,-1,-1,-1
23, 35403.jpg,21,645,630,75,129,-1,-1,-1,-1
24, 35404.jpg,2,1137,697,75,160,-1,-1,-1,-1
24, 35404.jpg,4,1057,645,67,157,-1,-1,-1,-1
24, 35404.jpg,7,611,661,93,140,-1,-1,-1,-1
24, 35404.jpg,9,445,689,80,163,-1,-1,-1,-1
24, 35404.jpg,10,1365,704,61,142,-1,-1,-1,-1
24, 35404.jpg,15,1006,583,53,129,-1,-1,-1,-1
24, 35404.jpg,17,630,634,61,140,-1,-1,-1,-1
24, 35404.jpg,18,1341,625,55,142,-1,-1,-1,-1
24, 35404.jpg,24,20,935,89,144,-1,-1,-1,-1
25, 35405.jpg,2,1140,698,75,157,-1,-1,-1,-1
25, 35405.jpg,4,1056,641,68,159,-1,-1,-1,-1
25, 35405.jpg,7,622,659,95,144,-1,-1,-1,-1
25, 35405.jpg,9,448,688,78,161,-1,-1,-1,-1
25, 35405.jpg,10,1356,678,66,154,-1,-1,-1,-1
25, 35405.jpg,15,1008,584,52,125,-1,-1,-1,-1
25, 35405.jpg,17,633,634,62,142,-1,-1,-1,-1
25, 35405.jpg,18,1334,620,54,140,-1,-1,-1,-1
25, 35405.jpg,24,22,933,91,146,-1,-1,-1,-1
26, 35406.jpg,2,1146,697,76,159,-1,-1,-1,-1
26, 35406.jpg,4,1058,640,69,159,-1,-1,-1,-1
26, 35406.jpg,6,599,654,71,146,-1,-1,-1,-1
26, 35406.jpg,7,615,659,94,144,-1,-1,-1,-1
26, 35406.jpg,9,452,686,75,158,-1,-1,-1,-1
26, 35406.jpg,10,1352,677,66,155,-1,-1,-1,-1
26, 35406.jpg,15,1010,583,50,121,-1,-1,-1,-1
26, 35406.jpg,17,647,640,62,143,-1,-1,-1,-1
26, 35406.jpg,18,1348,637,58,144,-1,-1,-1,-1
26, 35406.jpg,24,25,924,96,155,-1,-1,-1,-1
27, 35407.jpg,2,1152,697,75,159,-1,-1,-1,-1
27, 35407.jpg,4,1063,641,66,156,-1,-1,-1,-1
27, 35407.jpg,6,601,655,67,141,-1,-1,-1,-1
27, 35407.jpg,9,455,683,73,158,-1,-1,-1,-1
27, 35407.jpg,10,1350,706,60,135,-1,-1,-1,-1
27, 35407.jpg,15,1012,583,50,121,-1,-1,-1,-1
27, 35407.jpg,17,659,640,61,143,-1,-1,-1,-1
27, 35407.jpg,18,1365,639,54,136,-1,-1,-1,-1
27, 35407.jpg,24,27,915,101,164,-1,-1,-1,-1
28, 35408.jpg,2,1155,693,76,165,-1,-1,-1,-1
28, 35408.jpg,4,1065,639,66,156,-1,-1,-1,-1
28, 35408.jpg,6,601,658,65,137,-1,-1,-1,-1
28, 35408.jpg,7,613,649,97,147,-1,-1,-1,-1
28, 35408.jpg,9,459,681,72,159,-1,-1,-1,-1
28, 35408.jpg,10,1348,693,62,136,-1,-1,-1,-1
28, 35408.jpg,15,1013,581,51,125,-1,-1,-1,-1
28, 35408.jpg,17,661,641,62,145,-1,-1,-1,-1
28, 35408.jpg,18,1371,640,52,130,-1,-1,-1,-1
28, 35408.jpg,24,35,908,103,171,-1,-1,-1,-1
29, 35409.jpg,2,1160,692,75,169,-1,-1,-1,-1
29, 35409.jpg,4,1068,638,64,155,-1,-1,-1,-1
29, 35409.jpg,6,601,658,64,140,-1,-1,-1,-1
29, 35409.jpg,7,613,649,97,147,-1,-1,-1,-1
29, 35409.jpg,9,464,680,71,158,-1,-1,-1,-1
29, 35409.jpg,10,1353,689,63,137,-1,-1,-1,-1
29, 35409.jpg,15,1015,581,51,126,-1,-1,-1,-1
29, 35409.jpg,18,1370,638,51,129,-1,-1,-1,-1
29, 35409.jpg,24,41,900,107,179,-1,-1,-1,-1
30, 35410.jpg,2,1166,695,72,163,-1,-1,-1,-1
30, 35410.jpg,4,1072,637,63,155,-1,-1,-1,-1
30, 35410.jpg,6,598,659,64,138,-1,-1,-1,-1
30, 35410.jpg,7,605,644,101,151,-1,-1,-1,-1
30, 35410.jpg,9,469,680,70,154,-1,-1,-1,-1
30, 35410.jpg,10,1353,685,64,140,-1,-1,-1,-1
30, 35410.jpg,15,1018,582,50,124,-1,-1,-1,-1
30, 35410.jpg,24,57,890,109,184,-1,-1,-1,-1
31, 35411.jpg,2,1174,695,72,163,-1,-1,-1,-1
31, 35411.jpg,4,1075,632,64,160,-1,-1,-1,-1
31, 35411.jpg,7,601,640,103,155,-1,-1,-1,-1
31, 35411.jpg,9,475,682,71,152,-1,-1,-1,-1
31, 35411.jpg,10,1347,679,69,149,-1,-1,-1,-1
31, 35411.jpg,15,1022,583,50,126,-1,-1,-1,-1
31, 35411.jpg,24,64,879,113,195,-1,-1,-1,-1
32, 35412.jpg,2,1181,698,71,161,-1,-1,-1,-1
32, 35412.jpg,4,1077,629,63,160,-1,-1,-1,-1
32, 35412.jpg,7,592,648,95,147,-1,-1,-1,-1
32, 35412.jpg,9,477,681,74,154,-1,-1,-1,-1
32, 35412.jpg,10,1349,667,71,155,-1,-1,-1,-1
32, 35412.jpg,15,1023,586,50,124,-1,-1,-1,-1
32, 35412.jpg,18,1383,641,56,136,-1,-1,-1,-1
32, 35412.jpg,24,74,878,109,195,-1,-1,-1,-1
33, 35413.jpg,2,1185,699,72,162,-1,-1,-1,-1
33, 35413.jpg,4,1081,628,63,162,-1,-1,-1,-1
33, 35413.jpg,6,638,644,69,145,-1,-1,-1,-1
33, 35413.jpg,7,586,648,95,147,-1,-1,-1,-1
33, 35413.jpg,8,1356,624,52,121,-1,-1,-1,-1
33, 35413.jpg,9,483,681,75,152,-1,-1,-1,-1
33, 35413.jpg,10,1343,663,64,141,-1,-1,-1,-1
33, 35413.jpg,15,1025,587,51,125,-1,-1,-1,-1
33, 35413.jpg,18,1384,640,55,136,-1,-1,-1,-1
33, 35413.jpg,24,86,876,106,193,-1,-1,-1,-1
34, 35414.jpg,2,1190,702,73,159,-1,-1,-1,-1
34, 35414.jpg,4,1084,627,63,163,-1,-1,-1,-1
34, 35414.jpg,6,625,646,74,149,-1,-1,-1,-1
34, 35414.jpg,8,1357,623,51,118,-1,-1,-1,-1
34, 35414.jpg,9,484,679,78,153,-1,-1,-1,-1
34, 35414.jpg,10,1334,698,59,134,-1,-1,-1,-1
34, 35414.jpg,15,1028,587,51,125,-1,-1,-1,-1
34, 35414.jpg,18,1386,643,55,137,-1,-1,-1,-1
34, 35414.jpg,24,101,876,101,191,-1,-1,-1,-1
35, 35415.jpg,2,1195,704,74,159,-1,-1,-1,-1
35, 35415.jpg,4,1085,629,63,161,-1,-1,-1,-1
35, 35415.jpg,6,621,647,76,147,-1,-1,-1,-1
35, 35415.jpg,8,1357,622,52,118,-1,-1,-1,-1
35, 35415.jpg,9,484,681,78,150,-1,-1,-1,-1
35, 35415.jpg,10,1327,701,60,139,-1,-1,-1,-1
35, 35415.jpg,15,1030,588,52,125,-1,-1,-1,-1
35, 35415.jpg,18,1374,634,61,147,-1,-1,-1,-1
35, 35415.jpg,24,109,869,99,192,-1,-1,-1,-1
36, 35416.jpg,2,1198,704,76,160,-1,-1,-1,-1
36, 35416.jpg,4,1086,630,64,163,-1,-1,-1,-1
36, 35416.jpg,6,620,652,78,148,-1,-1,-1,-1
36, 35416.jpg,9,488,680,79,151,-1,-1,-1,-1
36, 35416.jpg,10,1337,680,65,150,-1,-1,-1,-1
36, 35416.jpg,15,1032,589,53,126,-1,-1,-1,-1
36, 35416.jpg,18,1374,633,61,147,-1,-1,-1,-1
36, 35416.jpg,24,118,871,100,196,-1,-1,-1,-1
37, 35417.jpg,2,1202,705,76,159,-1,-1,-1,-1
37, 35417.jpg,4,1089,630,65,161,-1,-1,-1,-1
37, 35417.jpg,6,632,644,84,158,-1,-1,-1,-1
37, 35417.jpg,8,1352,626,60,142,-1,-1,-1,-1
37, 35417.jpg,9,492,678,80,151,-1,-1,-1,-1
37, 35417.jpg,10,1323,688,62,144,-1,-1,-1,-1
37, 35417.jpg,15,1034,589,54,126,-1,-1,-1,-1
37, 35417.jpg,18,1380,639,57,142,-1,-1,-1,-1
37, 35417.jpg,24,134,875,97,188,-1,-1,-1,-1
38, 35418.jpg,2,1207,703,78,163,-1,-1,-1,-1
38, 35418.jpg,4,1093,630,64,158,-1,-1,-1,-1
38, 35418.jpg,6,625,651,84,151,-1,-1,-1,-1
38, 35418.jpg,7,590,656,86,141,-1,-1,-1,-1
38, 35418.jpg,8,1351,626,62,145,-1,-1,-1,-1
38, 35418.jpg,9,498,675,78,152,-1,-1,-1,-1
38, 35418.jpg,10,1332,664,66,154,-1,-1,-1,-1
38, 35418.jpg,15,1037,588,55,127,-1,-1,-1,-1
38, 35418.jpg,18,1382,641,55,139,-1,-1,-1,-1
38, 35418.jpg,24,143,873,96,189,-1,-1,-1,-1
39, 35419.jpg,2,1213,704,75,158,-1,-1,-1,-1
39, 35419.jpg,4,1094,630,65,156,-1,-1,-1,-1
39, 35419.jpg,6,621,650,85,150,-1,-1,-1,-1
39, 35419.jpg,7,592,656,83,141,-1,-1,-1,-1
39, 35419.jpg,9,502,669,79,156,-1,-1,-1,-1
39, 35419.jpg,10,1327,669,69,157,-1,-1,-1,-1
39, 35419.jpg,15,1040,589,55,126,-1,-1,-1,-1
39, 35419.jpg,18,1376,642,55,137,-1,-1,-1,-1
39, 35419.jpg,24,154,871,95,187,-1,-1,-1,-1
40, 35420.jpg,2,1219,703,75,160,-1,-1,-1,-1
40, 35420.jpg,4,1095,630,65,156,-1,-1,-1,-1
40, 35420.jpg,6,622,650,85,150,-1,-1,-1,-1
40, 35420.jpg,7,597,652,81,143,-1,-1,-1,-1
40, 35420.jpg,9,508,666,77,157,-1,-1,-1,-1
40, 35420.jpg,10,1333,654,70,161,-1,-1,-1,-1
40, 35420.jpg,15,1046,588,54,126,-1,-1,-1,-1
40, 35420.jpg,18,1376,642,54,137,-1,-1,-1,-1
40, 35420.jpg,24,162,866,94,186,-1,-1,-1,-1
