2, 28662.jpg,1,1120,645,85,160,-1,-1,-1,-1
2, 28662.jpg,2,963,479,57,195,-1,-1,-1,-1
2, 28662.jpg,3,913,615,54,134,-1,-1,-1,-1
2, 28662.jpg,5,578,697,123,124,-1,-1,-1,-1
2, 28662.jpg,6,1171,462,62,103,-1,-1,-1,-1
2, 28662.jpg,7,1227,624,81,149,-1,-1,-1,-1
2, 28662.jpg,8,586,540,63,108,-1,-1,-1,-1
2, 28662.jpg,9,1494,616,73,132,-1,-1,-1,-1
2, 28662.jpg,10,347,652,77,140,-1,-1,-1,-1
3, 28663.jpg,1,1130,660,87,164,-1,-1,-1,-1
3, 28663.jpg,2,971,473,58,196,-1,-1,-1,-1
3, 28663.jpg,3,918,615,51,126,-1,-1,-1,-1
3, 28663.jpg,5,590,697,123,124,-1,-1,-1,-1
3, 28663.jpg,6,1170,462,62,104,-1,-1,-1,-1
3, 28663.jpg,7,1231,619,84,153,-1,-1,-1,-1
3, 28663.jpg,8,591,537,64,109,-1,-1,-1,-1
3, 28663.jpg,9,1496,612,73,133,-1,-1,-1,-1
3, 28663.jpg,10,351,648,78,142,-1,-1,-1,-1
4, 28664.jpg,1,1147,669,84,159,-1,-1,-1,-1
4, 28664.jpg,2,979,466,56,190,-1,-1,-1,-1
4, 28664.jpg,3,919,615,51,122,-1,-1,-1,-1
4, 28664.jpg,5,597,696,123,124,-1,-1,-1,-1
4, 28664.jpg,6,1171,462,66,112,-1,-1,-1,-1
4, 28664.jpg,7,1239,616,83,153,-1,-1,-1,-1
4, 28664.jpg,8,602,536,63,108,-1,-1,-1,-1
4, 28664.jpg,9,1498,609,74,131,-1,-1,-1,-1
4, 28664.jpg,10,360,644,80,146,-1,-1,-1,-1
4, 28664.jpg,11,1113,559,74,148,-1,-1,-1,-1
5, 28665.jpg,1,1159,667,83,160,-1,-1,-1,-1
5, 28665.jpg,2,987,459,56,189,-1,-1,-1,-1
5, 28665.jpg,3,918,616,50,118,-1,-1,-1,-1
5, 28665.jpg,5,604,693,122,126,-1,-1,-1,-1
5, 28665.jpg,6,1163,462,74,125,-1,-1,-1,-1
5, 28665.jpg,7,1243,610,84,157,-1,-1,-1,-1
5, 28665.jpg,8,607,537,62,107,-1,-1,-1,-1
5, 28665.jpg,9,1502,607,72,130,-1,-1,-1,-1
5, 28665.jpg,10,367,647,78,143,-1,-1,-1,-1
5, 28665.jpg,11,1118,556,76,151,-1,-1,-1,-1
6, 28666.jpg,1,1175,669,81,157,-1,-1,-1,-1
6, 28666.jpg,2,996,461,54,179,-1,-1,-1,-1
6, 28666.jpg,3,920,619,50,110,-1,-1,-1,-1
6, 28666.jpg,5,610,692,122,126,-1,-1,-1,-1
6, 28666.jpg,6,1160,464,77,129,-1,-1,-1,-1
6, 28666.jpg,7,1249,606,84,156,-1,-1,-1,-1
6, 28666.jpg,8,615,536,61,107,-1,-1,-1,-1
6, 28666.jpg,9,1504,605,72,130,-1,-1,-1,-1
6, 28666.jpg,10,373,647,77,141,-1,-1,-1,-1
6, 28666.jpg,11,1130,559,74,148,-1,-1,-1,-1
7, 28667.jpg,1,1185,674,79,154,-1,-1,-1,-1
7, 28667.jpg,2,1007,467,50,164,-1,-1,-1,-1
7, 28667.jpg,3,919,620,51,107,-1,-1,-1,-1
7, 28667.jpg,5,615,691,122,127,-1,-1,-1,-1
7, 28667.jpg,6,1154,468,79,132,-1,-1,-1,-1
7, 28667.jpg,7,1259,603,84,159,-1,-1,-1,-1
7, 28667.jpg,8,622,535,61,106,-1,-1,-1,-1
7, 28667.jpg,9,1505,602,72,131,-1,-1,-1,-1
7, 28667.jpg,10,381,646,77,141,-1,-1,-1,-1
7, 28667.jpg,11,1137,555,75,150,-1,-1,-1,-1
8, 28668.jpg,1,1199,673,79,156,-1,-1,-1,-1
8, 28668.jpg,2,1014,464,54,168,-1,-1,-1,-1
8, 28668.jpg,3,921,620,52,104,-1,-1,-1,-1
8, 28668.jpg,5,622,688,123,129,-1,-1,-1,-1
8, 28668.jpg,6,1150,480,73,120,-1,-1,-1,-1
8, 28668.jpg,7,1269,601,82,158,-1,-1,-1,-1
8, 28668.jpg,8,628,534,61,108,-1,-1,-1,-1
8, 28668.jpg,9,1508,600,71,131,-1,-1,-1,-1
8, 28668.jpg,10,388,647,75,140,-1,-1,-1,-1
8, 28668.jpg,11,1145,560,70,139,-1,-1,-1,-1
9, 28669.jpg,1,1211,673,79,160,-1,-1,-1,-1
9, 28669.jpg,2,1019,463,57,167,-1,-1,-1,-1
9, 28669.jpg,3,926,619,55,104,-1,-1,-1,-1
9, 28669.jpg,5,627,687,121,128,-1,-1,-1,-1
9, 28669.jpg,6,1148,485,72,117,-1,-1,-1,-1
9, 28669.jpg,7,1276,598,79,157,-1,-1,-1,-1
9, 28669.jpg,8,636,535,59,104,-1,-1,-1,-1
9, 28669.jpg,9,1510,598,69,131,-1,-1,-1,-1
9, 28669.jpg,10,394,647,75,140,-1,-1,-1,-1
9, 28669.jpg,11,1157,567,64,127,-1,-1,-1,-1
10, 28670.jpg,1,1226,677,79,161,-1,-1,-1,-1
10, 28670.jpg,2,1020,462,59,165,-1,-1,-1,-1
10, 28670.jpg,3,929,621,57,102,-1,-1,-1,-1
10, 28670.jpg,5,633,686,119,128,-1,-1,-1,-1
10, 28670.jpg,6,1150,491,73,118,-1,-1,-1,-1
10, 28670.jpg,7,1268,595,80,154,-1,-1,-1,-1
10, 28670.jpg,8,642,535,58,102,-1,-1,-1,-1
10, 28670.jpg,9,1513,596,67,130,-1,-1,-1,-1
10, 28670.jpg,10,400,647,75,140,-1,-1,-1,-1
10, 28670.jpg,11,1165,573,61,119,-1,-1,-1,-1
11, 28671.jpg,1,1238,680,79,161,-1,-1,-1,-1
11, 28671.jpg,2,1028,455,63,169,-1,-1,-1,-1
11, 28671.jpg,3,932,618,59,104,-1,-1,-1,-1
11, 28671.jpg,5,637,683,118,129,-1,-1,-1,-1
11, 28671.jpg,6,1150,497,72,118,-1,-1,-1,-1
11, 28671.jpg,7,1287,594,78,155,-1,-1,-1,-1
11, 28671.jpg,8,649,535,58,102,-1,-1,-1,-1
11, 28671.jpg,9,1514,597,66,130,-1,-1,-1,-1
11, 28671.jpg,10,408,647,74,139,-1,-1,-1,-1
11, 28671.jpg,11,1172,576,60,116,-1,-1,-1,-1
12, 28672.jpg,1,1250,683,80,167,-1,-1,-1,-1
12, 28672.jpg,2,1028,463,63,161,-1,-1,-1,-1
12, 28672.jpg,3,934,617,61,104,-1,-1,-1,-1
12, 28672.jpg,5,641,680,118,129,-1,-1,-1,-1
12, 28672.jpg,6,1149,501,72,118,-1,-1,-1,-1
12, 28672.jpg,7,1284,596,73,146,-1,-1,-1,-1
12, 28672.jpg,8,653,536,59,103,-1,-1,-1,-1
12, 28672.jpg,9,1514,595,66,131,-1,-1,-1,-1
12, 28672.jpg,10,417,650,71,133,-1,-1,-1,-1
12, 28672.jpg,11,1169,549,65,126,-1,-1,-1,-1
13, 28673.jpg,1,1262,687,78,168,-1,-1,-1,-1
13, 28673.jpg,2,1031,463,66,163,-1,-1,-1,-1
13, 28673.jpg,3,936,615,63,104,-1,-1,-1,-1
13, 28673.jpg,5,645,676,119,133,-1,-1,-1,-1
13, 28673.jpg,6,1150,507,75,124,-1,-1,-1,-1
13, 28673.jpg,7,1298,597,74,150,-1,-1,-1,-1
13, 28673.jpg,8,659,536,59,104,-1,-1,-1,-1
13, 28673.jpg,9,1515,596,65,130,-1,-1,-1,-1
13, 28673.jpg,10,421,653,70,131,-1,-1,-1,-1
13, 28673.jpg,11,1178,566,62,121,-1,-1,-1,-1
13, 28673.jpg,13,44,966,93,98,-1,-1,-1,-1
14, 28674.jpg,1,1272,690,79,170,-1,-1,-1,-1
14, 28674.jpg,2,1033,470,65,159,-1,-1,-1,-1
14, 28674.jpg,3,937,610,66,108,-1,-1,-1,-1
14, 28674.jpg,5,649,673,122,138,-1,-1,-1,-1
14, 28674.jpg,6,1142,518,72,120,-1,-1,-1,-1
14, 28674.jpg,7,1296,595,76,151,-1,-1,-1,-1
14, 28674.jpg,8,663,532,61,108,-1,-1,-1,-1
14, 28674.jpg,9,1517,597,63,127,-1,-1,-1,-1
14, 28674.jpg,10,425,651,70,133,-1,-1,-1,-1
14, 28674.jpg,11,1186,575,61,117,-1,-1,-1,-1
14, 28674.jpg,13,45,966,95,100,-1,-1,-1,-1
15, 28675.jpg,1,1281,693,78,171,-1,-1,-1,-1
15, 28675.jpg,2,1036,467,71,171,-1,-1,-1,-1
15, 28675.jpg,3,941,606,69,112,-1,-1,-1,-1
15, 28675.jpg,5,653,668,124,143,-1,-1,-1,-1
15, 28675.jpg,6,1139,529,68,111,-1,-1,-1,-1
15, 28675.jpg,7,1310,596,74,151,-1,-1,-1,-1
15, 28675.jpg,8,666,529,63,110,-1,-1,-1,-1
15, 28675.jpg,9,1518,600,62,125,-1,-1,-1,-1
15, 28675.jpg,10,431,650,69,131,-1,-1,-1,-1
15, 28675.jpg,11,1192,574,62,120,-1,-1,-1,-1
15, 28675.jpg,15,1288,590,54,141,-1,-1,-1,-1
16, 28676.jpg,1,1289,702,76,166,-1,-1,-1,-1
16, 28676.jpg,2,1041,473,70,169,-1,-1,-1,-1
16, 28676.jpg,3,946,600,71,116,-1,-1,-1,-1
16, 28676.jpg,5,657,665,123,145,-1,-1,-1,-1
16, 28676.jpg,6,1137,537,66,106,-1,-1,-1,-1
16, 28676.jpg,7,1322,600,70,147,-1,-1,-1,-1
16, 28676.jpg,8,671,523,64,114,-1,-1,-1,-1
16, 28676.jpg,9,1520,602,60,121,-1,-1,-1,-1
16, 28676.jpg,10,434,645,71,135,-1,-1,-1,-1
16, 28676.jpg,11,1197,573,62,122,-1,-1,-1,-1
16, 28676.jpg,13,57,962,89,94,-1,-1,-1,-1
16, 28676.jpg,15,1291,591,52,137,-1,-1,-1,-1
17, 28677.jpg,1,1297,704,77,171,-1,-1,-1,-1
17, 28677.jpg,2,1044,471,73,179,-1,-1,-1,-1
17, 28677.jpg,3,948,596,75,121,-1,-1,-1,-1
17, 28677.jpg,5,662,662,122,145,-1,-1,-1,-1
17, 28677.jpg,6,1136,545,64,102,-1,-1,-1,-1
17, 28677.jpg,7,1328,599,70,149,-1,-1,-1,-1
17, 28677.jpg,8,674,513,71,123,-1,-1,-1,-1
17, 28677.jpg,9,1521,603,60,123,-1,-1,-1,-1
17, 28677.jpg,10,437,639,72,141,-1,-1,-1,-1
17, 28677.jpg,11,1199,568,64,127,-1,-1,-1,-1
17, 28677.jpg,13,66,961,90,94,-1,-1,-1,-1
17, 28677.jpg,15,1296,590,52,135,-1,-1,-1,-1
18, 28678.jpg,1,1303,706,80,178,-1,-1,-1,-1
18, 28678.jpg,2,1052,491,64,155,-1,-1,-1,-1
18, 28678.jpg,3,952,592,76,125,-1,-1,-1,-1
18, 28678.jpg,5,667,658,123,148,-1,-1,-1,-1
18, 28678.jpg,6,1135,548,68,105,-1,-1,-1,-1
18, 28678.jpg,7,1329,597,69,150,-1,-1,-1,-1
18, 28678.jpg,8,677,498,78,138,-1,-1,-1,-1
18, 28678.jpg,9,1522,602,60,124,-1,-1,-1,-1
18, 28678.jpg,10,440,634,72,142,-1,-1,-1,-1
18, 28678.jpg,11,1204,566,64,130,-1,-1,-1,-1
18, 28678.jpg,13,69,961,90,95,-1,-1,-1,-1
19, 28679.jpg,1,1310,714,79,175,-1,-1,-1,-1
19, 28679.jpg,2,1053,485,61,149,-1,-1,-1,-1
19, 28679.jpg,3,954,589,79,129,-1,-1,-1,-1
19, 28679.jpg,5,673,656,120,145,-1,-1,-1,-1
19, 28679.jpg,6,1136,548,67,106,-1,-1,-1,-1
19, 28679.jpg,7,1320,591,72,156,-1,-1,-1,-1
19, 28679.jpg,8,681,482,82,147,-1,-1,-1,-1
19, 28679.jpg,9,1526,600,60,126,-1,-1,-1,-1
19, 28679.jpg,10,443,626,73,147,-1,-1,-1,-1
19, 28679.jpg,11,1207,566,65,131,-1,-1,-1,-1
19, 28679.jpg,13,73,960,91,96,-1,-1,-1,-1
20, 28680.jpg,1,1317,717,78,172,-1,-1,-1,-1
20, 28680.jpg,2,1064,508,58,138,-1,-1,-1,-1
20, 28680.jpg,3,962,588,80,129,-1,-1,-1,-1
20, 28680.jpg,5,680,656,117,142,-1,-1,-1,-1
20, 28680.jpg,6,1137,550,67,106,-1,-1,-1,-1
20, 28680.jpg,7,1322,594,71,149,-1,-1,-1,-1
20, 28680.jpg,8,693,461,77,144,-1,-1,-1,-1
20, 28680.jpg,9,1529,597,61,132,-1,-1,-1,-1
20, 28680.jpg,10,447,619,71,147,-1,-1,-1,-1
20, 28680.jpg,11,1209,565,65,133,-1,-1,-1,-1
21, 28681.jpg,1,1323,717,76,172,-1,-1,-1,-1
21, 28681.jpg,2,1069,520,56,131,-1,-1,-1,-1
21, 28681.jpg,3,969,588,81,130,-1,-1,-1,-1
21, 28681.jpg,5,689,656,116,143,-1,-1,-1,-1
21, 28681.jpg,6,1138,547,69,110,-1,-1,-1,-1
21, 28681.jpg,7,1339,595,71,152,-1,-1,-1,-1
21, 28681.jpg,8,699,481,71,132,-1,-1,-1,-1
21, 28681.jpg,9,1534,594,60,133,-1,-1,-1,-1
21, 28681.jpg,10,454,613,72,150,-1,-1,-1,-1
21, 28681.jpg,11,1213,564,64,135,-1,-1,-1,-1
21, 28681.jpg,13,86,957,91,96,-1,-1,-1,-1
22, 28682.jpg,1,1332,724,73,166,-1,-1,-1,-1
22, 28682.jpg,2,1071,523,56,128,-1,-1,-1,-1
22, 28682.jpg,3,976,588,81,131,-1,-1,-1,-1
22, 28682.jpg,5,697,656,115,142,-1,-1,-1,-1
22, 28682.jpg,6,1143,545,70,115,-1,-1,-1,-1
22, 28682.jpg,7,1347,595,72,156,-1,-1,-1,-1
22, 28682.jpg,8,701,462,83,155,-1,-1,-1,-1
22, 28682.jpg,9,1538,590,60,137,-1,-1,-1,-1
22, 28682.jpg,10,463,612,68,144,-1,-1,-1,-1
22, 28682.jpg,11,1218,563,64,134,-1,-1,-1,-1
22, 28682.jpg,13,89,955,93,98,-1,-1,-1,-1
23, 28683.jpg,1,1341,724,72,164,-1,-1,-1,-1
23, 28683.jpg,2,1074,528,54,125,-1,-1,-1,-1
23, 28683.jpg,3,983,590,82,131,-1,-1,-1,-1
23, 28683.jpg,5,706,656,113,141,-1,-1,-1,-1
23, 28683.jpg,6,1147,544,72,119,-1,-1,-1,-1
23, 28683.jpg,7,1342,588,74,161,-1,-1,-1,-1
23, 28683.jpg,8,709,469,79,146,-1,-1,-1,-1
23, 28683.jpg,9,1543,589,61,140,-1,-1,-1,-1
23, 28683.jpg,10,470,610,66,141,-1,-1,-1,-1
23, 28683.jpg,11,1222,562,64,136,-1,-1,-1,-1
23, 28683.jpg,13,95,955,92,96,-1,-1,-1,-1
23, 28683.jpg,15,1322,592,54,143,-1,-1,-1,-1
24, 28684.jpg,1,1350,721,70,162,-1,-1,-1,-1
24, 28684.jpg,2,1079,529,54,122,-1,-1,-1,-1
24, 28684.jpg,3,992,592,83,132,-1,-1,-1,-1
24, 28684.jpg,5,715,659,112,140,-1,-1,-1,-1
24, 28684.jpg,6,1153,543,72,123,-1,-1,-1,-1
24, 28684.jpg,7,1345,592,72,152,-1,-1,-1,-1
24, 28684.jpg,8,717,467,79,147,-1,-1,-1,-1
24, 28684.jpg,9,1549,587,61,144,-1,-1,-1,-1
24, 28684.jpg,10,478,607,65,140,-1,-1,-1,-1
24, 28684.jpg,11,1230,562,63,135,-1,-1,-1,-1
24, 28684.jpg,13,100,954,92,96,-1,-1,-1,-1
24, 28684.jpg,15,1326,592,55,143,-1,-1,-1,-1
25, 28685.jpg,1,1357,723,70,162,-1,-1,-1,-1
25, 28685.jpg,2,1082,529,56,120,-1,-1,-1,-1
25, 28685.jpg,3,999,598,82,130,-1,-1,-1,-1
25, 28685.jpg,5,720,660,111,139,-1,-1,-1,-1
25, 28685.jpg,6,1159,543,72,122,-1,-1,-1,-1
25, 28685.jpg,7,1348,592,73,152,-1,-1,-1,-1
25, 28685.jpg,8,722,472,78,140,-1,-1,-1,-1
25, 28685.jpg,9,1555,586,60,144,-1,-1,-1,-1
25, 28685.jpg,10,483,606,65,139,-1,-1,-1,-1
25, 28685.jpg,11,1235,561,62,134,-1,-1,-1,-1
26, 28686.jpg,1,1364,717,72,169,-1,-1,-1,-1
26, 28686.jpg,2,1085,525,59,124,-1,-1,-1,-1
26, 28686.jpg,3,1004,604,81,127,-1,-1,-1,-1
26, 28686.jpg,5,727,660,109,136,-1,-1,-1,-1
26, 28686.jpg,6,1164,542,72,125,-1,-1,-1,-1
26, 28686.jpg,7,1356,591,75,157,-1,-1,-1,-1
26, 28686.jpg,8,730,477,77,137,-1,-1,-1,-1
26, 28686.jpg,9,1560,587,58,143,-1,-1,-1,-1
26, 28686.jpg,10,488,606,66,140,-1,-1,-1,-1
26, 28686.jpg,11,1238,559,62,138,-1,-1,-1,-1
27, 28687.jpg,1,1371,715,74,177,-1,-1,-1,-1
27, 28687.jpg,2,1082,521,62,128,-1,-1,-1,-1
27, 28687.jpg,3,1010,607,80,123,-1,-1,-1,-1
27, 28687.jpg,5,732,660,108,135,-1,-1,-1,-1
27, 28687.jpg,6,1172,544,71,126,-1,-1,-1,-1
27, 28687.jpg,7,1360,588,75,157,-1,-1,-1,-1
27, 28687.jpg,8,739,483,77,133,-1,-1,-1,-1
27, 28687.jpg,9,1562,587,58,143,-1,-1,-1,-1
27, 28687.jpg,10,493,604,67,144,-1,-1,-1,-1
27, 28687.jpg,11,1242,557,62,138,-1,-1,-1,-1
28, 28688.jpg,1,1377,719,77,184,-1,-1,-1,-1
28, 28688.jpg,2,1095,522,62,129,-1,-1,-1,-1
28, 28688.jpg,3,1013,608,79,122,-1,-1,-1,-1
28, 28688.jpg,5,736,661,106,133,-1,-1,-1,-1
28, 28688.jpg,6,1180,546,69,127,-1,-1,-1,-1
28, 28688.jpg,7,1362,592,74,151,-1,-1,-1,-1
28, 28688.jpg,8,749,489,77,129,-1,-1,-1,-1
28, 28688.jpg,9,1564,589,58,145,-1,-1,-1,-1
28, 28688.jpg,10,496,601,67,144,-1,-1,-1,-1
28, 28688.jpg,11,1245,555,62,142,-1,-1,-1,-1
29, 28689.jpg,1,1385,724,80,189,-1,-1,-1,-1
29, 28689.jpg,2,1084,518,62,129,-1,-1,-1,-1
29, 28689.jpg,3,1014,607,80,123,-1,-1,-1,-1
29, 28689.jpg,5,739,661,105,132,-1,-1,-1,-1
29, 28689.jpg,6,1185,548,67,124,-1,-1,-1,-1
29, 28689.jpg,7,1367,593,75,150,-1,-1,-1,-1
29, 28689.jpg,8,756,490,81,132,-1,-1,-1,-1
29, 28689.jpg,9,1567,592,57,145,-1,-1,-1,-1
29, 28689.jpg,10,501,597,69,148,-1,-1,-1,-1
29, 28689.jpg,11,1248,553,63,145,-1,-1,-1,-1
29, 28689.jpg,15,1351,588,55,144,-1,-1,-1,-1
30, 28690.jpg,1,1392,731,79,187,-1,-1,-1,-1
30, 28690.jpg,2,1092,508,70,140,-1,-1,-1,-1
30, 28690.jpg,3,1015,603,84,128,-1,-1,-1,-1
30, 28690.jpg,5,742,660,109,135,-1,-1,-1,-1
30, 28690.jpg,6,1202,550,69,126,-1,-1,-1,-1
30, 28690.jpg,7,1385,601,74,150,-1,-1,-1,-1
30, 28690.jpg,8,764,495,81,129,-1,-1,-1,-1
30, 28690.jpg,9,1571,598,55,140,-1,-1,-1,-1
30, 28690.jpg,10,507,593,71,150,-1,-1,-1,-1
30, 28690.jpg,11,1251,552,62,146,-1,-1,-1,-1
30, 28690.jpg,15,1355,591,55,144,-1,-1,-1,-1
31, 28691.jpg,1,1395,728,86,199,-1,-1,-1,-1
31, 28691.jpg,2,1099,517,62,122,-1,-1,-1,-1
31, 28691.jpg,3,1019,598,86,132,-1,-1,-1,-1
31, 28691.jpg,5,742,659,112,137,-1,-1,-1,-1
31, 28691.jpg,6,1216,553,73,131,-1,-1,-1,-1
31, 28691.jpg,7,1389,604,73,148,-1,-1,-1,-1
31, 28691.jpg,8,770,501,79,126,-1,-1,-1,-1
31, 28691.jpg,9,1574,603,54,137,-1,-1,-1,-1
31, 28691.jpg,10,512,591,72,150,-1,-1,-1,-1
31, 28691.jpg,11,1255,551,63,147,-1,-1,-1,-1
31, 28691.jpg,15,1359,591,56,144,-1,-1,-1,-1
31, 28691.jpg,19,1114,523,48,109,-1,-1,-1,-1
32, 28692.jpg,1,1399,734,87,199,-1,-1,-1,-1
32, 28692.jpg,2,1119,526,59,118,-1,-1,-1,-1
32, 28692.jpg,3,1023,594,90,137,-1,-1,-1,-1
32, 28692.jpg,5,739,658,115,141,-1,-1,-1,-1
32, 28692.jpg,6,1220,554,75,132,-1,-1,-1,-1
32, 28692.jpg,7,1382,599,75,150,-1,-1,-1,-1
32, 28692.jpg,8,777,505,77,119,-1,-1,-1,-1
32, 28692.jpg,9,1578,607,53,134,-1,-1,-1,-1
32, 28692.jpg,10,518,589,71,147,-1,-1,-1,-1
32, 28692.jpg,19,1116,523,46,104,-1,-1,-1,-1
33, 28693.jpg,1,1404,746,82,183,-1,-1,-1,-1
33, 28693.jpg,2,1113,525,56,113,-1,-1,-1,-1
33, 28693.jpg,3,1024,594,90,135,-1,-1,-1,-1
33, 28693.jpg,5,731,655,117,144,-1,-1,-1,-1
33, 28693.jpg,6,1233,550,80,146,-1,-1,-1,-1
33, 28693.jpg,7,1398,608,67,133,-1,-1,-1,-1
33, 28693.jpg,8,780,508,77,117,-1,-1,-1,-1
33, 28693.jpg,9,1580,610,51,131,-1,-1,-1,-1
33, 28693.jpg,10,520,586,72,145,-1,-1,-1,-1
33, 28693.jpg,15,1363,593,56,144,-1,-1,-1,-1
33, 28693.jpg,19,1076,524,48,106,-1,-1,-1,-1
34, 28694.jpg,1,1404,751,78,172,-1,-1,-1,-1
34, 28694.jpg,2,1121,533,55,110,-1,-1,-1,-1
34, 28694.jpg,3,1028,590,90,137,-1,-1,-1,-1
34, 28694.jpg,5,720,656,116,145,-1,-1,-1,-1
34, 28694.jpg,6,1237,548,80,152,-1,-1,-1,-1
34, 28694.jpg,7,1406,614,63,126,-1,-1,-1,-1
34, 28694.jpg,8,778,509,77,118,-1,-1,-1,-1
34, 28694.jpg,9,1581,613,50,128,-1,-1,-1,-1
34, 28694.jpg,10,523,582,71,142,-1,-1,-1,-1
34, 28694.jpg,15,1362,592,59,146,-1,-1,-1,-1
34, 28694.jpg,19,1069,523,43,96,-1,-1,-1,-1
35, 28695.jpg,1,1401,751,77,168,-1,-1,-1,-1
35, 28695.jpg,2,1123,538,55,111,-1,-1,-1,-1
35, 28695.jpg,3,1030,588,90,137,-1,-1,-1,-1
35, 28695.jpg,5,709,655,114,147,-1,-1,-1,-1
35, 28695.jpg,6,1242,549,83,155,-1,-1,-1,-1
35, 28695.jpg,7,1406,614,64,128,-1,-1,-1,-1
35, 28695.jpg,8,776,507,78,119,-1,-1,-1,-1
35, 28695.jpg,9,1581,613,51,130,-1,-1,-1,-1
35, 28695.jpg,10,526,578,73,144,-1,-1,-1,-1
35, 28695.jpg,15,1361,591,60,145,-1,-1,-1,-1
35, 28695.jpg,19,1063,527,41,92,-1,-1,-1,-1
35, 28695.jpg,22,1207,542,57,130,-1,-1,-1,-1
36, 28696.jpg,1,1399,750,76,167,-1,-1,-1,-1
36, 28696.jpg,2,1122,537,57,115,-1,-1,-1,-1
36, 28696.jpg,3,1031,585,90,138,-1,-1,-1,-1
36, 28696.jpg,5,698,654,112,148,-1,-1,-1,-1
36, 28696.jpg,7,1390,604,69,137,-1,-1,-1,-1
36, 28696.jpg,8,773,506,80,121,-1,-1,-1,-1
36, 28696.jpg,9,1580,613,52,131,-1,-1,-1,-1
36, 28696.jpg,10,529,574,73,144,-1,-1,-1,-1
36, 28696.jpg,15,1364,591,60,145,-1,-1,-1,-1
36, 28696.jpg,19,1057,531,43,93,-1,-1,-1,-1
36, 28696.jpg,22,1205,541,60,136,-1,-1,-1,-1
37, 28697.jpg,1,1399,750,74,162,-1,-1,-1,-1
37, 28697.jpg,2,1120,536,58,116,-1,-1,-1,-1
37, 28697.jpg,3,1031,582,89,138,-1,-1,-1,-1
37, 28697.jpg,5,689,650,112,153,-1,-1,-1,-1
37, 28697.jpg,7,1386,604,73,139,-1,-1,-1,-1
37, 28697.jpg,8,770,503,82,123,-1,-1,-1,-1
37, 28697.jpg,9,1580,612,52,133,-1,-1,-1,-1
37, 28697.jpg,10,532,570,74,143,-1,-1,-1,-1
37, 28697.jpg,19,1056,533,43,94,-1,-1,-1,-1
37, 28697.jpg,22,1213,546,66,149,-1,-1,-1,-1
38, 28698.jpg,1,1397,747,78,171,-1,-1,-1,-1
38, 28698.jpg,2,1115,526,60,124,-1,-1,-1,-1
38, 28698.jpg,3,1031,584,82,130,-1,-1,-1,-1
38, 28698.jpg,5,683,646,110,156,-1,-1,-1,-1
38, 28698.jpg,7,1379,603,75,138,-1,-1,-1,-1
38, 28698.jpg,8,767,500,85,127,-1,-1,-1,-1
38, 28698.jpg,9,1580,610,53,136,-1,-1,-1,-1
38, 28698.jpg,10,532,569,74,139,-1,-1,-1,-1
38, 28698.jpg,19,1050,535,45,97,-1,-1,-1,-1
38, 28698.jpg,22,1210,548,66,149,-1,-1,-1,-1
39, 28699.jpg,1,1395,745,75,163,-1,-1,-1,-1
39, 28699.jpg,2,1111,526,59,119,-1,-1,-1,-1
39, 28699.jpg,3,1029,583,77,124,-1,-1,-1,-1
39, 28699.jpg,5,674,644,109,158,-1,-1,-1,-1
39, 28699.jpg,7,1377,603,79,139,-1,-1,-1,-1
39, 28699.jpg,8,763,499,84,126,-1,-1,-1,-1
39, 28699.jpg,9,1580,607,55,139,-1,-1,-1,-1
39, 28699.jpg,10,531,570,76,136,-1,-1,-1,-1
39, 28699.jpg,19,1048,533,47,101,-1,-1,-1,-1
39, 28699.jpg,22,1209,549,65,150,-1,-1,-1,-1
40, 28700.jpg,1,1387,740,81,175,-1,-1,-1,-1
40, 28700.jpg,2,1105,523,59,119,-1,-1,-1,-1
40, 28700.jpg,3,1031,581,77,124,-1,-1,-1,-1
40, 28700.jpg,5,665,641,109,162,-1,-1,-1,-1
40, 28700.jpg,7,1395,602,80,145,-1,-1,-1,-1
40, 28700.jpg,8,757,499,85,125,-1,-1,-1,-1
40, 28700.jpg,9,1578,604,56,143,-1,-1,-1,-1
40, 28700.jpg,10,530,569,78,136,-1,-1,-1,-1
40, 28700.jpg,15,1344,587,61,143,-1,-1,-1,-1
40, 28700.jpg,19,1039,546,49,105,-1,-1,-1,-1
40, 28700.jpg,22,1208,550,65,150,-1,-1,-1,-1
