2, 48702.jpg,1,391,341,46,100,-1,-1,-1,-1
2, 48702.jpg,2,642,318,42,101,-1,-1,-1,-1
2, 48702.jpg,4,474,294,41,91,-1,-1,-1,-1
2, 48702.jpg,6,541,440,43,130,-1,-1,-1,-1
2, 48702.jpg,8,892,323,32,99,-1,-1,-1,-1
2, 48702.jpg,9,790,279,32,95,-1,-1,-1,-1
2, 48702.jpg,11,860,379,37,102,-1,-1,-1,-1
3, 48703.jpg,1,394,330,50,109,-1,-1,-1,-1
3, 48703.jpg,2,641,321,42,99,-1,-1,-1,-1
3, 48703.jpg,4,477,301,40,88,-1,-1,-1,-1
3, 48703.jpg,6,545,449,41,124,-1,-1,-1,-1
3, 48703.jpg,8,891,322,33,100,-1,-1,-1,-1
3, 48703.jpg,9,791,279,32,96,-1,-1,-1,-1
3, 48703.jpg,11,861,380,37,102,-1,-1,-1,-1
4, 48704.jpg,1,391,328,51,109,-1,-1,-1,-1
4, 48704.jpg,2,647,320,43,100,-1,-1,-1,-1
4, 48704.jpg,4,472,316,46,102,-1,-1,-1,-1
4, 48704.jpg,6,547,453,41,122,-1,-1,-1,-1
4, 48704.jpg,8,892,321,34,103,-1,-1,-1,-1
4, 48704.jpg,9,792,279,32,96,-1,-1,-1,-1
4, 48704.jpg,11,863,381,36,101,-1,-1,-1,-1
5, 48705.jpg,1,399,330,52,110,-1,-1,-1,-1
5, 48705.jpg,2,655,314,41,98,-1,-1,-1,-1
5, 48705.jpg,4,469,324,47,104,-1,-1,-1,-1
5, 48705.jpg,6,548,452,41,122,-1,-1,-1,-1
5, 48705.jpg,8,891,321,34,103,-1,-1,-1,-1
5, 48705.jpg,9,792,279,32,97,-1,-1,-1,-1
5, 48705.jpg,11,865,384,35,97,-1,-1,-1,-1
5, 48705.jpg,16,619,331,54,103,-1,-1,-1,-1
6, 48706.jpg,1,410,334,51,108,-1,-1,-1,-1
6, 48706.jpg,2,658,316,43,99,-1,-1,-1,-1
6, 48706.jpg,4,467,311,52,116,-1,-1,-1,-1
6, 48706.jpg,6,548,448,42,125,-1,-1,-1,-1
6, 48706.jpg,8,891,321,34,103,-1,-1,-1,-1
6, 48706.jpg,9,793,279,32,98,-1,-1,-1,-1
6, 48706.jpg,11,866,386,35,96,-1,-1,-1,-1
6, 48706.jpg,16,621,333,54,102,-1,-1,-1,-1
6, 48706.jpg,17,472,282,34,77,-1,-1,-1,-1
7, 48707.jpg,1,411,331,51,109,-1,-1,-1,-1
7, 48707.jpg,2,665,313,43,100,-1,-1,-1,-1
7, 48707.jpg,4,460,324,50,109,-1,-1,-1,-1
7, 48707.jpg,6,546,443,43,129,-1,-1,-1,-1
7, 48707.jpg,8,891,322,34,102,-1,-1,-1,-1
7, 48707.jpg,9,793,279,33,98,-1,-1,-1,-1
7, 48707.jpg,11,865,384,37,99,-1,-1,-1,-1
7, 48707.jpg,16,626,330,55,106,-1,-1,-1,-1
7, 48707.jpg,17,471,282,35,78,-1,-1,-1,-1
8, 48708.jpg,1,406,327,52,110,-1,-1,-1,-1
8, 48708.jpg,2,659,318,47,106,-1,-1,-1,-1
8, 48708.jpg,4,466,330,46,99,-1,-1,-1,-1
8, 48708.jpg,6,545,439,44,130,-1,-1,-1,-1
8, 48708.jpg,8,891,323,33,101,-1,-1,-1,-1
8, 48708.jpg,9,794,279,33,98,-1,-1,-1,-1
8, 48708.jpg,11,865,385,38,99,-1,-1,-1,-1
8, 48708.jpg,16,628,330,56,106,-1,-1,-1,-1
8, 48708.jpg,17,471,282,36,82,-1,-1,-1,-1
9, 48709.jpg,1,406,322,55,114,-1,-1,-1,-1
9, 48709.jpg,2,665,316,47,104,-1,-1,-1,-1
9, 48709.jpg,4,467,332,44,95,-1,-1,-1,-1
9, 48709.jpg,6,545,435,44,132,-1,-1,-1,-1
9, 48709.jpg,8,890,323,33,101,-1,-1,-1,-1
9, 48709.jpg,9,795,279,32,98,-1,-1,-1,-1
9, 48709.jpg,11,866,386,38,98,-1,-1,-1,-1
9, 48709.jpg,16,636,328,56,107,-1,-1,-1,-1
9, 48709.jpg,17,470,285,35,80,-1,-1,-1,-1
10, 48710.jpg,1,419,329,49,105,-1,-1,-1,-1
10, 48710.jpg,2,663,319,48,104,-1,-1,-1,-1
10, 48710.jpg,4,466,337,45,97,-1,-1,-1,-1
10, 48710.jpg,6,544,433,45,133,-1,-1,-1,-1
10, 48710.jpg,8,889,323,34,100,-1,-1,-1,-1
10, 48710.jpg,9,796,279,32,98,-1,-1,-1,-1
10, 48710.jpg,11,866,386,39,98,-1,-1,-1,-1
10, 48710.jpg,16,640,328,55,107,-1,-1,-1,-1
10, 48710.jpg,17,468,292,37,85,-1,-1,-1,-1
11, 48711.jpg,1,434,333,47,101,-1,-1,-1,-1
11, 48711.jpg,2,653,329,48,103,-1,-1,-1,-1
11, 48711.jpg,4,458,335,43,96,-1,-1,-1,-1
11, 48711.jpg,6,543,433,45,132,-1,-1,-1,-1
11, 48711.jpg,8,889,323,35,102,-1,-1,-1,-1
11, 48711.jpg,9,797,280,31,97,-1,-1,-1,-1
11, 48711.jpg,11,867,387,39,97,-1,-1,-1,-1
11, 48711.jpg,17,460,303,44,103,-1,-1,-1,-1
12, 48712.jpg,1,426,324,51,106,-1,-1,-1,-1
12, 48712.jpg,2,654,330,48,104,-1,-1,-1,-1
12, 48712.jpg,4,454,338,41,95,-1,-1,-1,-1
12, 48712.jpg,6,543,433,45,133,-1,-1,-1,-1
12, 48712.jpg,8,889,323,36,103,-1,-1,-1,-1
12, 48712.jpg,9,799,281,30,95,-1,-1,-1,-1
12, 48712.jpg,11,866,388,40,96,-1,-1,-1,-1
12, 48712.jpg,16,668,320,56,104,-1,-1,-1,-1
12, 48712.jpg,17,465,295,41,93,-1,-1,-1,-1
13, 48713.jpg,1,433,322,51,102,-1,-1,-1,-1
13, 48713.jpg,4,452,343,41,95,-1,-1,-1,-1
13, 48713.jpg,6,542,435,45,133,-1,-1,-1,-1
13, 48713.jpg,8,888,323,36,102,-1,-1,-1,-1
13, 48713.jpg,9,799,282,30,93,-1,-1,-1,-1
13, 48713.jpg,11,867,389,40,95,-1,-1,-1,-1
13, 48713.jpg,16,674,320,56,101,-1,-1,-1,-1
13, 48713.jpg,17,469,293,38,88,-1,-1,-1,-1
14, 48714.jpg,1,426,322,52,105,-1,-1,-1,-1
14, 48714.jpg,2,651,329,52,109,-1,-1,-1,-1
14, 48714.jpg,4,452,336,42,99,-1,-1,-1,-1
14, 48714.jpg,6,541,438,45,129,-1,-1,-1,-1
14, 48714.jpg,8,886,322,38,103,-1,-1,-1,-1
14, 48714.jpg,9,800,283,30,92,-1,-1,-1,-1
14, 48714.jpg,11,867,390,41,94,-1,-1,-1,-1
14, 48714.jpg,16,678,318,56,101,-1,-1,-1,-1
14, 48714.jpg,17,457,307,44,101,-1,-1,-1,-1
14, 48714.jpg,25,403,340,30,89,-1,-1,-1,-1
15, 48715.jpg,1,422,318,48,98,-1,-1,-1,-1
15, 48715.jpg,2,653,331,53,106,-1,-1,-1,-1
15, 48715.jpg,4,450,339,43,101,-1,-1,-1,-1
15, 48715.jpg,6,539,440,46,128,-1,-1,-1,-1
15, 48715.jpg,8,884,322,39,104,-1,-1,-1,-1
15, 48715.jpg,9,801,283,29,92,-1,-1,-1,-1
15, 48715.jpg,11,869,392,41,92,-1,-1,-1,-1
15, 48715.jpg,16,692,310,54,97,-1,-1,-1,-1
15, 48715.jpg,17,446,319,45,105,-1,-1,-1,-1
15, 48715.jpg,25,403,340,31,90,-1,-1,-1,-1
16, 48716.jpg,1,420,311,47,99,-1,-1,-1,-1
16, 48716.jpg,2,657,326,57,112,-1,-1,-1,-1
16, 48716.jpg,6,538,444,45,124,-1,-1,-1,-1
16, 48716.jpg,8,884,322,39,103,-1,-1,-1,-1
16, 48716.jpg,9,802,284,28,90,-1,-1,-1,-1
16, 48716.jpg,11,870,393,42,91,-1,-1,-1,-1
16, 48716.jpg,16,693,307,57,102,-1,-1,-1,-1
16, 48716.jpg,17,431,321,48,108,-1,-1,-1,-1
17, 48717.jpg,1,420,310,47,100,-1,-1,-1,-1
17, 48717.jpg,2,659,326,57,114,-1,-1,-1,-1
17, 48717.jpg,6,537,447,45,119,-1,-1,-1,-1
17, 48717.jpg,8,884,325,36,95,-1,-1,-1,-1
17, 48717.jpg,9,802,285,28,88,-1,-1,-1,-1
17, 48717.jpg,11,870,392,42,92,-1,-1,-1,-1
17, 48717.jpg,16,689,311,60,105,-1,-1,-1,-1
17, 48717.jpg,17,425,316,50,113,-1,-1,-1,-1
17, 48717.jpg,25,402,331,33,96,-1,-1,-1,-1
17, 48717.jpg,27,464,295,44,86,-1,-1,-1,-1
18, 48718.jpg,1,421,308,47,99,-1,-1,-1,-1
18, 48718.jpg,6,534,447,46,116,-1,-1,-1,-1
18, 48718.jpg,8,882,327,35,91,-1,-1,-1,-1
18, 48718.jpg,9,801,284,29,91,-1,-1,-1,-1
18, 48718.jpg,11,869,390,44,95,-1,-1,-1,-1
18, 48718.jpg,16,690,314,61,104,-1,-1,-1,-1
18, 48718.jpg,17,424,313,53,114,-1,-1,-1,-1
18, 48718.jpg,25,402,328,34,98,-1,-1,-1,-1
18, 48718.jpg,27,459,293,46,93,-1,-1,-1,-1
19, 48719.jpg,1,420,314,45,99,-1,-1,-1,-1
19, 48719.jpg,2,673,335,51,101,-1,-1,-1,-1
19, 48719.jpg,6,533,446,47,116,-1,-1,-1,-1
19, 48719.jpg,8,880,346,31,85,-1,-1,-1,-1
19, 48719.jpg,9,801,284,29,92,-1,-1,-1,-1
19, 48719.jpg,11,869,390,44,95,-1,-1,-1,-1
19, 48719.jpg,16,692,316,61,104,-1,-1,-1,-1
19, 48719.jpg,17,419,316,54,113,-1,-1,-1,-1
19, 48719.jpg,25,402,326,35,100,-1,-1,-1,-1
19, 48719.jpg,27,452,292,40,82,-1,-1,-1,-1
20, 48720.jpg,1,405,319,47,103,-1,-1,-1,-1
20, 48720.jpg,2,687,321,45,90,-1,-1,-1,-1
20, 48720.jpg,6,531,444,49,116,-1,-1,-1,-1
20, 48720.jpg,8,882,333,29,79,-1,-1,-1,-1
20, 48720.jpg,9,801,285,29,92,-1,-1,-1,-1
20, 48720.jpg,11,868,387,45,99,-1,-1,-1,-1
20, 48720.jpg,16,707,314,53,94,-1,-1,-1,-1
20, 48720.jpg,17,428,309,57,120,-1,-1,-1,-1
20, 48720.jpg,27,449,291,39,81,-1,-1,-1,-1
21, 48721.jpg,1,414,315,46,104,-1,-1,-1,-1
21, 48721.jpg,2,688,329,47,99,-1,-1,-1,-1
21, 48721.jpg,6,528,443,50,114,-1,-1,-1,-1
21, 48721.jpg,8,882,331,29,79,-1,-1,-1,-1
21, 48721.jpg,9,801,286,30,92,-1,-1,-1,-1
21, 48721.jpg,11,869,386,44,99,-1,-1,-1,-1
21, 48721.jpg,16,712,315,51,91,-1,-1,-1,-1
21, 48721.jpg,17,436,307,57,124,-1,-1,-1,-1
21, 48721.jpg,27,440,292,44,93,-1,-1,-1,-1
22, 48722.jpg,1,414,315,46,104,-1,-1,-1,-1
22, 48722.jpg,2,691,330,47,99,-1,-1,-1,-1
22, 48722.jpg,6,526,443,51,113,-1,-1,-1,-1
22, 48722.jpg,8,880,330,27,73,-1,-1,-1,-1
22, 48722.jpg,9,801,287,30,91,-1,-1,-1,-1
22, 48722.jpg,11,869,384,44,100,-1,-1,-1,-1
22, 48722.jpg,16,709,316,55,99,-1,-1,-1,-1
22, 48722.jpg,17,423,310,57,119,-1,-1,-1,-1
22, 48722.jpg,27,442,289,41,86,-1,-1,-1,-1
23, 48723.jpg,1,405,322,46,103,-1,-1,-1,-1
23, 48723.jpg,2,690,338,47,99,-1,-1,-1,-1
23, 48723.jpg,4,425,304,45,109,-1,-1,-1,-1
23, 48723.jpg,6,525,441,52,113,-1,-1,-1,-1
23, 48723.jpg,8,880,330,28,75,-1,-1,-1,-1
23, 48723.jpg,9,802,287,29,92,-1,-1,-1,-1
23, 48723.jpg,11,870,384,42,99,-1,-1,-1,-1
23, 48723.jpg,16,713,316,50,92,-1,-1,-1,-1
23, 48723.jpg,17,431,308,58,123,-1,-1,-1,-1
23, 48723.jpg,27,438,288,41,87,-1,-1,-1,-1
24, 48724.jpg,1,404,322,46,103,-1,-1,-1,-1
24, 48724.jpg,2,697,331,52,108,-1,-1,-1,-1
24, 48724.jpg,4,423,303,45,109,-1,-1,-1,-1
24, 48724.jpg,6,523,440,52,111,-1,-1,-1,-1
24, 48724.jpg,8,877,331,30,80,-1,-1,-1,-1
24, 48724.jpg,9,802,287,29,92,-1,-1,-1,-1
24, 48724.jpg,11,869,383,42,100,-1,-1,-1,-1
24, 48724.jpg,16,706,311,48,90,-1,-1,-1,-1
24, 48724.jpg,17,420,309,56,118,-1,-1,-1,-1
25, 48725.jpg,1,407,317,49,109,-1,-1,-1,-1
25, 48725.jpg,2,703,328,53,109,-1,-1,-1,-1
25, 48725.jpg,6,521,438,52,112,-1,-1,-1,-1
25, 48725.jpg,8,876,327,30,78,-1,-1,-1,-1
25, 48725.jpg,9,801,287,30,93,-1,-1,-1,-1
25, 48725.jpg,11,869,383,41,100,-1,-1,-1,-1
25, 48725.jpg,16,704,311,45,87,-1,-1,-1,-1
25, 48725.jpg,17,430,306,57,121,-1,-1,-1,-1
26, 48726.jpg,1,406,316,49,111,-1,-1,-1,-1
26, 48726.jpg,2,705,335,52,103,-1,-1,-1,-1
26, 48726.jpg,6,517,433,52,114,-1,-1,-1,-1
26, 48726.jpg,8,872,331,33,87,-1,-1,-1,-1
26, 48726.jpg,9,800,288,30,93,-1,-1,-1,-1
26, 48726.jpg,11,868,382,41,100,-1,-1,-1,-1
26, 48726.jpg,16,705,318,43,87,-1,-1,-1,-1
26, 48726.jpg,17,434,307,55,119,-1,-1,-1,-1
27, 48727.jpg,2,706,332,55,107,-1,-1,-1,-1
27, 48727.jpg,6,514,427,54,119,-1,-1,-1,-1
27, 48727.jpg,8,868,334,34,87,-1,-1,-1,-1
27, 48727.jpg,9,801,288,30,92,-1,-1,-1,-1
27, 48727.jpg,11,867,380,42,103,-1,-1,-1,-1
27, 48727.jpg,16,712,313,43,87,-1,-1,-1,-1
27, 48727.jpg,17,425,312,52,111,-1,-1,-1,-1
27, 48727.jpg,28,736,315,35,81,-1,-1,-1,-1
28, 48728.jpg,1,405,319,48,109,-1,-1,-1,-1
28, 48728.jpg,2,704,341,52,98,-1,-1,-1,-1
28, 48728.jpg,6,511,423,54,121,-1,-1,-1,-1
28, 48728.jpg,8,865,337,34,88,-1,-1,-1,-1
28, 48728.jpg,9,800,288,29,93,-1,-1,-1,-1
28, 48728.jpg,11,867,381,41,101,-1,-1,-1,-1
28, 48728.jpg,16,715,313,42,85,-1,-1,-1,-1
28, 48728.jpg,17,438,313,50,108,-1,-1,-1,-1
28, 48728.jpg,28,737,318,38,89,-1,-1,-1,-1
29, 48729.jpg,1,404,318,48,110,-1,-1,-1,-1
29, 48729.jpg,2,706,342,52,98,-1,-1,-1,-1
29, 48729.jpg,6,509,421,55,122,-1,-1,-1,-1
29, 48729.jpg,8,864,338,34,87,-1,-1,-1,-1
29, 48729.jpg,9,800,289,29,92,-1,-1,-1,-1
29, 48729.jpg,11,867,381,41,100,-1,-1,-1,-1
29, 48729.jpg,17,438,314,50,108,-1,-1,-1,-1
29, 48729.jpg,28,738,319,39,91,-1,-1,-1,-1
34, 48734.jpg,31,305,330,55,70,-1,-1,-1,-1
35, 48735.jpg,31,304,331,55,70,-1,-1,-1,-1
