2, 47877.jpg,1,437,591,86,167,-1,-1,-1,-1
2, 47877.jpg,2,1431,600,50,160,-1,-1,-1,-1
2, 47877.jpg,3,1053,532,45,147,-1,-1,-1,-1
2, 47877.jpg,5,1219,544,57,166,-1,-1,-1,-1
2, 47877.jpg,6,808,644,84,169,-1,-1,-1,-1
2, 47877.jpg,7,1393,590,61,95,-1,-1,-1,-1
2, 47877.jpg,8,1314,495,66,143,-1,-1,-1,-1
2, 47877.jpg,9,719,552,99,145,-1,-1,-1,-1
2, 47877.jpg,10,1530,715,76,169,-1,-1,-1,-1
3, 47878.jpg,1,436,585,86,165,-1,-1,-1,-1
3, 47878.jpg,2,1443,601,49,159,-1,-1,-1,-1
3, 47878.jpg,3,1064,533,46,147,-1,-1,-1,-1
3, 47878.jpg,5,1228,544,57,167,-1,-1,-1,-1
3, 47878.jpg,6,812,644,84,168,-1,-1,-1,-1
3, 47878.jpg,7,1402,590,58,90,-1,-1,-1,-1
3, 47878.jpg,8,1324,498,65,143,-1,-1,-1,-1
3, 47878.jpg,9,725,543,90,132,-1,-1,-1,-1
3, 47878.jpg,10,1546,717,76,168,-1,-1,-1,-1
4, 47879.jpg,1,451,578,85,165,-1,-1,-1,-1
4, 47879.jpg,2,1438,604,44,138,-1,-1,-1,-1
4, 47879.jpg,3,1076,534,47,146,-1,-1,-1,-1
4, 47879.jpg,5,1235,546,57,166,-1,-1,-1,-1
4, 47879.jpg,6,817,644,84,169,-1,-1,-1,-1
4, 47879.jpg,7,1406,591,56,87,-1,-1,-1,-1
4, 47879.jpg,8,1330,497,65,144,-1,-1,-1,-1
4, 47879.jpg,9,727,557,102,151,-1,-1,-1,-1
4, 47879.jpg,10,1555,716,77,171,-1,-1,-1,-1
4, 47879.jpg,11,503,617,73,175,-1,-1,-1,-1
5, 47880.jpg,1,452,569,84,164,-1,-1,-1,-1
5, 47880.jpg,2,1450,608,46,143,-1,-1,-1,-1
5, 47880.jpg,3,1084,534,48,146,-1,-1,-1,-1
5, 47880.jpg,5,1241,547,57,166,-1,-1,-1,-1
5, 47880.jpg,6,820,641,86,172,-1,-1,-1,-1
5, 47880.jpg,7,1419,592,58,89,-1,-1,-1,-1
5, 47880.jpg,8,1338,499,65,143,-1,-1,-1,-1
5, 47880.jpg,9,730,563,104,155,-1,-1,-1,-1
5, 47880.jpg,10,1566,720,78,171,-1,-1,-1,-1
5, 47880.jpg,11,499,604,73,171,-1,-1,-1,-1
6, 47881.jpg,2,1465,605,50,155,-1,-1,-1,-1
6, 47881.jpg,3,1091,534,50,146,-1,-1,-1,-1
6, 47881.jpg,5,1249,545,58,168,-1,-1,-1,-1
6, 47881.jpg,6,822,639,89,176,-1,-1,-1,-1
6, 47881.jpg,7,1426,593,57,89,-1,-1,-1,-1
6, 47881.jpg,8,1345,500,64,142,-1,-1,-1,-1
6, 47881.jpg,9,739,545,96,145,-1,-1,-1,-1
6, 47881.jpg,10,1573,722,79,173,-1,-1,-1,-1
6, 47881.jpg,11,510,603,73,171,-1,-1,-1,-1
7, 47882.jpg,1,476,571,90,176,-1,-1,-1,-1
7, 47882.jpg,2,1470,606,50,154,-1,-1,-1,-1
7, 47882.jpg,3,1097,534,52,145,-1,-1,-1,-1
7, 47882.jpg,5,1255,546,58,167,-1,-1,-1,-1
7, 47882.jpg,6,826,639,88,175,-1,-1,-1,-1
7, 47882.jpg,7,1432,596,55,85,-1,-1,-1,-1
7, 47882.jpg,8,1352,496,65,148,-1,-1,-1,-1
7, 47882.jpg,9,734,552,103,160,-1,-1,-1,-1
7, 47882.jpg,10,1579,722,80,174,-1,-1,-1,-1
7, 47882.jpg,11,535,617,75,174,-1,-1,-1,-1
8, 47883.jpg,1,481,566,90,177,-1,-1,-1,-1
8, 47883.jpg,2,1472,606,50,153,-1,-1,-1,-1
8, 47883.jpg,3,1103,533,54,147,-1,-1,-1,-1
8, 47883.jpg,5,1258,546,58,166,-1,-1,-1,-1
8, 47883.jpg,6,827,637,88,176,-1,-1,-1,-1
8, 47883.jpg,7,1437,597,55,87,-1,-1,-1,-1
8, 47883.jpg,8,1357,497,66,151,-1,-1,-1,-1
8, 47883.jpg,9,746,545,99,157,-1,-1,-1,-1
8, 47883.jpg,10,1586,722,82,180,-1,-1,-1,-1
8, 47883.jpg,11,528,606,78,177,-1,-1,-1,-1
9, 47884.jpg,2,1479,607,49,153,-1,-1,-1,-1
9, 47884.jpg,3,1107,533,56,147,-1,-1,-1,-1
9, 47884.jpg,5,1261,546,58,164,-1,-1,-1,-1
9, 47884.jpg,6,827,636,87,176,-1,-1,-1,-1
9, 47884.jpg,7,1443,606,69,110,-1,-1,-1,-1
9, 47884.jpg,8,1362,497,65,151,-1,-1,-1,-1
9, 47884.jpg,9,754,541,88,142,-1,-1,-1,-1
9, 47884.jpg,10,1591,724,84,181,-1,-1,-1,-1
9, 47884.jpg,11,524,595,78,176,-1,-1,-1,-1
10, 47885.jpg,2,1481,607,50,155,-1,-1,-1,-1
10, 47885.jpg,3,1115,532,58,148,-1,-1,-1,-1
10, 47885.jpg,5,1263,546,58,163,-1,-1,-1,-1
10, 47885.jpg,6,828,634,85,175,-1,-1,-1,-1
10, 47885.jpg,7,1448,602,58,94,-1,-1,-1,-1
10, 47885.jpg,8,1365,497,65,153,-1,-1,-1,-1
10, 47885.jpg,9,742,549,94,153,-1,-1,-1,-1
10, 47885.jpg,10,1596,727,84,182,-1,-1,-1,-1
10, 47885.jpg,11,529,596,77,170,-1,-1,-1,-1
11, 47886.jpg,2,1487,608,49,151,-1,-1,-1,-1
11, 47886.jpg,3,1123,530,57,147,-1,-1,-1,-1
11, 47886.jpg,5,1266,545,58,161,-1,-1,-1,-1
11, 47886.jpg,6,827,631,85,177,-1,-1,-1,-1
11, 47886.jpg,7,1452,598,54,88,-1,-1,-1,-1
11, 47886.jpg,8,1371,498,63,149,-1,-1,-1,-1
11, 47886.jpg,9,742,552,94,153,-1,-1,-1,-1
11, 47886.jpg,10,1601,729,83,180,-1,-1,-1,-1
11, 47886.jpg,11,535,597,77,167,-1,-1,-1,-1
12, 47887.jpg,1,508,568,88,175,-1,-1,-1,-1
12, 47887.jpg,2,1490,606,49,151,-1,-1,-1,-1
12, 47887.jpg,3,1131,528,57,146,-1,-1,-1,-1
12, 47887.jpg,5,1269,542,59,164,-1,-1,-1,-1
12, 47887.jpg,6,826,628,84,180,-1,-1,-1,-1
12, 47887.jpg,7,1456,596,53,85,-1,-1,-1,-1
12, 47887.jpg,8,1377,501,60,144,-1,-1,-1,-1
12, 47887.jpg,9,737,552,94,155,-1,-1,-1,-1
12, 47887.jpg,10,1605,730,84,180,-1,-1,-1,-1
12, 47887.jpg,11,558,610,78,168,-1,-1,-1,-1
13, 47888.jpg,1,513,565,88,175,-1,-1,-1,-1
13, 47888.jpg,2,1494,604,48,149,-1,-1,-1,-1
13, 47888.jpg,3,1138,525,57,148,-1,-1,-1,-1
13, 47888.jpg,5,1272,540,59,164,-1,-1,-1,-1
13, 47888.jpg,6,826,627,82,179,-1,-1,-1,-1
13, 47888.jpg,7,1463,597,60,98,-1,-1,-1,-1
13, 47888.jpg,8,1378,501,60,145,-1,-1,-1,-1
13, 47888.jpg,9,732,550,96,161,-1,-1,-1,-1
13, 47888.jpg,10,1608,729,86,184,-1,-1,-1,-1
13, 47888.jpg,11,553,605,78,165,-1,-1,-1,-1
13, 47888.jpg,14,6,880,55,199,-1,-1,-1,-1
14, 47889.jpg,2,1499,605,48,147,-1,-1,-1,-1
14, 47889.jpg,3,1147,525,56,148,-1,-1,-1,-1
14, 47889.jpg,5,1275,537,61,168,-1,-1,-1,-1
14, 47889.jpg,6,825,626,81,179,-1,-1,-1,-1
14, 47889.jpg,7,1469,600,63,103,-1,-1,-1,-1
14, 47889.jpg,8,1380,501,61,148,-1,-1,-1,-1
14, 47889.jpg,9,729,549,99,166,-1,-1,-1,-1
14, 47889.jpg,10,1614,730,85,182,-1,-1,-1,-1
14, 47889.jpg,11,549,593,78,163,-1,-1,-1,-1
15, 47890.jpg,3,1153,525,54,146,-1,-1,-1,-1
15, 47890.jpg,5,1277,534,61,169,-1,-1,-1,-1
15, 47890.jpg,6,826,625,78,177,-1,-1,-1,-1
15, 47890.jpg,7,1469,599,69,113,-1,-1,-1,-1
15, 47890.jpg,8,1384,503,59,145,-1,-1,-1,-1
15, 47890.jpg,9,724,546,101,172,-1,-1,-1,-1
15, 47890.jpg,10,1620,731,84,181,-1,-1,-1,-1
15, 47890.jpg,11,547,587,80,165,-1,-1,-1,-1
16, 47891.jpg,2,1497,604,47,142,-1,-1,-1,-1
16, 47891.jpg,3,1158,525,54,144,-1,-1,-1,-1
16, 47891.jpg,5,1279,533,61,168,-1,-1,-1,-1
16, 47891.jpg,6,825,623,76,176,-1,-1,-1,-1
16, 47891.jpg,7,1471,595,58,94,-1,-1,-1,-1
16, 47891.jpg,8,1385,503,58,147,-1,-1,-1,-1
16, 47891.jpg,9,728,539,85,144,-1,-1,-1,-1
16, 47891.jpg,10,1625,730,82,180,-1,-1,-1,-1
16, 47891.jpg,11,552,586,79,163,-1,-1,-1,-1
17, 47892.jpg,2,1497,604,47,141,-1,-1,-1,-1
17, 47892.jpg,3,1164,525,55,144,-1,-1,-1,-1
17, 47892.jpg,5,1280,532,60,167,-1,-1,-1,-1
17, 47892.jpg,6,824,622,75,175,-1,-1,-1,-1
17, 47892.jpg,7,1472,593,50,84,-1,-1,-1,-1
17, 47892.jpg,8,1386,504,58,146,-1,-1,-1,-1
17, 47892.jpg,9,719,552,88,150,-1,-1,-1,-1
17, 47892.jpg,10,1628,727,81,182,-1,-1,-1,-1
17, 47892.jpg,11,562,588,78,161,-1,-1,-1,-1
17, 47892.jpg,17,1408,393,72,81,-1,-1,-1,-1
18, 47893.jpg,2,1498,605,48,142,-1,-1,-1,-1
18, 47893.jpg,3,1168,525,56,144,-1,-1,-1,-1
18, 47893.jpg,5,1280,532,60,166,-1,-1,-1,-1
18, 47893.jpg,6,823,621,73,174,-1,-1,-1,-1
18, 47893.jpg,7,1472,592,48,80,-1,-1,-1,-1
18, 47893.jpg,8,1384,504,59,150,-1,-1,-1,-1
18, 47893.jpg,9,718,542,81,142,-1,-1,-1,-1
18, 47893.jpg,10,1631,726,79,182,-1,-1,-1,-1
18, 47893.jpg,11,565,586,77,159,-1,-1,-1,-1
18, 47893.jpg,17,1410,394,71,80,-1,-1,-1,-1
19, 47894.jpg,2,1498,605,49,143,-1,-1,-1,-1
19, 47894.jpg,3,1172,526,58,146,-1,-1,-1,-1
19, 47894.jpg,5,1281,533,59,164,-1,-1,-1,-1
19, 47894.jpg,6,821,621,73,173,-1,-1,-1,-1
19, 47894.jpg,7,1472,593,49,78,-1,-1,-1,-1
19, 47894.jpg,8,1382,506,59,150,-1,-1,-1,-1
19, 47894.jpg,9,712,549,91,160,-1,-1,-1,-1
19, 47894.jpg,10,1634,725,78,182,-1,-1,-1,-1
19, 47894.jpg,11,562,582,78,158,-1,-1,-1,-1
19, 47894.jpg,17,1411,393,70,78,-1,-1,-1,-1
20, 47895.jpg,1,540,566,79,162,-1,-1,-1,-1
20, 47895.jpg,2,1501,605,48,143,-1,-1,-1,-1
20, 47895.jpg,3,1173,527,61,147,-1,-1,-1,-1
20, 47895.jpg,5,1281,533,59,166,-1,-1,-1,-1
20, 47895.jpg,6,819,622,72,171,-1,-1,-1,-1
20, 47895.jpg,7,1476,597,60,98,-1,-1,-1,-1
20, 47895.jpg,8,1381,508,59,148,-1,-1,-1,-1
20, 47895.jpg,9,710,552,92,163,-1,-1,-1,-1
20, 47895.jpg,10,1636,726,76,181,-1,-1,-1,-1
20, 47895.jpg,11,584,597,78,159,-1,-1,-1,-1
20, 47895.jpg,17,1412,393,69,77,-1,-1,-1,-1
21, 47896.jpg,1,544,565,78,160,-1,-1,-1,-1
21, 47896.jpg,2,1498,605,48,144,-1,-1,-1,-1
21, 47896.jpg,3,1174,527,62,149,-1,-1,-1,-1
21, 47896.jpg,5,1280,533,59,166,-1,-1,-1,-1
21, 47896.jpg,6,816,622,72,171,-1,-1,-1,-1
21, 47896.jpg,7,1483,592,57,96,-1,-1,-1,-1
21, 47896.jpg,8,1381,508,60,150,-1,-1,-1,-1
21, 47896.jpg,9,707,555,95,163,-1,-1,-1,-1
21, 47896.jpg,10,1637,727,75,181,-1,-1,-1,-1
21, 47896.jpg,11,592,601,78,160,-1,-1,-1,-1
22, 47897.jpg,1,548,566,73,155,-1,-1,-1,-1
22, 47897.jpg,2,1497,604,48,142,-1,-1,-1,-1
22, 47897.jpg,3,1174,527,65,151,-1,-1,-1,-1
22, 47897.jpg,5,1279,533,59,167,-1,-1,-1,-1
22, 47897.jpg,6,812,620,73,173,-1,-1,-1,-1
22, 47897.jpg,7,1479,591,51,84,-1,-1,-1,-1
22, 47897.jpg,8,1378,509,62,154,-1,-1,-1,-1
22, 47897.jpg,9,702,552,96,168,-1,-1,-1,-1
22, 47897.jpg,10,1639,728,74,181,-1,-1,-1,-1
22, 47897.jpg,11,586,595,79,164,-1,-1,-1,-1
22, 47897.jpg,17,1412,392,69,77,-1,-1,-1,-1
23, 47898.jpg,1,551,566,72,156,-1,-1,-1,-1
23, 47898.jpg,2,1497,603,48,143,-1,-1,-1,-1
23, 47898.jpg,3,1175,526,66,153,-1,-1,-1,-1
23, 47898.jpg,5,1279,534,59,167,-1,-1,-1,-1
23, 47898.jpg,6,808,619,74,175,-1,-1,-1,-1
23, 47898.jpg,7,1475,590,50,79,-1,-1,-1,-1
23, 47898.jpg,8,1375,511,63,153,-1,-1,-1,-1
23, 47898.jpg,9,702,552,94,164,-1,-1,-1,-1
23, 47898.jpg,10,1640,729,72,180,-1,-1,-1,-1
23, 47898.jpg,11,582,589,81,168,-1,-1,-1,-1
23, 47898.jpg,17,1412,391,69,77,-1,-1,-1,-1
24, 47899.jpg,1,555,567,72,158,-1,-1,-1,-1
24, 47899.jpg,2,1497,602,49,145,-1,-1,-1,-1
24, 47899.jpg,3,1178,527,65,148,-1,-1,-1,-1
24, 47899.jpg,5,1276,535,59,165,-1,-1,-1,-1
24, 47899.jpg,6,804,617,74,175,-1,-1,-1,-1
24, 47899.jpg,7,1473,588,50,78,-1,-1,-1,-1
24, 47899.jpg,8,1372,513,64,153,-1,-1,-1,-1
24, 47899.jpg,9,696,553,92,162,-1,-1,-1,-1
24, 47899.jpg,10,1641,731,70,177,-1,-1,-1,-1
24, 47899.jpg,11,585,588,82,168,-1,-1,-1,-1
25, 47900.jpg,1,556,567,71,157,-1,-1,-1,-1
25, 47900.jpg,2,1496,602,49,145,-1,-1,-1,-1
25, 47900.jpg,3,1183,528,64,148,-1,-1,-1,-1
25, 47900.jpg,5,1276,535,59,166,-1,-1,-1,-1
25, 47900.jpg,6,800,616,73,172,-1,-1,-1,-1
25, 47900.jpg,7,1470,586,51,79,-1,-1,-1,-1
25, 47900.jpg,8,1371,515,64,151,-1,-1,-1,-1
25, 47900.jpg,9,694,553,92,165,-1,-1,-1,-1
25, 47900.jpg,10,1641,731,69,175,-1,-1,-1,-1
25, 47900.jpg,11,578,581,85,174,-1,-1,-1,-1
26, 47901.jpg,1,557,568,70,157,-1,-1,-1,-1
26, 47901.jpg,2,1496,602,48,144,-1,-1,-1,-1
26, 47901.jpg,3,1187,526,63,150,-1,-1,-1,-1
26, 47901.jpg,5,1276,535,59,165,-1,-1,-1,-1
26, 47901.jpg,6,796,614,73,172,-1,-1,-1,-1
26, 47901.jpg,7,1469,585,54,81,-1,-1,-1,-1
26, 47901.jpg,8,1369,518,66,149,-1,-1,-1,-1
26, 47901.jpg,9,689,556,90,164,-1,-1,-1,-1
26, 47901.jpg,10,1641,729,68,177,-1,-1,-1,-1
26, 47901.jpg,11,575,578,86,173,-1,-1,-1,-1
27, 47902.jpg,1,556,569,70,158,-1,-1,-1,-1
27, 47902.jpg,2,1497,602,48,144,-1,-1,-1,-1
27, 47902.jpg,3,1191,525,62,149,-1,-1,-1,-1
27, 47902.jpg,5,1276,534,59,167,-1,-1,-1,-1
27, 47902.jpg,6,792,614,72,170,-1,-1,-1,-1
27, 47902.jpg,7,1471,591,63,97,-1,-1,-1,-1
27, 47902.jpg,8,1367,519,67,150,-1,-1,-1,-1
27, 47902.jpg,9,683,557,89,162,-1,-1,-1,-1
27, 47902.jpg,10,1641,728,68,178,-1,-1,-1,-1
27, 47902.jpg,11,589,591,82,169,-1,-1,-1,-1
27, 47902.jpg,14,3,880,53,163,-1,-1,-1,-1
27, 47902.jpg,15,33,479,59,129,-1,-1,-1,-1
28, 47903.jpg,1,559,569,70,157,-1,-1,-1,-1
28, 47903.jpg,3,1195,525,60,150,-1,-1,-1,-1
28, 47903.jpg,5,1274,533,61,170,-1,-1,-1,-1
28, 47903.jpg,6,789,616,69,166,-1,-1,-1,-1
28, 47903.jpg,7,1472,595,67,103,-1,-1,-1,-1
28, 47903.jpg,8,1364,520,70,152,-1,-1,-1,-1
28, 47903.jpg,9,683,556,85,160,-1,-1,-1,-1
28, 47903.jpg,10,1643,728,66,179,-1,-1,-1,-1
28, 47903.jpg,11,577,581,83,169,-1,-1,-1,-1
28, 47903.jpg,15,33,478,60,130,-1,-1,-1,-1
28, 47903.jpg,20,536,333,46,112,-1,-1,-1,-1
29, 47904.jpg,1,559,571,68,154,-1,-1,-1,-1
29, 47904.jpg,2,1491,603,49,147,-1,-1,-1,-1
29, 47904.jpg,3,1199,526,57,145,-1,-1,-1,-1
29, 47904.jpg,5,1273,533,61,171,-1,-1,-1,-1
29, 47904.jpg,6,783,614,68,167,-1,-1,-1,-1
29, 47904.jpg,7,1471,588,60,93,-1,-1,-1,-1
29, 47904.jpg,8,1360,520,72,152,-1,-1,-1,-1
29, 47904.jpg,9,674,555,86,163,-1,-1,-1,-1
29, 47904.jpg,10,1644,728,65,179,-1,-1,-1,-1
29, 47904.jpg,11,575,580,87,173,-1,-1,-1,-1
29, 47904.jpg,15,29,476,61,130,-1,-1,-1,-1
29, 47904.jpg,20,535,332,46,113,-1,-1,-1,-1
30, 47905.jpg,1,561,571,68,153,-1,-1,-1,-1
30, 47905.jpg,2,1489,604,50,147,-1,-1,-1,-1
30, 47905.jpg,3,1200,525,57,146,-1,-1,-1,-1
30, 47905.jpg,5,1273,534,61,169,-1,-1,-1,-1
30, 47905.jpg,6,778,613,67,165,-1,-1,-1,-1
30, 47905.jpg,7,1471,584,57,89,-1,-1,-1,-1
30, 47905.jpg,8,1354,521,74,155,-1,-1,-1,-1
30, 47905.jpg,9,675,556,81,158,-1,-1,-1,-1
30, 47905.jpg,10,1644,731,64,175,-1,-1,-1,-1
30, 47905.jpg,11,572,578,84,166,-1,-1,-1,-1
30, 47905.jpg,15,27,476,61,130,-1,-1,-1,-1
31, 47906.jpg,2,1482,598,44,125,-1,-1,-1,-1
31, 47906.jpg,3,1200,524,57,147,-1,-1,-1,-1
31, 47906.jpg,5,1272,535,62,168,-1,-1,-1,-1
31, 47906.jpg,6,773,612,66,166,-1,-1,-1,-1
31, 47906.jpg,7,1464,584,54,84,-1,-1,-1,-1
31, 47906.jpg,8,1350,521,76,156,-1,-1,-1,-1
31, 47906.jpg,9,673,562,75,149,-1,-1,-1,-1
31, 47906.jpg,10,1643,731,62,175,-1,-1,-1,-1
31, 47906.jpg,11,569,578,87,169,-1,-1,-1,-1
31, 47906.jpg,17,1397,391,70,78,-1,-1,-1,-1
32, 47907.jpg,2,1481,597,43,123,-1,-1,-1,-1
32, 47907.jpg,3,1201,523,57,147,-1,-1,-1,-1
32, 47907.jpg,5,1268,535,61,166,-1,-1,-1,-1
32, 47907.jpg,6,769,612,65,165,-1,-1,-1,-1
32, 47907.jpg,7,1468,588,59,93,-1,-1,-1,-1
32, 47907.jpg,8,1347,521,76,156,-1,-1,-1,-1
32, 47907.jpg,9,666,562,74,150,-1,-1,-1,-1
32, 47907.jpg,10,1639,730,62,174,-1,-1,-1,-1
32, 47907.jpg,11,560,575,80,155,-1,-1,-1,-1
32, 47907.jpg,17,1396,391,70,79,-1,-1,-1,-1
33, 47908.jpg,2,1480,603,48,139,-1,-1,-1,-1
33, 47908.jpg,3,1201,525,55,145,-1,-1,-1,-1
33, 47908.jpg,5,1263,534,62,166,-1,-1,-1,-1
33, 47908.jpg,6,764,611,65,165,-1,-1,-1,-1
33, 47908.jpg,7,1462,584,57,91,-1,-1,-1,-1
33, 47908.jpg,8,1319,524,82,160,-1,-1,-1,-1
33, 47908.jpg,9,643,566,80,157,-1,-1,-1,-1
33, 47908.jpg,10,1635,729,61,174,-1,-1,-1,-1
33, 47908.jpg,11,567,577,86,166,-1,-1,-1,-1
33, 47908.jpg,17,1394,392,70,80,-1,-1,-1,-1
33, 47908.jpg,20,520,333,46,113,-1,-1,-1,-1
34, 47909.jpg,2,1477,610,47,136,-1,-1,-1,-1
34, 47909.jpg,3,1203,525,56,144,-1,-1,-1,-1
34, 47909.jpg,5,1245,534,61,157,-1,-1,-1,-1
34, 47909.jpg,6,758,610,64,164,-1,-1,-1,-1
34, 47909.jpg,7,1463,582,54,87,-1,-1,-1,-1
34, 47909.jpg,8,1325,523,84,162,-1,-1,-1,-1
34, 47909.jpg,9,629,571,80,157,-1,-1,-1,-1
34, 47909.jpg,10,1630,728,63,176,-1,-1,-1,-1
34, 47909.jpg,11,569,579,88,166,-1,-1,-1,-1
34, 47909.jpg,17,1393,393,69,78,-1,-1,-1,-1
34, 47909.jpg,20,517,333,47,113,-1,-1,-1,-1
35, 47910.jpg,2,1474,610,47,134,-1,-1,-1,-1
35, 47910.jpg,5,1235,535,62,153,-1,-1,-1,-1
35, 47910.jpg,6,752,609,65,163,-1,-1,-1,-1
35, 47910.jpg,7,1459,577,54,89,-1,-1,-1,-1
35, 47910.jpg,8,1329,524,84,159,-1,-1,-1,-1
35, 47910.jpg,9,636,563,82,162,-1,-1,-1,-1
35, 47910.jpg,10,1627,727,64,179,-1,-1,-1,-1
35, 47910.jpg,11,570,577,86,159,-1,-1,-1,-1
35, 47910.jpg,17,1390,393,69,79,-1,-1,-1,-1
36, 47911.jpg,2,1473,606,47,135,-1,-1,-1,-1
36, 47911.jpg,5,1230,535,63,151,-1,-1,-1,-1
36, 47911.jpg,6,747,608,66,164,-1,-1,-1,-1
36, 47911.jpg,7,1460,577,54,88,-1,-1,-1,-1
36, 47911.jpg,8,1331,526,83,157,-1,-1,-1,-1
36, 47911.jpg,9,642,562,77,157,-1,-1,-1,-1
36, 47911.jpg,10,1624,727,65,181,-1,-1,-1,-1
36, 47911.jpg,11,587,571,88,164,-1,-1,-1,-1
36, 47911.jpg,17,1386,394,70,79,-1,-1,-1,-1
37, 47912.jpg,2,1472,603,47,133,-1,-1,-1,-1
37, 47912.jpg,5,1225,533,67,152,-1,-1,-1,-1
37, 47912.jpg,6,743,610,66,161,-1,-1,-1,-1
37, 47912.jpg,7,1459,576,54,88,-1,-1,-1,-1
37, 47912.jpg,8,1329,529,84,156,-1,-1,-1,-1
37, 47912.jpg,9,642,559,77,160,-1,-1,-1,-1
37, 47912.jpg,10,1622,725,66,183,-1,-1,-1,-1
37, 47912.jpg,11,598,568,90,162,-1,-1,-1,-1
37, 47912.jpg,17,1384,394,71,79,-1,-1,-1,-1
38, 47913.jpg,2,1468,600,47,134,-1,-1,-1,-1
38, 47913.jpg,5,1225,534,69,151,-1,-1,-1,-1
38, 47913.jpg,6,740,610,67,160,-1,-1,-1,-1
38, 47913.jpg,7,1454,572,56,93,-1,-1,-1,-1
38, 47913.jpg,8,1323,528,88,163,-1,-1,-1,-1
38, 47913.jpg,9,638,559,77,160,-1,-1,-1,-1
38, 47913.jpg,10,1621,726,66,181,-1,-1,-1,-1
38, 47913.jpg,11,600,569,89,158,-1,-1,-1,-1
39, 47914.jpg,2,1466,598,48,137,-1,-1,-1,-1
39, 47914.jpg,5,1228,533,72,153,-1,-1,-1,-1
39, 47914.jpg,6,734,607,69,162,-1,-1,-1,-1
39, 47914.jpg,7,1460,575,55,93,-1,-1,-1,-1
39, 47914.jpg,8,1319,529,90,165,-1,-1,-1,-1
39, 47914.jpg,10,1619,724,67,185,-1,-1,-1,-1
39, 47914.jpg,11,598,564,90,160,-1,-1,-1,-1
40, 47915.jpg,2,1465,597,49,138,-1,-1,-1,-1
40, 47915.jpg,3,1216,527,56,145,-1,-1,-1,-1
40, 47915.jpg,5,1230,531,75,155,-1,-1,-1,-1
40, 47915.jpg,6,729,605,71,163,-1,-1,-1,-1
40, 47915.jpg,7,1458,572,55,92,-1,-1,-1,-1
40, 47915.jpg,8,1319,532,90,164,-1,-1,-1,-1
40, 47915.jpg,9,580,570,80,164,-1,-1,-1,-1
40, 47915.jpg,10,1619,725,67,183,-1,-1,-1,-1
40, 47915.jpg,11,607,562,90,160,-1,-1,-1,-1
