2, 12322.jpg,1,729,339,25,70,-1,-1,-1,-1
2, 12322.jpg,2,461,286,41,68,-1,-1,-1,-1
2, 12322.jpg,3,224,419,79,106,-1,-1,-1,-1
2, 12322.jpg,4,729,409,34,96,-1,-1,-1,-1
2, 12322.jpg,5,1011,367,39,96,-1,-1,-1,-1
2, 12322.jpg,6,897,413,39,98,-1,-1,-1,-1
2, 12322.jpg,7,518,376,46,84,-1,-1,-1,-1
2, 12322.jpg,8,921,332,32,84,-1,-1,-1,-1
2, 12322.jpg,9,640,392,37,102,-1,-1,-1,-1
3, 12323.jpg,1,729,335,24,67,-1,-1,-1,-1
3, 12323.jpg,2,462,284,41,69,-1,-1,-1,-1
3, 12323.jpg,3,222,427,78,105,-1,-1,-1,-1
3, 12323.jpg,4,724,390,32,90,-1,-1,-1,-1
3, 12323.jpg,5,1008,366,40,98,-1,-1,-1,-1
3, 12323.jpg,6,897,414,37,95,-1,-1,-1,-1
3, 12323.jpg,7,521,378,44,81,-1,-1,-1,-1
3, 12323.jpg,8,920,333,32,85,-1,-1,-1,-1
3, 12323.jpg,9,639,392,37,98,-1,-1,-1,-1
3, 12323.jpg,11,722,345,30,91,-1,-1,-1,-1
4, 12324.jpg,1,727,349,22,60,-1,-1,-1,-1
4, 12324.jpg,2,463,285,40,67,-1,-1,-1,-1
4, 12324.jpg,3,232,454,71,98,-1,-1,-1,-1
4, 12324.jpg,4,719,382,32,92,-1,-1,-1,-1
4, 12324.jpg,5,1006,366,40,99,-1,-1,-1,-1
4, 12324.jpg,6,897,415,37,94,-1,-1,-1,-1
4, 12324.jpg,7,526,383,41,76,-1,-1,-1,-1
4, 12324.jpg,8,919,334,32,84,-1,-1,-1,-1
4, 12324.jpg,9,639,392,36,95,-1,-1,-1,-1
4, 12324.jpg,11,721,333,31,95,-1,-1,-1,-1
5, 12325.jpg,1,727,350,20,55,-1,-1,-1,-1
5, 12325.jpg,2,464,287,39,66,-1,-1,-1,-1
5, 12325.jpg,3,235,462,69,95,-1,-1,-1,-1
5, 12325.jpg,4,717,363,31,86,-1,-1,-1,-1
5, 12325.jpg,5,1004,366,40,98,-1,-1,-1,-1
5, 12325.jpg,6,897,416,36,92,-1,-1,-1,-1
5, 12325.jpg,7,526,386,40,73,-1,-1,-1,-1
5, 12325.jpg,8,916,335,31,82,-1,-1,-1,-1
5, 12325.jpg,9,638,391,35,93,-1,-1,-1,-1
6, 12326.jpg,2,464,287,40,65,-1,-1,-1,-1
6, 12326.jpg,3,226,444,72,102,-1,-1,-1,-1
6, 12326.jpg,4,716,355,30,87,-1,-1,-1,-1
6, 12326.jpg,5,1003,367,40,97,-1,-1,-1,-1
6, 12326.jpg,6,895,416,36,91,-1,-1,-1,-1
6, 12326.jpg,7,526,386,40,72,-1,-1,-1,-1
6, 12326.jpg,8,914,337,31,79,-1,-1,-1,-1
6, 12326.jpg,9,636,389,36,93,-1,-1,-1,-1
6, 12326.jpg,12,221,389,57,107,-1,-1,-1,-1
7, 12327.jpg,1,715,335,25,67,-1,-1,-1,-1
7, 12327.jpg,2,464,285,42,67,-1,-1,-1,-1
7, 12327.jpg,3,222,438,76,107,-1,-1,-1,-1
7, 12327.jpg,4,713,346,29,84,-1,-1,-1,-1
7, 12327.jpg,5,1001,367,40,97,-1,-1,-1,-1
7, 12327.jpg,6,893,417,36,90,-1,-1,-1,-1
7, 12327.jpg,7,524,385,43,77,-1,-1,-1,-1
7, 12327.jpg,8,912,339,31,77,-1,-1,-1,-1
7, 12327.jpg,9,634,390,35,89,-1,-1,-1,-1
7, 12327.jpg,12,218,391,58,105,-1,-1,-1,-1
7, 12327.jpg,13,718,388,28,90,-1,-1,-1,-1
8, 12328.jpg,1,710,338,26,71,-1,-1,-1,-1
8, 12328.jpg,2,466,286,42,66,-1,-1,-1,-1
8, 12328.jpg,3,232,453,69,100,-1,-1,-1,-1
8, 12328.jpg,5,999,368,41,96,-1,-1,-1,-1
8, 12328.jpg,6,890,416,36,90,-1,-1,-1,-1
8, 12328.jpg,7,528,382,47,81,-1,-1,-1,-1
8, 12328.jpg,8,909,340,31,76,-1,-1,-1,-1
8, 12328.jpg,9,629,388,36,89,-1,-1,-1,-1
8, 12328.jpg,12,216,397,54,97,-1,-1,-1,-1
8, 12328.jpg,13,712,381,27,87,-1,-1,-1,-1
9, 12329.jpg,1,708,335,26,69,-1,-1,-1,-1
9, 12329.jpg,2,469,286,41,64,-1,-1,-1,-1
9, 12329.jpg,3,237,458,67,97,-1,-1,-1,-1
9, 12329.jpg,5,995,367,41,97,-1,-1,-1,-1
9, 12329.jpg,6,889,418,35,87,-1,-1,-1,-1
9, 12329.jpg,7,531,382,46,81,-1,-1,-1,-1
9, 12329.jpg,8,906,341,31,76,-1,-1,-1,-1
9, 12329.jpg,9,627,386,36,89,-1,-1,-1,-1
9, 12329.jpg,12,213,406,50,89,-1,-1,-1,-1
9, 12329.jpg,13,709,370,25,79,-1,-1,-1,-1
10, 12330.jpg,1,705,337,26,68,-1,-1,-1,-1
10, 12330.jpg,2,471,286,42,65,-1,-1,-1,-1
10, 12330.jpg,3,237,462,66,96,-1,-1,-1,-1
10, 12330.jpg,5,991,367,41,97,-1,-1,-1,-1
10, 12330.jpg,6,887,418,36,88,-1,-1,-1,-1
10, 12330.jpg,7,535,382,46,82,-1,-1,-1,-1
10, 12330.jpg,8,905,343,31,73,-1,-1,-1,-1
10, 12330.jpg,9,626,383,37,91,-1,-1,-1,-1
10, 12330.jpg,12,212,409,50,86,-1,-1,-1,-1
10, 12330.jpg,13,706,363,24,73,-1,-1,-1,-1
10, 12330.jpg,14,709,404,33,101,-1,-1,-1,-1
11, 12331.jpg,1,701,337,29,76,-1,-1,-1,-1
11, 12331.jpg,2,474,286,42,65,-1,-1,-1,-1
11, 12331.jpg,3,226,447,70,101,-1,-1,-1,-1
11, 12331.jpg,5,988,367,42,97,-1,-1,-1,-1
11, 12331.jpg,6,884,417,37,90,-1,-1,-1,-1
11, 12331.jpg,7,540,383,43,79,-1,-1,-1,-1
11, 12331.jpg,8,903,343,31,72,-1,-1,-1,-1
11, 12331.jpg,9,624,380,39,94,-1,-1,-1,-1
11, 12331.jpg,12,211,412,47,83,-1,-1,-1,-1
11, 12331.jpg,14,704,384,30,92,-1,-1,-1,-1
12, 12332.jpg,1,698,336,30,77,-1,-1,-1,-1
12, 12332.jpg,2,475,285,42,65,-1,-1,-1,-1
12, 12332.jpg,3,227,445,73,105,-1,-1,-1,-1
12, 12332.jpg,5,988,368,42,97,-1,-1,-1,-1
12, 12332.jpg,6,883,418,37,90,-1,-1,-1,-1
12, 12332.jpg,7,539,385,46,82,-1,-1,-1,-1
12, 12332.jpg,8,902,344,32,71,-1,-1,-1,-1
12, 12332.jpg,9,623,373,40,98,-1,-1,-1,-1
12, 12332.jpg,12,214,409,50,85,-1,-1,-1,-1
12, 12332.jpg,14,701,377,29,91,-1,-1,-1,-1
13, 12333.jpg,1,697,335,29,74,-1,-1,-1,-1
13, 12333.jpg,2,475,284,45,68,-1,-1,-1,-1
13, 12333.jpg,3,227,440,77,109,-1,-1,-1,-1
13, 12333.jpg,5,986,368,43,97,-1,-1,-1,-1
13, 12333.jpg,6,882,419,38,89,-1,-1,-1,-1
13, 12333.jpg,7,540,386,49,85,-1,-1,-1,-1
13, 12333.jpg,8,901,346,31,68,-1,-1,-1,-1
13, 12333.jpg,9,621,369,41,99,-1,-1,-1,-1
13, 12333.jpg,12,215,404,54,89,-1,-1,-1,-1
13, 12333.jpg,14,699,376,29,91,-1,-1,-1,-1
14, 12334.jpg,1,694,334,29,74,-1,-1,-1,-1
14, 12334.jpg,2,478,282,45,69,-1,-1,-1,-1
14, 12334.jpg,3,229,441,79,111,-1,-1,-1,-1
14, 12334.jpg,5,985,369,42,96,-1,-1,-1,-1
14, 12334.jpg,6,882,419,38,90,-1,-1,-1,-1
14, 12334.jpg,7,542,386,52,88,-1,-1,-1,-1
14, 12334.jpg,8,899,348,32,65,-1,-1,-1,-1
14, 12334.jpg,9,618,365,41,98,-1,-1,-1,-1
14, 12334.jpg,12,217,405,53,86,-1,-1,-1,-1
14, 12334.jpg,14,698,366,28,85,-1,-1,-1,-1
15, 12335.jpg,2,480,281,46,71,-1,-1,-1,-1
15, 12335.jpg,3,230,437,84,118,-1,-1,-1,-1
15, 12335.jpg,5,984,369,43,97,-1,-1,-1,-1
15, 12335.jpg,6,881,420,40,89,-1,-1,-1,-1
15, 12335.jpg,7,545,384,56,92,-1,-1,-1,-1
15, 12335.jpg,8,898,348,31,64,-1,-1,-1,-1
15, 12335.jpg,9,619,363,41,98,-1,-1,-1,-1
15, 12335.jpg,12,218,404,55,86,-1,-1,-1,-1
15, 12335.jpg,14,694,343,27,82,-1,-1,-1,-1
16, 12336.jpg,2,484,282,44,70,-1,-1,-1,-1
16, 12336.jpg,3,240,443,80,113,-1,-1,-1,-1
16, 12336.jpg,5,982,369,43,97,-1,-1,-1,-1
16, 12336.jpg,6,881,420,40,90,-1,-1,-1,-1
16, 12336.jpg,7,547,382,60,97,-1,-1,-1,-1
16, 12336.jpg,8,896,349,31,62,-1,-1,-1,-1
16, 12336.jpg,9,619,361,40,98,-1,-1,-1,-1
16, 12336.jpg,11,697,363,29,84,-1,-1,-1,-1
16, 12336.jpg,12,219,399,61,94,-1,-1,-1,-1
16, 12336.jpg,14,692,333,25,79,-1,-1,-1,-1
16, 12336.jpg,15,696,391,32,109,-1,-1,-1,-1
17, 12337.jpg,2,486,283,44,71,-1,-1,-1,-1
17, 12337.jpg,3,251,449,76,109,-1,-1,-1,-1
17, 12337.jpg,5,980,368,43,98,-1,-1,-1,-1
17, 12337.jpg,6,880,421,41,89,-1,-1,-1,-1
17, 12337.jpg,7,553,384,57,94,-1,-1,-1,-1
17, 12337.jpg,8,894,350,32,61,-1,-1,-1,-1
17, 12337.jpg,9,619,360,40,96,-1,-1,-1,-1
17, 12337.jpg,11,692,350,33,96,-1,-1,-1,-1
17, 12337.jpg,12,220,396,64,98,-1,-1,-1,-1
17, 12337.jpg,15,694,395,32,106,-1,-1,-1,-1
18, 12338.jpg,2,490,282,43,71,-1,-1,-1,-1
18, 12338.jpg,3,258,453,73,105,-1,-1,-1,-1
18, 12338.jpg,5,978,369,43,98,-1,-1,-1,-1
18, 12338.jpg,6,881,423,41,88,-1,-1,-1,-1
18, 12338.jpg,7,559,386,58,97,-1,-1,-1,-1
18, 12338.jpg,8,892,350,33,61,-1,-1,-1,-1
18, 12338.jpg,9,616,349,43,106,-1,-1,-1,-1
18, 12338.jpg,11,687,341,33,97,-1,-1,-1,-1
18, 12338.jpg,12,218,391,61,95,-1,-1,-1,-1
18, 12338.jpg,15,692,394,33,110,-1,-1,-1,-1
19, 12339.jpg,2,493,282,44,72,-1,-1,-1,-1
19, 12339.jpg,3,269,453,73,103,-1,-1,-1,-1
19, 12339.jpg,5,976,370,43,98,-1,-1,-1,-1
19, 12339.jpg,6,881,424,41,87,-1,-1,-1,-1
19, 12339.jpg,7,564,385,59,101,-1,-1,-1,-1
19, 12339.jpg,8,891,352,32,59,-1,-1,-1,-1
19, 12339.jpg,9,615,344,44,111,-1,-1,-1,-1
19, 12339.jpg,11,685,339,32,98,-1,-1,-1,-1
19, 12339.jpg,12,225,393,63,98,-1,-1,-1,-1
19, 12339.jpg,14,686,327,26,78,-1,-1,-1,-1
19, 12339.jpg,15,690,391,34,112,-1,-1,-1,-1
20, 12340.jpg,2,496,281,45,74,-1,-1,-1,-1
20, 12340.jpg,3,272,453,75,103,-1,-1,-1,-1
20, 12340.jpg,5,975,372,42,95,-1,-1,-1,-1
20, 12340.jpg,6,880,423,43,88,-1,-1,-1,-1
20, 12340.jpg,7,568,383,58,104,-1,-1,-1,-1
20, 12340.jpg,8,890,352,34,62,-1,-1,-1,-1
20, 12340.jpg,9,611,340,44,110,-1,-1,-1,-1
20, 12340.jpg,11,685,354,31,94,-1,-1,-1,-1
20, 12340.jpg,12,242,399,64,98,-1,-1,-1,-1
20, 12340.jpg,14,684,320,25,77,-1,-1,-1,-1
20, 12340.jpg,15,688,390,33,110,-1,-1,-1,-1
21, 12341.jpg,2,497,281,46,75,-1,-1,-1,-1
21, 12341.jpg,3,278,452,76,102,-1,-1,-1,-1
21, 12341.jpg,5,975,374,40,92,-1,-1,-1,-1
21, 12341.jpg,6,881,423,44,90,-1,-1,-1,-1
21, 12341.jpg,7,571,379,58,108,-1,-1,-1,-1
21, 12341.jpg,8,887,352,34,62,-1,-1,-1,-1
21, 12341.jpg,9,609,337,44,113,-1,-1,-1,-1
21, 12341.jpg,11,684,351,34,102,-1,-1,-1,-1
21, 12341.jpg,12,244,398,65,98,-1,-1,-1,-1
21, 12341.jpg,15,687,390,33,111,-1,-1,-1,-1
22, 12342.jpg,2,499,280,46,78,-1,-1,-1,-1
22, 12342.jpg,3,275,444,82,110,-1,-1,-1,-1
22, 12342.jpg,5,973,375,40,91,-1,-1,-1,-1
22, 12342.jpg,6,884,424,43,90,-1,-1,-1,-1
22, 12342.jpg,7,582,367,59,110,-1,-1,-1,-1
22, 12342.jpg,8,883,353,35,62,-1,-1,-1,-1
22, 12342.jpg,9,607,334,45,114,-1,-1,-1,-1
22, 12342.jpg,11,683,365,32,98,-1,-1,-1,-1
22, 12342.jpg,12,251,402,62,94,-1,-1,-1,-1
22, 12342.jpg,14,686,333,23,70,-1,-1,-1,-1
23, 12343.jpg,2,500,281,46,79,-1,-1,-1,-1
23, 12343.jpg,3,282,446,81,107,-1,-1,-1,-1
23, 12343.jpg,5,971,376,39,89,-1,-1,-1,-1
23, 12343.jpg,6,885,425,42,91,-1,-1,-1,-1
23, 12343.jpg,7,588,362,59,108,-1,-1,-1,-1
23, 12343.jpg,8,881,352,36,63,-1,-1,-1,-1
23, 12343.jpg,11,682,364,29,90,-1,-1,-1,-1
23, 12343.jpg,12,253,403,63,95,-1,-1,-1,-1
23, 12343.jpg,14,684,329,23,68,-1,-1,-1,-1
23, 12343.jpg,15,683,396,32,106,-1,-1,-1,-1
24, 12344.jpg,2,503,283,44,80,-1,-1,-1,-1
24, 12344.jpg,3,287,438,82,111,-1,-1,-1,-1
24, 12344.jpg,5,968,377,40,88,-1,-1,-1,-1
24, 12344.jpg,6,885,426,42,93,-1,-1,-1,-1
24, 12344.jpg,7,602,357,57,106,-1,-1,-1,-1
24, 12344.jpg,8,878,351,36,63,-1,-1,-1,-1
24, 12344.jpg,11,682,363,26,82,-1,-1,-1,-1
24, 12344.jpg,12,268,408,64,97,-1,-1,-1,-1
24, 12344.jpg,15,680,396,31,104,-1,-1,-1,-1
25, 12345.jpg,2,504,285,45,82,-1,-1,-1,-1
25, 12345.jpg,3,290,432,80,109,-1,-1,-1,-1
25, 12345.jpg,5,966,378,39,88,-1,-1,-1,-1
25, 12345.jpg,6,885,427,43,97,-1,-1,-1,-1
25, 12345.jpg,7,591,359,58,106,-1,-1,-1,-1
25, 12345.jpg,8,876,353,38,64,-1,-1,-1,-1
25, 12345.jpg,11,680,363,26,82,-1,-1,-1,-1
25, 12345.jpg,12,270,407,65,99,-1,-1,-1,-1
25, 12345.jpg,14,677,331,27,81,-1,-1,-1,-1
25, 12345.jpg,15,677,396,31,103,-1,-1,-1,-1
26, 12346.jpg,2,507,287,43,80,-1,-1,-1,-1
26, 12346.jpg,3,307,439,76,108,-1,-1,-1,-1
26, 12346.jpg,5,965,378,39,88,-1,-1,-1,-1
26, 12346.jpg,6,885,428,44,99,-1,-1,-1,-1
26, 12346.jpg,7,590,361,58,103,-1,-1,-1,-1
26, 12346.jpg,8,874,352,38,66,-1,-1,-1,-1
26, 12346.jpg,12,274,406,67,100,-1,-1,-1,-1
26, 12346.jpg,14,674,330,29,86,-1,-1,-1,-1
26, 12346.jpg,15,677,406,27,91,-1,-1,-1,-1
26, 12346.jpg,16,251,381,54,90,-1,-1,-1,-1
27, 12347.jpg,2,508,290,43,78,-1,-1,-1,-1
27, 12347.jpg,3,316,441,74,109,-1,-1,-1,-1
27, 12347.jpg,5,963,376,39,89,-1,-1,-1,-1
27, 12347.jpg,6,886,433,41,94,-1,-1,-1,-1
27, 12347.jpg,7,590,360,59,102,-1,-1,-1,-1
27, 12347.jpg,8,870,350,38,65,-1,-1,-1,-1
27, 12347.jpg,12,276,405,67,98,-1,-1,-1,-1
27, 12347.jpg,14,672,333,28,83,-1,-1,-1,-1
27, 12347.jpg,15,676,406,26,84,-1,-1,-1,-1
27, 12347.jpg,16,251,377,56,94,-1,-1,-1,-1
28, 12348.jpg,2,511,290,44,79,-1,-1,-1,-1
28, 12348.jpg,3,316,435,75,110,-1,-1,-1,-1
28, 12348.jpg,5,961,373,40,92,-1,-1,-1,-1
28, 12348.jpg,6,885,435,41,93,-1,-1,-1,-1
28, 12348.jpg,7,588,357,58,103,-1,-1,-1,-1
28, 12348.jpg,8,866,348,41,68,-1,-1,-1,-1
28, 12348.jpg,11,669,370,35,107,-1,-1,-1,-1
28, 12348.jpg,12,279,401,70,101,-1,-1,-1,-1
28, 12348.jpg,14,671,331,30,91,-1,-1,-1,-1
28, 12348.jpg,15,675,407,25,82,-1,-1,-1,-1
28, 12348.jpg,16,252,376,58,95,-1,-1,-1,-1
29, 12349.jpg,2,513,292,45,78,-1,-1,-1,-1
29, 12349.jpg,3,317,431,77,112,-1,-1,-1,-1
29, 12349.jpg,5,959,371,41,93,-1,-1,-1,-1
29, 12349.jpg,6,885,437,40,91,-1,-1,-1,-1
29, 12349.jpg,7,586,354,59,105,-1,-1,-1,-1
29, 12349.jpg,8,862,347,41,69,-1,-1,-1,-1
29, 12349.jpg,11,665,364,36,114,-1,-1,-1,-1
29, 12349.jpg,12,283,401,70,102,-1,-1,-1,-1
29, 12349.jpg,14,670,333,29,90,-1,-1,-1,-1
29, 12349.jpg,16,265,388,60,98,-1,-1,-1,-1
30, 12350.jpg,2,515,292,45,80,-1,-1,-1,-1
30, 12350.jpg,3,326,430,81,118,-1,-1,-1,-1
30, 12350.jpg,5,958,370,39,91,-1,-1,-1,-1
30, 12350.jpg,6,884,437,39,92,-1,-1,-1,-1
30, 12350.jpg,7,583,352,59,107,-1,-1,-1,-1
30, 12350.jpg,8,857,345,42,72,-1,-1,-1,-1
30, 12350.jpg,11,661,349,38,126,-1,-1,-1,-1
30, 12350.jpg,12,305,408,63,92,-1,-1,-1,-1
30, 12350.jpg,14,664,329,28,87,-1,-1,-1,-1
30, 12350.jpg,16,262,381,56,91,-1,-1,-1,-1
31, 12351.jpg,2,516,293,44,78,-1,-1,-1,-1
31, 12351.jpg,3,347,432,80,118,-1,-1,-1,-1
31, 12351.jpg,5,957,369,40,92,-1,-1,-1,-1
31, 12351.jpg,6,882,439,39,87,-1,-1,-1,-1
31, 12351.jpg,7,581,352,57,104,-1,-1,-1,-1
31, 12351.jpg,8,852,344,42,72,-1,-1,-1,-1
31, 12351.jpg,11,657,339,40,135,-1,-1,-1,-1
31, 12351.jpg,12,315,412,62,90,-1,-1,-1,-1
31, 12351.jpg,14,663,327,27,83,-1,-1,-1,-1
31, 12351.jpg,16,265,378,53,89,-1,-1,-1,-1
32, 12352.jpg,2,517,294,42,76,-1,-1,-1,-1
32, 12352.jpg,3,357,434,77,117,-1,-1,-1,-1
32, 12352.jpg,5,957,369,40,91,-1,-1,-1,-1
32, 12352.jpg,6,879,439,39,88,-1,-1,-1,-1
32, 12352.jpg,7,579,352,57,104,-1,-1,-1,-1
32, 12352.jpg,8,848,344,42,72,-1,-1,-1,-1
32, 12352.jpg,11,656,344,37,129,-1,-1,-1,-1
32, 12352.jpg,12,323,414,60,91,-1,-1,-1,-1
32, 12352.jpg,14,661,323,27,85,-1,-1,-1,-1
32, 12352.jpg,16,270,377,52,87,-1,-1,-1,-1
33, 12353.jpg,2,516,294,43,78,-1,-1,-1,-1
33, 12353.jpg,3,362,436,75,113,-1,-1,-1,-1
33, 12353.jpg,5,956,370,39,88,-1,-1,-1,-1
33, 12353.jpg,6,875,439,40,89,-1,-1,-1,-1
33, 12353.jpg,7,577,355,55,101,-1,-1,-1,-1
33, 12353.jpg,8,842,345,41,71,-1,-1,-1,-1
33, 12353.jpg,9,598,384,31,76,-1,-1,-1,-1
33, 12353.jpg,11,654,348,35,122,-1,-1,-1,-1
33, 12353.jpg,12,333,413,58,90,-1,-1,-1,-1
33, 12353.jpg,14,656,323,28,85,-1,-1,-1,-1
33, 12353.jpg,16,274,376,51,88,-1,-1,-1,-1
34, 12354.jpg,2,512,291,45,82,-1,-1,-1,-1
34, 12354.jpg,3,356,430,69,106,-1,-1,-1,-1
34, 12354.jpg,5,952,369,41,88,-1,-1,-1,-1
34, 12354.jpg,6,872,439,40,89,-1,-1,-1,-1
34, 12354.jpg,7,569,354,53,99,-1,-1,-1,-1
34, 12354.jpg,8,836,345,42,74,-1,-1,-1,-1
34, 12354.jpg,9,591,392,33,74,-1,-1,-1,-1
34, 12354.jpg,11,651,348,34,118,-1,-1,-1,-1
34, 12354.jpg,12,339,414,58,90,-1,-1,-1,-1
34, 12354.jpg,14,654,331,27,78,-1,-1,-1,-1
34, 12354.jpg,16,276,376,50,89,-1,-1,-1,-1
35, 12355.jpg,2,509,290,47,83,-1,-1,-1,-1
35, 12355.jpg,3,354,427,68,106,-1,-1,-1,-1
35, 12355.jpg,5,950,369,43,89,-1,-1,-1,-1
35, 12355.jpg,6,870,439,40,88,-1,-1,-1,-1
35, 12355.jpg,7,570,361,51,97,-1,-1,-1,-1
35, 12355.jpg,8,830,345,42,74,-1,-1,-1,-1
35, 12355.jpg,9,589,395,32,72,-1,-1,-1,-1
35, 12355.jpg,11,647,350,34,117,-1,-1,-1,-1
35, 12355.jpg,14,650,330,27,78,-1,-1,-1,-1
35, 12355.jpg,16,279,377,48,88,-1,-1,-1,-1
36, 12356.jpg,2,507,286,49,87,-1,-1,-1,-1
36, 12356.jpg,3,359,428,70,111,-1,-1,-1,-1
36, 12356.jpg,5,946,369,46,90,-1,-1,-1,-1
36, 12356.jpg,6,865,439,40,87,-1,-1,-1,-1
36, 12356.jpg,7,564,363,54,103,-1,-1,-1,-1
36, 12356.jpg,8,824,347,42,73,-1,-1,-1,-1
36, 12356.jpg,9,588,393,39,88,-1,-1,-1,-1
36, 12356.jpg,11,644,362,32,113,-1,-1,-1,-1
36, 12356.jpg,12,344,410,59,94,-1,-1,-1,-1
36, 12356.jpg,14,650,329,27,75,-1,-1,-1,-1
36, 12356.jpg,16,282,379,47,88,-1,-1,-1,-1
37, 12357.jpg,2,506,284,50,91,-1,-1,-1,-1
37, 12357.jpg,3,363,427,69,111,-1,-1,-1,-1
37, 12357.jpg,5,941,371,48,88,-1,-1,-1,-1
37, 12357.jpg,6,862,439,40,87,-1,-1,-1,-1
37, 12357.jpg,7,568,376,54,104,-1,-1,-1,-1
37, 12357.jpg,8,819,347,42,73,-1,-1,-1,-1
37, 12357.jpg,9,586,395,40,90,-1,-1,-1,-1
37, 12357.jpg,11,640,368,32,109,-1,-1,-1,-1
37, 12357.jpg,12,348,410,56,92,-1,-1,-1,-1
37, 12357.jpg,14,648,328,26,74,-1,-1,-1,-1
37, 12357.jpg,15,643,346,27,81,-1,-1,-1,-1
37, 12357.jpg,16,284,382,46,85,-1,-1,-1,-1
38, 12358.jpg,1,541,348,35,91,-1,-1,-1,-1
38, 12358.jpg,2,507,286,48,89,-1,-1,-1,-1
38, 12358.jpg,3,372,428,72,117,-1,-1,-1,-1
38, 12358.jpg,5,937,373,50,87,-1,-1,-1,-1
38, 12358.jpg,6,858,438,41,87,-1,-1,-1,-1
38, 12358.jpg,7,571,387,52,103,-1,-1,-1,-1
38, 12358.jpg,8,815,347,42,73,-1,-1,-1,-1
38, 12358.jpg,11,636,369,34,108,-1,-1,-1,-1
38, 12358.jpg,12,353,410,55,90,-1,-1,-1,-1
38, 12358.jpg,15,643,335,29,72,-1,-1,-1,-1
38, 12358.jpg,16,287,384,44,84,-1,-1,-1,-1
39, 12359.jpg,1,535,350,35,92,-1,-1,-1,-1
39, 12359.jpg,2,508,287,48,91,-1,-1,-1,-1
39, 12359.jpg,3,379,430,72,119,-1,-1,-1,-1
39, 12359.jpg,5,933,373,50,85,-1,-1,-1,-1
39, 12359.jpg,6,854,436,42,88,-1,-1,-1,-1
39, 12359.jpg,7,571,393,51,102,-1,-1,-1,-1
39, 12359.jpg,8,811,347,42,73,-1,-1,-1,-1
39, 12359.jpg,11,632,375,34,104,-1,-1,-1,-1
39, 12359.jpg,12,358,409,54,91,-1,-1,-1,-1
39, 12359.jpg,15,642,331,30,70,-1,-1,-1,-1
39, 12359.jpg,16,293,386,43,82,-1,-1,-1,-1
40, 12360.jpg,1,531,350,35,92,-1,-1,-1,-1
40, 12360.jpg,2,508,290,48,91,-1,-1,-1,-1
40, 12360.jpg,3,385,427,73,121,-1,-1,-1,-1
40, 12360.jpg,5,929,372,52,86,-1,-1,-1,-1
40, 12360.jpg,6,852,435,44,89,-1,-1,-1,-1
40, 12360.jpg,7,573,397,49,100,-1,-1,-1,-1
40, 12360.jpg,8,807,345,43,75,-1,-1,-1,-1
40, 12360.jpg,11,629,375,35,107,-1,-1,-1,-1
40, 12360.jpg,12,363,409,54,91,-1,-1,-1,-1
40, 12360.jpg,15,640,328,33,70,-1,-1,-1,-1
40, 12360.jpg,16,298,387,42,80,-1,-1,-1,-1
