2, 38307.jpg,1,657,510,64,121,-1,-1,-1,-1
2, 38307.jpg,2,1173,582,69,109,-1,-1,-1,-1
2, 38307.jpg,3,621,613,78,135,-1,-1,-1,-1
2, 38307.jpg,4,809,620,64,163,-1,-1,-1,-1
2, 38307.jpg,5,842,510,50,132,-1,-1,-1,-1
2, 38307.jpg,6,758,573,50,150,-1,-1,-1,-1
2, 38307.jpg,7,382,627,80,147,-1,-1,-1,-1
2, 38307.jpg,8,1076,505,77,129,-1,-1,-1,-1
3, 38308.jpg,1,661,524,66,127,-1,-1,-1,-1
3, 38308.jpg,2,1174,609,67,104,-1,-1,-1,-1
3, 38308.jpg,3,619,598,68,118,-1,-1,-1,-1
3, 38308.jpg,4,813,619,65,166,-1,-1,-1,-1
3, 38308.jpg,5,847,511,52,132,-1,-1,-1,-1
3, 38308.jpg,6,762,576,49,146,-1,-1,-1,-1
3, 38308.jpg,7,382,622,83,151,-1,-1,-1,-1
3, 38308.jpg,8,1079,507,76,128,-1,-1,-1,-1
3, 38308.jpg,10,682,574,52,135,-1,-1,-1,-1
3, 38308.jpg,11,603,663,67,156,-1,-1,-1,-1
4, 38309.jpg,1,663,512,62,119,-1,-1,-1,-1
4, 38309.jpg,2,1179,608,70,108,-1,-1,-1,-1
4, 38309.jpg,3,620,584,62,108,-1,-1,-1,-1
4, 38309.jpg,4,818,619,65,166,-1,-1,-1,-1
4, 38309.jpg,5,851,512,51,130,-1,-1,-1,-1
4, 38309.jpg,6,768,579,48,144,-1,-1,-1,-1
4, 38309.jpg,7,386,620,83,153,-1,-1,-1,-1
4, 38309.jpg,8,1083,507,78,131,-1,-1,-1,-1
4, 38309.jpg,10,682,557,57,150,-1,-1,-1,-1
4, 38309.jpg,11,598,665,67,155,-1,-1,-1,-1
5, 38310.jpg,1,665,510,61,118,-1,-1,-1,-1
5, 38310.jpg,2,1182,615,70,107,-1,-1,-1,-1
5, 38310.jpg,4,821,619,65,166,-1,-1,-1,-1
5, 38310.jpg,5,859,512,52,131,-1,-1,-1,-1
5, 38310.jpg,6,773,580,48,142,-1,-1,-1,-1
5, 38310.jpg,7,394,620,82,150,-1,-1,-1,-1
5, 38310.jpg,8,1087,503,82,137,-1,-1,-1,-1
5, 38310.jpg,10,664,572,70,182,-1,-1,-1,-1
5, 38310.jpg,11,572,664,68,158,-1,-1,-1,-1
5, 38310.jpg,12,626,656,65,162,-1,-1,-1,-1
5, 38310.jpg,13,1192,536,58,115,-1,-1,-1,-1
6, 38311.jpg,4,824,615,66,169,-1,-1,-1,-1
6, 38311.jpg,5,863,510,53,133,-1,-1,-1,-1
6, 38311.jpg,6,777,579,50,143,-1,-1,-1,-1
6, 38311.jpg,7,399,618,82,149,-1,-1,-1,-1
6, 38311.jpg,8,1092,501,84,140,-1,-1,-1,-1
6, 38311.jpg,10,670,538,69,178,-1,-1,-1,-1
6, 38311.jpg,11,560,662,70,159,-1,-1,-1,-1
6, 38311.jpg,12,647,651,64,160,-1,-1,-1,-1
6, 38311.jpg,13,1201,532,58,114,-1,-1,-1,-1
7, 38312.jpg,4,811,608,63,154,-1,-1,-1,-1
7, 38312.jpg,5,869,514,53,132,-1,-1,-1,-1
7, 38312.jpg,6,782,580,49,142,-1,-1,-1,-1
7, 38312.jpg,7,405,616,82,150,-1,-1,-1,-1
7, 38312.jpg,8,1099,499,84,142,-1,-1,-1,-1
7, 38312.jpg,10,672,524,67,172,-1,-1,-1,-1
7, 38312.jpg,11,553,661,70,161,-1,-1,-1,-1
7, 38312.jpg,12,661,650,62,152,-1,-1,-1,-1
7, 38312.jpg,13,1204,532,60,116,-1,-1,-1,-1
7, 38312.jpg,14,1615,678,67,134,-1,-1,-1,-1
8, 38313.jpg,4,811,609,63,152,-1,-1,-1,-1
8, 38313.jpg,5,875,512,53,133,-1,-1,-1,-1
8, 38313.jpg,7,411,615,80,148,-1,-1,-1,-1
8, 38313.jpg,8,1106,498,83,143,-1,-1,-1,-1
8, 38313.jpg,10,676,521,64,164,-1,-1,-1,-1
8, 38313.jpg,11,551,662,70,160,-1,-1,-1,-1
8, 38313.jpg,12,668,647,61,151,-1,-1,-1,-1
8, 38313.jpg,13,1208,531,60,116,-1,-1,-1,-1
8, 38313.jpg,14,1616,671,73,147,-1,-1,-1,-1
8, 38313.jpg,15,635,601,51,128,-1,-1,-1,-1
8, 38313.jpg,16,1189,545,109,158,-1,-1,-1,-1
9, 38314.jpg,4,828,616,67,161,-1,-1,-1,-1
9, 38314.jpg,5,881,509,54,134,-1,-1,-1,-1
9, 38314.jpg,6,798,576,50,142,-1,-1,-1,-1
9, 38314.jpg,7,420,614,79,145,-1,-1,-1,-1
9, 38314.jpg,8,1112,500,82,140,-1,-1,-1,-1
9, 38314.jpg,10,678,519,62,158,-1,-1,-1,-1
9, 38314.jpg,11,553,664,70,160,-1,-1,-1,-1
9, 38314.jpg,12,669,639,64,157,-1,-1,-1,-1
9, 38314.jpg,14,1618,669,73,149,-1,-1,-1,-1
9, 38314.jpg,15,635,598,53,133,-1,-1,-1,-1
9, 38314.jpg,16,1205,537,90,131,-1,-1,-1,-1
10, 38315.jpg,4,833,611,70,168,-1,-1,-1,-1
10, 38315.jpg,5,890,507,55,137,-1,-1,-1,-1
10, 38315.jpg,6,805,576,52,140,-1,-1,-1,-1
10, 38315.jpg,7,427,610,81,151,-1,-1,-1,-1
10, 38315.jpg,8,1120,501,81,140,-1,-1,-1,-1
10, 38315.jpg,10,682,520,61,152,-1,-1,-1,-1
10, 38315.jpg,11,555,665,70,163,-1,-1,-1,-1
10, 38315.jpg,12,666,625,64,157,-1,-1,-1,-1
10, 38315.jpg,14,1619,667,75,152,-1,-1,-1,-1
10, 38315.jpg,15,635,598,53,134,-1,-1,-1,-1
10, 38315.jpg,16,1228,561,83,120,-1,-1,-1,-1
11, 38316.jpg,4,828,604,68,159,-1,-1,-1,-1
11, 38316.jpg,5,900,507,53,135,-1,-1,-1,-1
11, 38316.jpg,6,811,576,51,140,-1,-1,-1,-1
11, 38316.jpg,7,436,607,80,151,-1,-1,-1,-1
11, 38316.jpg,8,1129,505,78,138,-1,-1,-1,-1
11, 38316.jpg,10,686,520,61,151,-1,-1,-1,-1
11, 38316.jpg,11,555,671,70,160,-1,-1,-1,-1
11, 38316.jpg,12,683,630,63,155,-1,-1,-1,-1
11, 38316.jpg,15,643,598,48,123,-1,-1,-1,-1
11, 38316.jpg,16,1244,567,77,112,-1,-1,-1,-1
12, 38317.jpg,4,848,616,68,160,-1,-1,-1,-1
12, 38317.jpg,5,908,507,54,136,-1,-1,-1,-1
12, 38317.jpg,6,822,575,51,137,-1,-1,-1,-1
12, 38317.jpg,7,445,606,79,150,-1,-1,-1,-1
12, 38317.jpg,8,1135,510,77,136,-1,-1,-1,-1
12, 38317.jpg,10,687,520,60,147,-1,-1,-1,-1
12, 38317.jpg,11,557,677,69,157,-1,-1,-1,-1
12, 38317.jpg,12,674,615,66,155,-1,-1,-1,-1
12, 38317.jpg,13,1234,526,67,133,-1,-1,-1,-1
12, 38317.jpg,15,645,598,47,121,-1,-1,-1,-1
12, 38317.jpg,16,1273,584,71,100,-1,-1,-1,-1
13, 38318.jpg,4,856,612,69,163,-1,-1,-1,-1
13, 38318.jpg,5,916,509,54,138,-1,-1,-1,-1
13, 38318.jpg,6,830,573,53,138,-1,-1,-1,-1
13, 38318.jpg,7,454,605,78,150,-1,-1,-1,-1
13, 38318.jpg,8,1141,513,76,135,-1,-1,-1,-1
13, 38318.jpg,10,688,516,60,148,-1,-1,-1,-1
13, 38318.jpg,11,558,683,68,151,-1,-1,-1,-1
13, 38318.jpg,12,661,603,61,144,-1,-1,-1,-1
13, 38318.jpg,13,1240,525,69,135,-1,-1,-1,-1
13, 38318.jpg,16,1284,584,75,105,-1,-1,-1,-1
14, 38319.jpg,4,858,607,67,156,-1,-1,-1,-1
14, 38319.jpg,5,924,510,55,140,-1,-1,-1,-1
14, 38319.jpg,6,837,573,52,137,-1,-1,-1,-1
14, 38319.jpg,7,463,603,79,150,-1,-1,-1,-1
14, 38319.jpg,8,1146,517,76,135,-1,-1,-1,-1
14, 38319.jpg,10,690,517,60,149,-1,-1,-1,-1
14, 38319.jpg,11,560,688,68,148,-1,-1,-1,-1
14, 38319.jpg,12,659,601,61,146,-1,-1,-1,-1
14, 38319.jpg,13,1248,529,67,133,-1,-1,-1,-1
14, 38319.jpg,16,1298,583,78,106,-1,-1,-1,-1
15, 38320.jpg,4,871,611,68,158,-1,-1,-1,-1
15, 38320.jpg,5,936,513,54,139,-1,-1,-1,-1
15, 38320.jpg,6,850,572,54,140,-1,-1,-1,-1
15, 38320.jpg,7,472,603,79,149,-1,-1,-1,-1
15, 38320.jpg,8,1155,521,76,133,-1,-1,-1,-1
15, 38320.jpg,10,683,529,59,142,-1,-1,-1,-1
15, 38320.jpg,11,562,697,67,140,-1,-1,-1,-1
15, 38320.jpg,12,677,597,65,151,-1,-1,-1,-1
15, 38320.jpg,13,1259,525,68,137,-1,-1,-1,-1
15, 38320.jpg,16,1307,578,83,113,-1,-1,-1,-1
16, 38321.jpg,4,888,615,68,159,-1,-1,-1,-1
16, 38321.jpg,5,946,511,56,141,-1,-1,-1,-1
16, 38321.jpg,6,860,572,54,140,-1,-1,-1,-1
16, 38321.jpg,7,482,604,78,144,-1,-1,-1,-1
16, 38321.jpg,8,1164,522,77,135,-1,-1,-1,-1
16, 38321.jpg,10,697,525,62,149,-1,-1,-1,-1
16, 38321.jpg,11,565,705,68,133,-1,-1,-1,-1
16, 38321.jpg,12,672,595,66,152,-1,-1,-1,-1
16, 38321.jpg,13,1267,529,67,139,-1,-1,-1,-1
16, 38321.jpg,16,1326,577,81,110,-1,-1,-1,-1
17, 38322.jpg,4,885,596,68,159,-1,-1,-1,-1
17, 38322.jpg,5,959,513,54,138,-1,-1,-1,-1
17, 38322.jpg,6,868,572,53,140,-1,-1,-1,-1
17, 38322.jpg,7,490,604,79,145,-1,-1,-1,-1
17, 38322.jpg,8,1170,522,78,138,-1,-1,-1,-1
17, 38322.jpg,10,687,537,61,145,-1,-1,-1,-1
17, 38322.jpg,11,567,713,68,127,-1,-1,-1,-1
17, 38322.jpg,12,675,597,67,155,-1,-1,-1,-1
17, 38322.jpg,13,1281,536,66,134,-1,-1,-1,-1
17, 38322.jpg,15,707,569,64,160,-1,-1,-1,-1
17, 38322.jpg,16,1343,575,82,107,-1,-1,-1,-1
18, 38323.jpg,1,674,531,64,129,-1,-1,-1,-1
18, 38323.jpg,4,900,605,67,156,-1,-1,-1,-1
18, 38323.jpg,5,968,515,55,137,-1,-1,-1,-1
18, 38323.jpg,6,879,570,55,148,-1,-1,-1,-1
18, 38323.jpg,7,497,603,81,147,-1,-1,-1,-1
18, 38323.jpg,8,1179,524,80,138,-1,-1,-1,-1
18, 38323.jpg,10,695,530,62,143,-1,-1,-1,-1
18, 38323.jpg,11,570,719,69,120,-1,-1,-1,-1
18, 38323.jpg,12,697,611,66,149,-1,-1,-1,-1
18, 38323.jpg,13,1290,537,65,134,-1,-1,-1,-1
18, 38323.jpg,15,715,566,65,163,-1,-1,-1,-1
18, 38323.jpg,16,1355,574,86,111,-1,-1,-1,-1
19, 38324.jpg,1,675,532,64,130,-1,-1,-1,-1
19, 38324.jpg,4,903,595,67,155,-1,-1,-1,-1
19, 38324.jpg,5,980,519,53,132,-1,-1,-1,-1
19, 38324.jpg,6,887,570,55,148,-1,-1,-1,-1
19, 38324.jpg,7,508,604,82,146,-1,-1,-1,-1
19, 38324.jpg,8,1187,525,80,138,-1,-1,-1,-1
19, 38324.jpg,10,687,547,63,147,-1,-1,-1,-1
19, 38324.jpg,11,575,725,69,115,-1,-1,-1,-1
19, 38324.jpg,12,706,602,69,153,-1,-1,-1,-1
19, 38324.jpg,13,1305,522,62,128,-1,-1,-1,-1
19, 38324.jpg,16,1366,573,88,111,-1,-1,-1,-1
20, 38325.jpg,4,913,600,67,154,-1,-1,-1,-1
20, 38325.jpg,5,988,518,55,135,-1,-1,-1,-1
20, 38325.jpg,7,516,604,81,144,-1,-1,-1,-1
20, 38325.jpg,8,1191,525,81,143,-1,-1,-1,-1
20, 38325.jpg,10,698,535,62,143,-1,-1,-1,-1
20, 38325.jpg,11,579,730,71,111,-1,-1,-1,-1
20, 38325.jpg,12,713,608,72,157,-1,-1,-1,-1
20, 38325.jpg,13,1310,535,63,129,-1,-1,-1,-1
20, 38325.jpg,16,1383,573,90,112,-1,-1,-1,-1
21, 38326.jpg,4,916,595,67,156,-1,-1,-1,-1
21, 38326.jpg,5,997,521,55,134,-1,-1,-1,-1
21, 38326.jpg,7,529,604,81,144,-1,-1,-1,-1
21, 38326.jpg,8,1198,526,81,142,-1,-1,-1,-1
21, 38326.jpg,10,698,539,62,140,-1,-1,-1,-1
21, 38326.jpg,11,586,735,71,105,-1,-1,-1,-1
21, 38326.jpg,12,707,606,72,156,-1,-1,-1,-1
21, 38326.jpg,13,1323,528,60,124,-1,-1,-1,-1
21, 38326.jpg,15,745,611,65,166,-1,-1,-1,-1
21, 38326.jpg,16,1401,574,87,112,-1,-1,-1,-1
22, 38327.jpg,4,934,606,69,160,-1,-1,-1,-1
22, 38327.jpg,5,1006,523,54,131,-1,-1,-1,-1
22, 38327.jpg,6,916,573,52,137,-1,-1,-1,-1
22, 38327.jpg,7,540,604,80,142,-1,-1,-1,-1
22, 38327.jpg,8,1206,529,79,142,-1,-1,-1,-1
22, 38327.jpg,10,702,537,61,137,-1,-1,-1,-1
22, 38327.jpg,11,590,739,73,104,-1,-1,-1,-1
22, 38327.jpg,12,712,620,61,136,-1,-1,-1,-1
22, 38327.jpg,13,1331,525,60,128,-1,-1,-1,-1
22, 38327.jpg,15,754,619,64,160,-1,-1,-1,-1
22, 38327.jpg,16,1409,573,89,114,-1,-1,-1,-1
23, 38328.jpg,4,943,607,71,162,-1,-1,-1,-1
23, 38328.jpg,5,1013,523,54,133,-1,-1,-1,-1
23, 38328.jpg,6,923,572,56,146,-1,-1,-1,-1
23, 38328.jpg,7,552,604,79,143,-1,-1,-1,-1
23, 38328.jpg,8,1213,531,76,139,-1,-1,-1,-1
23, 38328.jpg,10,711,536,62,136,-1,-1,-1,-1
23, 38328.jpg,11,596,742,73,98,-1,-1,-1,-1
23, 38328.jpg,12,707,617,65,145,-1,-1,-1,-1
23, 38328.jpg,13,1332,541,61,131,-1,-1,-1,-1
23, 38328.jpg,15,761,621,62,157,-1,-1,-1,-1
23, 38328.jpg,16,1428,573,86,111,-1,-1,-1,-1
24, 38329.jpg,1,720,536,47,97,-1,-1,-1,-1
24, 38329.jpg,4,958,613,72,160,-1,-1,-1,-1
24, 38329.jpg,5,1024,528,53,133,-1,-1,-1,-1
24, 38329.jpg,6,928,573,58,148,-1,-1,-1,-1
24, 38329.jpg,7,564,604,76,142,-1,-1,-1,-1
24, 38329.jpg,8,1218,531,77,142,-1,-1,-1,-1
24, 38329.jpg,10,721,533,61,134,-1,-1,-1,-1
24, 38329.jpg,11,602,743,75,96,-1,-1,-1,-1
24, 38329.jpg,12,709,592,71,160,-1,-1,-1,-1
24, 38329.jpg,13,1334,551,63,133,-1,-1,-1,-1
24, 38329.jpg,15,766,619,64,159,-1,-1,-1,-1
24, 38329.jpg,16,1446,570,87,116,-1,-1,-1,-1
25, 38330.jpg,1,708,550,56,120,-1,-1,-1,-1
25, 38330.jpg,4,966,614,73,160,-1,-1,-1,-1
25, 38330.jpg,5,1034,527,53,131,-1,-1,-1,-1
25, 38330.jpg,6,941,583,63,158,-1,-1,-1,-1
25, 38330.jpg,7,574,606,75,140,-1,-1,-1,-1
25, 38330.jpg,8,1223,533,76,144,-1,-1,-1,-1
25, 38330.jpg,10,727,534,58,130,-1,-1,-1,-1
25, 38330.jpg,11,606,745,76,95,-1,-1,-1,-1
25, 38330.jpg,12,723,605,70,155,-1,-1,-1,-1
25, 38330.jpg,13,1336,552,64,138,-1,-1,-1,-1
25, 38330.jpg,15,774,620,64,161,-1,-1,-1,-1
25, 38330.jpg,16,1460,569,85,115,-1,-1,-1,-1
26, 38331.jpg,1,707,559,56,122,-1,-1,-1,-1
26, 38331.jpg,4,971,614,74,162,-1,-1,-1,-1
26, 38331.jpg,5,1044,529,53,130,-1,-1,-1,-1
26, 38331.jpg,6,947,579,60,153,-1,-1,-1,-1
26, 38331.jpg,7,582,605,74,140,-1,-1,-1,-1
26, 38331.jpg,8,1227,534,76,148,-1,-1,-1,-1
26, 38331.jpg,10,731,533,58,130,-1,-1,-1,-1
26, 38331.jpg,11,608,749,78,95,-1,-1,-1,-1
26, 38331.jpg,12,724,592,73,161,-1,-1,-1,-1
26, 38331.jpg,13,1347,557,63,137,-1,-1,-1,-1
26, 38331.jpg,15,778,618,63,155,-1,-1,-1,-1
26, 38331.jpg,16,1475,569,85,117,-1,-1,-1,-1
27, 38332.jpg,1,713,556,60,130,-1,-1,-1,-1
27, 38332.jpg,4,977,611,77,165,-1,-1,-1,-1
27, 38332.jpg,5,1053,528,55,133,-1,-1,-1,-1
27, 38332.jpg,6,955,580,61,153,-1,-1,-1,-1
27, 38332.jpg,7,592,605,71,139,-1,-1,-1,-1
27, 38332.jpg,8,1231,537,76,148,-1,-1,-1,-1
27, 38332.jpg,11,612,749,83,98,-1,-1,-1,-1
27, 38332.jpg,12,743,611,71,150,-1,-1,-1,-1
27, 38332.jpg,13,1355,563,61,131,-1,-1,-1,-1
27, 38332.jpg,15,785,619,64,156,-1,-1,-1,-1
27, 38332.jpg,16,1485,567,88,119,-1,-1,-1,-1
27, 38332.jpg,24,1370,492,46,112,-1,-1,-1,-1
28, 38333.jpg,1,714,584,60,132,-1,-1,-1,-1
28, 38333.jpg,4,989,617,77,162,-1,-1,-1,-1
28, 38333.jpg,5,1062,527,55,135,-1,-1,-1,-1
28, 38333.jpg,6,967,580,55,142,-1,-1,-1,-1
28, 38333.jpg,7,600,607,69,138,-1,-1,-1,-1
28, 38333.jpg,8,1236,539,76,150,-1,-1,-1,-1
28, 38333.jpg,10,737,545,46,106,-1,-1,-1,-1
28, 38333.jpg,11,616,750,82,97,-1,-1,-1,-1
28, 38333.jpg,12,768,614,71,151,-1,-1,-1,-1
28, 38333.jpg,13,1361,566,60,132,-1,-1,-1,-1
28, 38333.jpg,16,1496,565,89,121,-1,-1,-1,-1
28, 38333.jpg,24,1379,488,45,113,-1,-1,-1,-1
29, 38334.jpg,1,716,589,61,134,-1,-1,-1,-1
29, 38334.jpg,4,996,619,77,162,-1,-1,-1,-1
29, 38334.jpg,5,1069,528,57,138,-1,-1,-1,-1
29, 38334.jpg,6,977,582,51,134,-1,-1,-1,-1
29, 38334.jpg,7,608,607,70,142,-1,-1,-1,-1
29, 38334.jpg,8,1244,542,74,149,-1,-1,-1,-1
29, 38334.jpg,10,741,546,44,102,-1,-1,-1,-1
29, 38334.jpg,11,621,749,87,102,-1,-1,-1,-1
29, 38334.jpg,12,781,616,71,152,-1,-1,-1,-1
29, 38334.jpg,13,1376,550,55,120,-1,-1,-1,-1
29, 38334.jpg,16,1505,566,90,120,-1,-1,-1,-1
29, 38334.jpg,24,1385,487,43,107,-1,-1,-1,-1
30, 38335.jpg,1,716,587,70,152,-1,-1,-1,-1
30, 38335.jpg,4,1008,620,75,160,-1,-1,-1,-1
30, 38335.jpg,5,1076,530,58,138,-1,-1,-1,-1
30, 38335.jpg,6,988,582,51,134,-1,-1,-1,-1
30, 38335.jpg,7,614,606,71,146,-1,-1,-1,-1
30, 38335.jpg,8,1251,547,73,149,-1,-1,-1,-1
30, 38335.jpg,10,745,547,42,99,-1,-1,-1,-1
30, 38335.jpg,11,622,749,91,104,-1,-1,-1,-1
30, 38335.jpg,12,767,619,73,152,-1,-1,-1,-1
30, 38335.jpg,13,1381,539,57,126,-1,-1,-1,-1
30, 38335.jpg,16,1516,567,90,122,-1,-1,-1,-1
30, 38335.jpg,24,1391,488,43,107,-1,-1,-1,-1
31, 38336.jpg,1,721,570,68,139,-1,-1,-1,-1
31, 38336.jpg,4,1017,621,74,157,-1,-1,-1,-1
31, 38336.jpg,5,1084,533,59,139,-1,-1,-1,-1
31, 38336.jpg,6,994,581,54,143,-1,-1,-1,-1
31, 38336.jpg,7,623,608,69,142,-1,-1,-1,-1
31, 38336.jpg,8,1254,550,74,151,-1,-1,-1,-1
31, 38336.jpg,10,756,547,48,110,-1,-1,-1,-1
31, 38336.jpg,11,625,745,96,110,-1,-1,-1,-1
31, 38336.jpg,12,761,622,74,148,-1,-1,-1,-1
31, 38336.jpg,13,1383,551,61,140,-1,-1,-1,-1
31, 38336.jpg,16,1525,568,90,121,-1,-1,-1,-1
31, 38336.jpg,24,1394,492,42,106,-1,-1,-1,-1
32, 38337.jpg,1,723,573,69,140,-1,-1,-1,-1
32, 38337.jpg,4,1029,627,70,150,-1,-1,-1,-1
32, 38337.jpg,5,1094,536,58,138,-1,-1,-1,-1
32, 38337.jpg,6,1000,584,53,143,-1,-1,-1,-1
32, 38337.jpg,7,630,607,69,145,-1,-1,-1,-1
32, 38337.jpg,8,1259,553,72,148,-1,-1,-1,-1
32, 38337.jpg,10,761,548,47,109,-1,-1,-1,-1
32, 38337.jpg,11,627,745,94,108,-1,-1,-1,-1
32, 38337.jpg,12,782,620,74,149,-1,-1,-1,-1
32, 38337.jpg,13,1388,558,61,142,-1,-1,-1,-1
32, 38337.jpg,15,751,591,67,159,-1,-1,-1,-1
32, 38337.jpg,16,1537,567,90,123,-1,-1,-1,-1
32, 38337.jpg,24,1400,489,42,109,-1,-1,-1,-1
33, 38338.jpg,1,719,572,65,135,-1,-1,-1,-1
33, 38338.jpg,4,1043,632,66,146,-1,-1,-1,-1
33, 38338.jpg,5,1099,538,59,137,-1,-1,-1,-1
33, 38338.jpg,6,1019,587,51,140,-1,-1,-1,-1
33, 38338.jpg,7,634,606,70,148,-1,-1,-1,-1
33, 38338.jpg,8,1266,554,72,150,-1,-1,-1,-1
33, 38338.jpg,10,761,548,48,111,-1,-1,-1,-1
33, 38338.jpg,11,631,739,100,116,-1,-1,-1,-1
33, 38338.jpg,12,792,621,72,145,-1,-1,-1,-1
33, 38338.jpg,13,1395,564,61,141,-1,-1,-1,-1
33, 38338.jpg,15,746,611,63,153,-1,-1,-1,-1
33, 38338.jpg,16,1549,567,90,127,-1,-1,-1,-1
33, 38338.jpg,24,1405,489,41,107,-1,-1,-1,-1
34, 38339.jpg,1,728,583,72,145,-1,-1,-1,-1
34, 38339.jpg,4,1055,634,64,142,-1,-1,-1,-1
34, 38339.jpg,5,1105,538,58,138,-1,-1,-1,-1
34, 38339.jpg,6,1021,588,51,141,-1,-1,-1,-1
34, 38339.jpg,7,638,606,69,146,-1,-1,-1,-1
34, 38339.jpg,8,1268,555,74,152,-1,-1,-1,-1
34, 38339.jpg,10,765,549,47,110,-1,-1,-1,-1
34, 38339.jpg,11,636,733,101,118,-1,-1,-1,-1
34, 38339.jpg,12,797,619,73,147,-1,-1,-1,-1
34, 38339.jpg,13,1399,563,62,146,-1,-1,-1,-1
34, 38339.jpg,15,747,611,63,154,-1,-1,-1,-1
34, 38339.jpg,16,1566,567,88,128,-1,-1,-1,-1
34, 38339.jpg,24,1411,490,39,102,-1,-1,-1,-1
35, 38340.jpg,1,731,586,72,147,-1,-1,-1,-1
35, 38340.jpg,4,1058,633,65,144,-1,-1,-1,-1
35, 38340.jpg,5,1115,539,58,139,-1,-1,-1,-1
35, 38340.jpg,6,1023,589,51,140,-1,-1,-1,-1
35, 38340.jpg,7,646,606,66,143,-1,-1,-1,-1
35, 38340.jpg,8,1269,554,76,154,-1,-1,-1,-1
35, 38340.jpg,10,762,550,50,116,-1,-1,-1,-1
35, 38340.jpg,11,641,725,107,124,-1,-1,-1,-1
35, 38340.jpg,12,777,620,76,144,-1,-1,-1,-1
35, 38340.jpg,13,1404,565,62,146,-1,-1,-1,-1
35, 38340.jpg,16,1579,564,86,131,-1,-1,-1,-1
35, 38340.jpg,24,1415,491,41,109,-1,-1,-1,-1
36, 38341.jpg,1,732,600,73,152,-1,-1,-1,-1
36, 38341.jpg,4,1067,636,63,141,-1,-1,-1,-1
36, 38341.jpg,5,1122,540,57,137,-1,-1,-1,-1
36, 38341.jpg,6,1044,596,52,136,-1,-1,-1,-1
36, 38341.jpg,7,656,607,62,135,-1,-1,-1,-1
36, 38341.jpg,8,1274,554,75,153,-1,-1,-1,-1
36, 38341.jpg,10,771,551,47,109,-1,-1,-1,-1
36, 38341.jpg,11,645,718,114,132,-1,-1,-1,-1
36, 38341.jpg,12,794,618,74,143,-1,-1,-1,-1
36, 38341.jpg,13,1410,568,61,145,-1,-1,-1,-1
36, 38341.jpg,15,743,645,49,123,-1,-1,-1,-1
36, 38341.jpg,16,1591,562,84,131,-1,-1,-1,-1
36, 38341.jpg,24,1421,492,39,106,-1,-1,-1,-1
37, 38342.jpg,1,740,586,67,147,-1,-1,-1,-1
37, 38342.jpg,4,1061,619,65,143,-1,-1,-1,-1
37, 38342.jpg,5,1128,539,56,137,-1,-1,-1,-1
37, 38342.jpg,6,1053,598,52,135,-1,-1,-1,-1
37, 38342.jpg,7,664,606,59,130,-1,-1,-1,-1
37, 38342.jpg,8,1277,556,74,152,-1,-1,-1,-1
37, 38342.jpg,10,775,552,47,107,-1,-1,-1,-1
37, 38342.jpg,11,650,711,118,138,-1,-1,-1,-1
37, 38342.jpg,12,782,616,77,147,-1,-1,-1,-1
37, 38342.jpg,13,1415,568,62,147,-1,-1,-1,-1
37, 38342.jpg,15,741,644,48,126,-1,-1,-1,-1
37, 38342.jpg,16,1601,558,85,136,-1,-1,-1,-1
37, 38342.jpg,24,1426,488,41,112,-1,-1,-1,-1
38, 38343.jpg,1,737,603,65,146,-1,-1,-1,-1
38, 38343.jpg,4,1057,613,66,144,-1,-1,-1,-1
38, 38343.jpg,5,1137,540,55,134,-1,-1,-1,-1
38, 38343.jpg,7,673,603,58,128,-1,-1,-1,-1
38, 38343.jpg,8,1281,559,72,148,-1,-1,-1,-1
38, 38343.jpg,10,768,557,54,127,-1,-1,-1,-1
38, 38343.jpg,11,650,700,128,151,-1,-1,-1,-1
38, 38343.jpg,12,775,613,81,153,-1,-1,-1,-1
38, 38343.jpg,13,1419,570,61,146,-1,-1,-1,-1
38, 38343.jpg,15,740,647,48,123,-1,-1,-1,-1
38, 38343.jpg,16,1611,557,84,137,-1,-1,-1,-1
38, 38343.jpg,24,1431,489,39,111,-1,-1,-1,-1
39, 38344.jpg,1,739,607,61,142,-1,-1,-1,-1
39, 38344.jpg,4,1076,621,68,148,-1,-1,-1,-1
39, 38344.jpg,5,1144,542,55,136,-1,-1,-1,-1
39, 38344.jpg,6,1051,595,52,132,-1,-1,-1,-1
39, 38344.jpg,7,679,604,55,122,-1,-1,-1,-1
39, 38344.jpg,8,1284,559,72,149,-1,-1,-1,-1
39, 38344.jpg,10,779,553,44,102,-1,-1,-1,-1
39, 38344.jpg,11,649,690,131,161,-1,-1,-1,-1
39, 38344.jpg,12,764,611,81,148,-1,-1,-1,-1
39, 38344.jpg,13,1424,572,60,144,-1,-1,-1,-1
39, 38344.jpg,16,1620,558,83,137,-1,-1,-1,-1
39, 38344.jpg,24,1437,492,37,106,-1,-1,-1,-1
40, 38345.jpg,1,750,619,62,146,-1,-1,-1,-1
40, 38345.jpg,4,1092,625,68,148,-1,-1,-1,-1
40, 38345.jpg,5,1149,540,56,140,-1,-1,-1,-1
40, 38345.jpg,6,1064,599,60,148,-1,-1,-1,-1
40, 38345.jpg,7,683,602,54,123,-1,-1,-1,-1
40, 38345.jpg,8,1288,562,71,146,-1,-1,-1,-1
40, 38345.jpg,10,783,554,43,100,-1,-1,-1,-1
40, 38345.jpg,11,649,682,132,166,-1,-1,-1,-1
40, 38345.jpg,12,765,610,81,149,-1,-1,-1,-1
40, 38345.jpg,13,1430,577,60,142,-1,-1,-1,-1
40, 38345.jpg,16,1629,558,81,135,-1,-1,-1,-1
40, 38345.jpg,24,1440,493,39,111,-1,-1,-1,-1
