2, 13882.jpg,1,704,349,48,106,-1,-1,-1,-1
2, 13882.jpg,2,25,294,44,92,-1,-1,-1,-1
2, 13882.jpg,3,585,381,48,100,-1,-1,-1,-1
2, 13882.jpg,4,738,311,40,93,-1,-1,-1,-1
2, 13882.jpg,5,566,322,45,88,-1,-1,-1,-1
2, 13882.jpg,6,741,446,64,124,-1,-1,-1,-1
2, 13882.jpg,7,866,406,45,68,-1,-1,-1,-1
2, 13882.jpg,8,209,375,57,104,-1,-1,-1,-1
2, 13882.jpg,9,417,408,61,106,-1,-1,-1,-1
2, 13882.jpg,10,601,441,45,99,-1,-1,-1,-1
2, 13882.jpg,11,910,342,38,95,-1,-1,-1,-1
2, 13882.jpg,12,366,322,49,93,-1,-1,-1,-1
3, 13883.jpg,1,704,351,48,107,-1,-1,-1,-1
3, 13883.jpg,2,26,294,43,92,-1,-1,-1,-1
3, 13883.jpg,3,587,384,49,104,-1,-1,-1,-1
3, 13883.jpg,4,744,306,37,85,-1,-1,-1,-1
3, 13883.jpg,5,562,320,47,91,-1,-1,-1,-1
3, 13883.jpg,6,738,445,63,121,-1,-1,-1,-1
3, 13883.jpg,7,865,403,48,72,-1,-1,-1,-1
3, 13883.jpg,8,207,376,57,104,-1,-1,-1,-1
3, 13883.jpg,9,418,409,62,107,-1,-1,-1,-1
3, 13883.jpg,10,604,445,43,95,-1,-1,-1,-1
3, 13883.jpg,11,908,343,37,93,-1,-1,-1,-1
3, 13883.jpg,12,363,321,50,95,-1,-1,-1,-1
4, 13884.jpg,1,691,372,48,106,-1,-1,-1,-1
4, 13884.jpg,3,589,387,48,101,-1,-1,-1,-1
4, 13884.jpg,4,746,303,36,83,-1,-1,-1,-1
4, 13884.jpg,5,562,318,49,96,-1,-1,-1,-1
4, 13884.jpg,6,735,444,62,118,-1,-1,-1,-1
4, 13884.jpg,7,866,402,49,73,-1,-1,-1,-1
4, 13884.jpg,8,209,377,56,103,-1,-1,-1,-1
4, 13884.jpg,9,421,408,62,108,-1,-1,-1,-1
4, 13884.jpg,10,606,448,41,92,-1,-1,-1,-1
4, 13884.jpg,11,897,360,37,89,-1,-1,-1,-1
4, 13884.jpg,12,360,322,51,97,-1,-1,-1,-1
5, 13885.jpg,1,698,368,48,107,-1,-1,-1,-1
5, 13885.jpg,3,593,388,49,102,-1,-1,-1,-1
5, 13885.jpg,4,746,303,36,81,-1,-1,-1,-1
5, 13885.jpg,5,561,319,50,97,-1,-1,-1,-1
5, 13885.jpg,6,733,448,58,111,-1,-1,-1,-1
5, 13885.jpg,7,867,400,48,73,-1,-1,-1,-1
5, 13885.jpg,8,209,378,56,104,-1,-1,-1,-1
5, 13885.jpg,9,425,408,60,106,-1,-1,-1,-1
5, 13885.jpg,10,608,450,41,91,-1,-1,-1,-1
5, 13885.jpg,11,904,351,38,92,-1,-1,-1,-1
5, 13885.jpg,12,360,323,49,94,-1,-1,-1,-1
6, 13886.jpg,1,691,380,46,102,-1,-1,-1,-1
6, 13886.jpg,2,33,293,43,91,-1,-1,-1,-1
6, 13886.jpg,3,598,391,47,99,-1,-1,-1,-1
6, 13886.jpg,4,745,305,37,80,-1,-1,-1,-1
6, 13886.jpg,5,561,319,48,96,-1,-1,-1,-1
6, 13886.jpg,6,730,448,56,109,-1,-1,-1,-1
6, 13886.jpg,7,866,399,48,72,-1,-1,-1,-1
6, 13886.jpg,8,209,379,57,106,-1,-1,-1,-1
6, 13886.jpg,9,429,410,60,107,-1,-1,-1,-1
6, 13886.jpg,10,610,451,42,92,-1,-1,-1,-1
6, 13886.jpg,11,905,347,38,91,-1,-1,-1,-1
6, 13886.jpg,12,359,325,49,93,-1,-1,-1,-1
7, 13887.jpg,1,691,386,46,100,-1,-1,-1,-1
7, 13887.jpg,2,34,292,43,91,-1,-1,-1,-1
7, 13887.jpg,3,601,392,47,101,-1,-1,-1,-1
7, 13887.jpg,4,745,306,36,79,-1,-1,-1,-1
7, 13887.jpg,5,560,321,48,95,-1,-1,-1,-1
7, 13887.jpg,6,725,451,54,105,-1,-1,-1,-1
7, 13887.jpg,7,868,398,49,74,-1,-1,-1,-1
7, 13887.jpg,8,209,381,57,107,-1,-1,-1,-1
7, 13887.jpg,9,434,412,59,106,-1,-1,-1,-1
7, 13887.jpg,10,615,455,42,91,-1,-1,-1,-1
7, 13887.jpg,11,904,346,38,91,-1,-1,-1,-1
7, 13887.jpg,12,357,327,49,91,-1,-1,-1,-1
8, 13888.jpg,1,691,388,45,99,-1,-1,-1,-1
8, 13888.jpg,2,36,290,44,93,-1,-1,-1,-1
8, 13888.jpg,3,604,393,45,98,-1,-1,-1,-1
8, 13888.jpg,4,743,308,37,79,-1,-1,-1,-1
8, 13888.jpg,5,558,325,47,93,-1,-1,-1,-1
8, 13888.jpg,6,721,450,54,106,-1,-1,-1,-1
8, 13888.jpg,7,869,396,49,76,-1,-1,-1,-1
8, 13888.jpg,8,209,383,56,107,-1,-1,-1,-1
8, 13888.jpg,9,439,413,58,107,-1,-1,-1,-1
8, 13888.jpg,10,618,455,42,91,-1,-1,-1,-1
8, 13888.jpg,11,897,361,38,85,-1,-1,-1,-1
8, 13888.jpg,12,354,330,50,91,-1,-1,-1,-1
9, 13889.jpg,1,692,391,44,95,-1,-1,-1,-1
9, 13889.jpg,2,38,291,43,91,-1,-1,-1,-1
9, 13889.jpg,3,608,398,42,92,-1,-1,-1,-1
9, 13889.jpg,4,747,314,33,74,-1,-1,-1,-1
9, 13889.jpg,5,557,329,46,89,-1,-1,-1,-1
9, 13889.jpg,6,719,448,56,109,-1,-1,-1,-1
9, 13889.jpg,8,209,387,56,105,-1,-1,-1,-1
9, 13889.jpg,9,443,413,58,108,-1,-1,-1,-1
9, 13889.jpg,10,620,456,42,92,-1,-1,-1,-1
9, 13889.jpg,11,893,368,40,86,-1,-1,-1,-1
9, 13889.jpg,12,350,333,50,88,-1,-1,-1,-1
10, 13890.jpg,1,694,391,43,95,-1,-1,-1,-1
10, 13890.jpg,2,39,290,44,92,-1,-1,-1,-1
10, 13890.jpg,3,610,400,42,91,-1,-1,-1,-1
10, 13890.jpg,4,742,314,34,75,-1,-1,-1,-1
10, 13890.jpg,5,556,333,45,87,-1,-1,-1,-1
10, 13890.jpg,6,719,446,56,113,-1,-1,-1,-1
10, 13890.jpg,8,208,390,56,105,-1,-1,-1,-1
10, 13890.jpg,9,448,412,58,108,-1,-1,-1,-1
10, 13890.jpg,10,617,436,45,99,-1,-1,-1,-1
10, 13890.jpg,11,893,367,41,89,-1,-1,-1,-1
10, 13890.jpg,12,346,335,51,87,-1,-1,-1,-1
11, 13891.jpg,1,696,391,43,93,-1,-1,-1,-1
11, 13891.jpg,3,611,404,46,102,-1,-1,-1,-1
11, 13891.jpg,4,740,316,33,74,-1,-1,-1,-1
11, 13891.jpg,5,553,335,47,87,-1,-1,-1,-1
11, 13891.jpg,6,718,441,58,118,-1,-1,-1,-1
11, 13891.jpg,8,208,393,56,104,-1,-1,-1,-1
11, 13891.jpg,9,453,412,58,109,-1,-1,-1,-1
11, 13891.jpg,10,619,435,45,100,-1,-1,-1,-1
11, 13891.jpg,11,893,355,41,87,-1,-1,-1,-1
11, 13891.jpg,12,343,335,52,87,-1,-1,-1,-1
12, 13892.jpg,1,698,392,42,92,-1,-1,-1,-1
12, 13892.jpg,3,612,405,46,103,-1,-1,-1,-1
12, 13892.jpg,4,738,333,35,80,-1,-1,-1,-1
12, 13892.jpg,5,553,335,48,87,-1,-1,-1,-1
12, 13892.jpg,6,717,433,60,125,-1,-1,-1,-1
12, 13892.jpg,7,882,392,48,75,-1,-1,-1,-1
12, 13892.jpg,8,209,397,56,103,-1,-1,-1,-1
12, 13892.jpg,9,459,410,58,110,-1,-1,-1,-1
12, 13892.jpg,11,891,351,39,81,-1,-1,-1,-1
12, 13892.jpg,12,341,335,54,87,-1,-1,-1,-1
13, 13893.jpg,1,701,393,41,88,-1,-1,-1,-1
13, 13893.jpg,3,615,407,45,104,-1,-1,-1,-1
13, 13893.jpg,4,737,323,33,75,-1,-1,-1,-1
13, 13893.jpg,5,553,335,48,87,-1,-1,-1,-1
13, 13893.jpg,6,716,417,65,139,-1,-1,-1,-1
13, 13893.jpg,7,884,393,49,79,-1,-1,-1,-1
13, 13893.jpg,8,210,401,54,101,-1,-1,-1,-1
13, 13893.jpg,9,463,410,57,109,-1,-1,-1,-1
13, 13893.jpg,10,616,407,56,126,-1,-1,-1,-1
13, 13893.jpg,11,890,351,38,79,-1,-1,-1,-1
13, 13893.jpg,12,340,334,56,90,-1,-1,-1,-1
14, 13894.jpg,1,701,396,41,87,-1,-1,-1,-1
14, 13894.jpg,4,738,324,37,87,-1,-1,-1,-1
14, 13894.jpg,5,552,334,49,89,-1,-1,-1,-1
14, 13894.jpg,6,714,407,66,142,-1,-1,-1,-1
14, 13894.jpg,7,883,393,48,78,-1,-1,-1,-1
14, 13894.jpg,8,213,404,52,98,-1,-1,-1,-1
14, 13894.jpg,9,467,410,56,108,-1,-1,-1,-1
14, 13894.jpg,10,614,396,61,143,-1,-1,-1,-1
14, 13894.jpg,12,339,333,58,89,-1,-1,-1,-1
15, 13895.jpg,4,740,317,35,82,-1,-1,-1,-1
15, 13895.jpg,5,552,333,50,90,-1,-1,-1,-1
15, 13895.jpg,6,714,404,65,136,-1,-1,-1,-1
15, 13895.jpg,7,885,392,46,77,-1,-1,-1,-1
15, 13895.jpg,8,213,407,52,98,-1,-1,-1,-1
15, 13895.jpg,9,470,410,54,106,-1,-1,-1,-1
15, 13895.jpg,10,616,391,61,147,-1,-1,-1,-1
15, 13895.jpg,11,891,346,41,82,-1,-1,-1,-1
15, 13895.jpg,12,338,331,60,92,-1,-1,-1,-1
16, 13896.jpg,1,704,394,39,82,-1,-1,-1,-1
16, 13896.jpg,4,737,322,37,86,-1,-1,-1,-1
16, 13896.jpg,5,550,331,52,92,-1,-1,-1,-1
16, 13896.jpg,6,714,403,62,131,-1,-1,-1,-1
16, 13896.jpg,7,885,391,46,80,-1,-1,-1,-1
16, 13896.jpg,8,212,410,51,99,-1,-1,-1,-1
16, 13896.jpg,9,474,408,55,109,-1,-1,-1,-1
16, 13896.jpg,10,617,386,61,148,-1,-1,-1,-1
16, 13896.jpg,11,892,346,42,80,-1,-1,-1,-1
16, 13896.jpg,12,335,328,62,95,-1,-1,-1,-1
17, 13897.jpg,1,707,395,45,88,-1,-1,-1,-1
17, 13897.jpg,4,737,321,35,83,-1,-1,-1,-1
17, 13897.jpg,5,547,330,52,93,-1,-1,-1,-1
17, 13897.jpg,6,712,400,63,132,-1,-1,-1,-1
17, 13897.jpg,7,885,390,48,82,-1,-1,-1,-1
17, 13897.jpg,8,214,410,51,99,-1,-1,-1,-1
17, 13897.jpg,9,476,408,56,113,-1,-1,-1,-1
17, 13897.jpg,10,621,380,59,148,-1,-1,-1,-1
17, 13897.jpg,11,893,353,43,82,-1,-1,-1,-1
17, 13897.jpg,12,332,326,63,96,-1,-1,-1,-1
18, 13898.jpg,1,709,398,45,87,-1,-1,-1,-1
18, 13898.jpg,4,734,321,46,108,-1,-1,-1,-1
18, 13898.jpg,5,545,329,52,94,-1,-1,-1,-1
18, 13898.jpg,6,713,408,58,120,-1,-1,-1,-1
18, 13898.jpg,7,884,389,50,86,-1,-1,-1,-1
18, 13898.jpg,8,211,411,52,100,-1,-1,-1,-1
18, 13898.jpg,9,479,409,56,114,-1,-1,-1,-1
18, 13898.jpg,10,623,376,59,148,-1,-1,-1,-1
18, 13898.jpg,11,894,351,43,82,-1,-1,-1,-1
18, 13898.jpg,12,327,323,64,99,-1,-1,-1,-1
19, 13899.jpg,1,710,400,45,87,-1,-1,-1,-1
19, 13899.jpg,4,725,333,49,118,-1,-1,-1,-1
19, 13899.jpg,5,543,329,52,96,-1,-1,-1,-1
19, 13899.jpg,6,712,409,58,119,-1,-1,-1,-1
19, 13899.jpg,7,883,389,51,88,-1,-1,-1,-1
19, 13899.jpg,8,213,411,51,101,-1,-1,-1,-1
19, 13899.jpg,9,483,409,54,114,-1,-1,-1,-1
19, 13899.jpg,10,626,375,58,147,-1,-1,-1,-1
19, 13899.jpg,11,894,349,45,86,-1,-1,-1,-1
19, 13899.jpg,12,322,324,63,99,-1,-1,-1,-1
20, 13900.jpg,1,709,399,44,84,-1,-1,-1,-1
20, 13900.jpg,4,733,328,39,92,-1,-1,-1,-1
20, 13900.jpg,5,541,329,51,97,-1,-1,-1,-1
20, 13900.jpg,6,713,405,57,118,-1,-1,-1,-1
20, 13900.jpg,7,882,375,58,100,-1,-1,-1,-1
20, 13900.jpg,8,214,411,52,102,-1,-1,-1,-1
20, 13900.jpg,9,485,410,55,117,-1,-1,-1,-1
20, 13900.jpg,10,628,376,56,145,-1,-1,-1,-1
20, 13900.jpg,11,896,346,46,89,-1,-1,-1,-1
20, 13900.jpg,12,318,323,62,100,-1,-1,-1,-1
21, 13901.jpg,1,710,400,43,84,-1,-1,-1,-1
21, 13901.jpg,4,736,329,36,83,-1,-1,-1,-1
21, 13901.jpg,5,540,329,52,99,-1,-1,-1,-1
21, 13901.jpg,6,712,406,56,115,-1,-1,-1,-1
21, 13901.jpg,7,878,382,55,98,-1,-1,-1,-1
21, 13901.jpg,8,215,410,53,104,-1,-1,-1,-1
21, 13901.jpg,9,489,411,54,117,-1,-1,-1,-1
21, 13901.jpg,10,629,374,55,143,-1,-1,-1,-1
21, 13901.jpg,11,896,344,48,95,-1,-1,-1,-1
21, 13901.jpg,12,313,325,61,99,-1,-1,-1,-1
22, 13902.jpg,4,740,338,39,93,-1,-1,-1,-1
22, 13902.jpg,5,533,330,54,103,-1,-1,-1,-1
22, 13902.jpg,6,713,412,54,110,-1,-1,-1,-1
22, 13902.jpg,7,875,384,54,99,-1,-1,-1,-1
22, 13902.jpg,8,216,409,55,106,-1,-1,-1,-1
22, 13902.jpg,9,493,413,54,117,-1,-1,-1,-1
22, 13902.jpg,10,629,373,56,141,-1,-1,-1,-1
22, 13902.jpg,11,896,343,50,98,-1,-1,-1,-1
22, 13902.jpg,12,308,326,62,101,-1,-1,-1,-1
23, 13903.jpg,4,739,337,41,96,-1,-1,-1,-1
23, 13903.jpg,5,531,331,54,105,-1,-1,-1,-1
23, 13903.jpg,6,713,417,53,109,-1,-1,-1,-1
23, 13903.jpg,7,874,384,53,100,-1,-1,-1,-1
23, 13903.jpg,8,216,408,56,108,-1,-1,-1,-1
23, 13903.jpg,9,496,415,53,117,-1,-1,-1,-1
23, 13903.jpg,10,632,378,54,135,-1,-1,-1,-1
23, 13903.jpg,11,900,342,50,100,-1,-1,-1,-1
23, 13903.jpg,12,305,328,61,100,-1,-1,-1,-1
24, 13904.jpg,4,745,343,41,96,-1,-1,-1,-1
24, 13904.jpg,5,529,335,54,100,-1,-1,-1,-1
24, 13904.jpg,6,714,418,55,113,-1,-1,-1,-1
24, 13904.jpg,7,874,383,54,102,-1,-1,-1,-1
24, 13904.jpg,8,216,408,57,108,-1,-1,-1,-1
24, 13904.jpg,9,499,417,53,116,-1,-1,-1,-1
24, 13904.jpg,10,636,382,55,137,-1,-1,-1,-1
24, 13904.jpg,11,893,352,53,106,-1,-1,-1,-1
24, 13904.jpg,12,301,332,60,100,-1,-1,-1,-1
25, 13905.jpg,4,753,352,41,95,-1,-1,-1,-1
25, 13905.jpg,5,531,338,52,96,-1,-1,-1,-1
25, 13905.jpg,6,722,415,50,104,-1,-1,-1,-1
25, 13905.jpg,8,219,410,56,104,-1,-1,-1,-1
25, 13905.jpg,9,502,417,52,115,-1,-1,-1,-1
25, 13905.jpg,10,636,387,56,137,-1,-1,-1,-1
25, 13905.jpg,11,890,357,55,110,-1,-1,-1,-1
25, 13905.jpg,12,300,337,58,97,-1,-1,-1,-1
26, 13906.jpg,4,747,352,42,89,-1,-1,-1,-1
26, 13906.jpg,5,533,341,51,94,-1,-1,-1,-1
26, 13906.jpg,6,728,405,47,101,-1,-1,-1,-1
26, 13906.jpg,8,219,413,55,105,-1,-1,-1,-1
26, 13906.jpg,9,508,423,49,108,-1,-1,-1,-1
26, 13906.jpg,10,639,395,54,131,-1,-1,-1,-1
26, 13906.jpg,11,888,361,56,112,-1,-1,-1,-1
26, 13906.jpg,12,301,341,57,95,-1,-1,-1,-1
27, 13907.jpg,4,759,363,41,86,-1,-1,-1,-1
27, 13907.jpg,5,532,343,53,95,-1,-1,-1,-1
27, 13907.jpg,6,733,403,42,92,-1,-1,-1,-1
27, 13907.jpg,8,218,416,56,105,-1,-1,-1,-1
27, 13907.jpg,9,511,424,49,108,-1,-1,-1,-1
27, 13907.jpg,10,641,400,56,136,-1,-1,-1,-1
27, 13907.jpg,11,886,366,55,111,-1,-1,-1,-1
27, 13907.jpg,12,303,346,54,91,-1,-1,-1,-1
28, 13908.jpg,1,715,447,54,107,-1,-1,-1,-1
28, 13908.jpg,4,764,364,41,86,-1,-1,-1,-1
28, 13908.jpg,5,532,343,54,95,-1,-1,-1,-1
28, 13908.jpg,6,733,414,41,88,-1,-1,-1,-1
28, 13908.jpg,7,865,396,51,97,-1,-1,-1,-1
28, 13908.jpg,8,218,418,54,103,-1,-1,-1,-1
28, 13908.jpg,9,513,421,50,111,-1,-1,-1,-1
28, 13908.jpg,10,642,405,57,137,-1,-1,-1,-1
28, 13908.jpg,11,897,354,56,116,-1,-1,-1,-1
28, 13908.jpg,12,306,353,50,82,-1,-1,-1,-1
29, 13909.jpg,1,717,455,51,103,-1,-1,-1,-1
29, 13909.jpg,4,769,367,41,85,-1,-1,-1,-1
29, 13909.jpg,5,530,341,55,97,-1,-1,-1,-1
29, 13909.jpg,6,735,406,40,86,-1,-1,-1,-1
29, 13909.jpg,7,864,401,49,97,-1,-1,-1,-1
29, 13909.jpg,8,218,419,54,104,-1,-1,-1,-1
29, 13909.jpg,9,514,421,50,111,-1,-1,-1,-1
29, 13909.jpg,10,641,411,56,132,-1,-1,-1,-1
29, 13909.jpg,11,901,355,55,113,-1,-1,-1,-1
29, 13909.jpg,12,309,358,46,74,-1,-1,-1,-1
29, 13909.jpg,20,723,324,55,75,-1,-1,-1,-1
30, 13910.jpg,1,718,458,49,100,-1,-1,-1,-1
30, 13910.jpg,4,771,370,40,82,-1,-1,-1,-1
30, 13910.jpg,5,527,336,58,103,-1,-1,-1,-1
30, 13910.jpg,6,736,400,37,81,-1,-1,-1,-1
30, 13910.jpg,7,860,407,49,97,-1,-1,-1,-1
30, 13910.jpg,8,218,421,52,100,-1,-1,-1,-1
30, 13910.jpg,9,514,421,49,111,-1,-1,-1,-1
30, 13910.jpg,10,641,418,56,127,-1,-1,-1,-1
30, 13910.jpg,11,902,359,53,109,-1,-1,-1,-1
30, 13910.jpg,12,310,364,44,66,-1,-1,-1,-1
30, 13910.jpg,20,717,324,58,77,-1,-1,-1,-1
31, 13911.jpg,1,718,457,48,99,-1,-1,-1,-1
31, 13911.jpg,4,767,372,41,81,-1,-1,-1,-1
31, 13911.jpg,5,522,332,60,105,-1,-1,-1,-1
31, 13911.jpg,6,735,397,36,79,-1,-1,-1,-1
31, 13911.jpg,7,857,411,48,95,-1,-1,-1,-1
31, 13911.jpg,8,217,421,51,99,-1,-1,-1,-1
31, 13911.jpg,9,512,421,49,109,-1,-1,-1,-1
31, 13911.jpg,10,643,427,55,121,-1,-1,-1,-1
31, 13911.jpg,11,899,362,52,106,-1,-1,-1,-1
31, 13911.jpg,12,310,368,43,62,-1,-1,-1,-1
31, 13911.jpg,20,715,325,57,78,-1,-1,-1,-1
32, 13912.jpg,1,717,454,49,102,-1,-1,-1,-1
32, 13912.jpg,4,764,372,41,82,-1,-1,-1,-1
32, 13912.jpg,5,517,328,61,108,-1,-1,-1,-1
32, 13912.jpg,6,733,394,37,80,-1,-1,-1,-1
32, 13912.jpg,7,856,412,47,94,-1,-1,-1,-1
32, 13912.jpg,8,211,419,52,104,-1,-1,-1,-1
32, 13912.jpg,9,510,422,48,108,-1,-1,-1,-1
32, 13912.jpg,10,643,431,57,125,-1,-1,-1,-1
32, 13912.jpg,11,895,369,53,104,-1,-1,-1,-1
32, 13912.jpg,12,304,369,43,62,-1,-1,-1,-1
32, 13912.jpg,20,713,327,56,77,-1,-1,-1,-1
33, 13913.jpg,1,715,451,50,105,-1,-1,-1,-1
33, 13913.jpg,4,759,369,44,86,-1,-1,-1,-1
33, 13913.jpg,5,513,326,61,107,-1,-1,-1,-1
33, 13913.jpg,6,731,384,39,84,-1,-1,-1,-1
33, 13913.jpg,7,854,409,48,98,-1,-1,-1,-1
33, 13913.jpg,8,204,417,55,110,-1,-1,-1,-1
33, 13913.jpg,9,508,419,50,114,-1,-1,-1,-1
33, 13913.jpg,10,639,433,57,124,-1,-1,-1,-1
33, 13913.jpg,11,896,378,50,96,-1,-1,-1,-1
33, 13913.jpg,12,299,371,44,62,-1,-1,-1,-1
33, 13913.jpg,20,710,328,56,76,-1,-1,-1,-1
34, 13914.jpg,1,712,445,53,113,-1,-1,-1,-1
34, 13914.jpg,2,65,304,40,74,-1,-1,-1,-1
34, 13914.jpg,3,622,422,47,110,-1,-1,-1,-1
34, 13914.jpg,4,756,368,45,87,-1,-1,-1,-1
34, 13914.jpg,5,509,323,59,108,-1,-1,-1,-1
34, 13914.jpg,6,732,381,38,83,-1,-1,-1,-1
34, 13914.jpg,7,852,410,48,99,-1,-1,-1,-1
34, 13914.jpg,8,199,415,56,114,-1,-1,-1,-1
34, 13914.jpg,9,503,419,50,114,-1,-1,-1,-1
34, 13914.jpg,10,634,434,58,125,-1,-1,-1,-1
34, 13914.jpg,11,882,390,50,93,-1,-1,-1,-1
34, 13914.jpg,12,296,372,45,61,-1,-1,-1,-1
34, 13914.jpg,20,705,326,57,79,-1,-1,-1,-1
35, 13915.jpg,1,711,443,53,116,-1,-1,-1,-1
35, 13915.jpg,2,66,305,39,73,-1,-1,-1,-1
35, 13915.jpg,3,616,421,49,113,-1,-1,-1,-1
35, 13915.jpg,4,753,369,44,85,-1,-1,-1,-1
35, 13915.jpg,5,505,322,56,105,-1,-1,-1,-1
35, 13915.jpg,6,722,389,41,87,-1,-1,-1,-1
35, 13915.jpg,8,193,412,57,120,-1,-1,-1,-1
35, 13915.jpg,9,499,414,50,118,-1,-1,-1,-1
35, 13915.jpg,10,629,434,59,126,-1,-1,-1,-1
35, 13915.jpg,11,876,397,50,90,-1,-1,-1,-1
35, 13915.jpg,12,294,372,46,61,-1,-1,-1,-1
35, 13915.jpg,20,704,324,59,80,-1,-1,-1,-1
36, 13916.jpg,1,712,439,53,119,-1,-1,-1,-1
36, 13916.jpg,3,612,420,49,116,-1,-1,-1,-1
36, 13916.jpg,4,753,371,44,85,-1,-1,-1,-1
36, 13916.jpg,5,501,321,55,103,-1,-1,-1,-1
36, 13916.jpg,6,720,373,44,87,-1,-1,-1,-1
36, 13916.jpg,8,187,410,59,127,-1,-1,-1,-1
36, 13916.jpg,9,495,411,51,121,-1,-1,-1,-1
36, 13916.jpg,10,629,437,59,125,-1,-1,-1,-1
36, 13916.jpg,11,866,400,53,89,-1,-1,-1,-1
36, 13916.jpg,12,291,371,48,61,-1,-1,-1,-1
36, 13916.jpg,20,701,322,59,80,-1,-1,-1,-1
37, 13917.jpg,1,712,437,53,118,-1,-1,-1,-1
37, 13917.jpg,3,604,418,50,119,-1,-1,-1,-1
37, 13917.jpg,5,496,320,54,102,-1,-1,-1,-1
37, 13917.jpg,6,720,369,43,87,-1,-1,-1,-1
37, 13917.jpg,8,183,408,60,131,-1,-1,-1,-1
37, 13917.jpg,9,490,410,50,119,-1,-1,-1,-1
37, 13917.jpg,10,628,435,58,127,-1,-1,-1,-1
37, 13917.jpg,11,864,406,53,85,-1,-1,-1,-1
37, 13917.jpg,12,282,367,51,66,-1,-1,-1,-1
37, 13917.jpg,20,704,332,64,88,-1,-1,-1,-1
38, 13918.jpg,1,711,437,51,117,-1,-1,-1,-1
38, 13918.jpg,3,605,423,53,124,-1,-1,-1,-1
38, 13918.jpg,5,493,320,51,99,-1,-1,-1,-1
38, 13918.jpg,6,712,359,54,104,-1,-1,-1,-1
38, 13918.jpg,8,179,408,60,135,-1,-1,-1,-1
38, 13918.jpg,9,486,407,51,124,-1,-1,-1,-1
38, 13918.jpg,10,629,435,55,125,-1,-1,-1,-1
38, 13918.jpg,11,860,410,54,82,-1,-1,-1,-1
38, 13918.jpg,12,276,364,54,70,-1,-1,-1,-1
38, 13918.jpg,20,709,323,59,82,-1,-1,-1,-1
39, 13919.jpg,1,710,415,47,103,-1,-1,-1,-1
39, 13919.jpg,3,597,418,53,127,-1,-1,-1,-1
39, 13919.jpg,5,490,323,50,95,-1,-1,-1,-1
39, 13919.jpg,6,719,345,55,103,-1,-1,-1,-1
39, 13919.jpg,7,841,406,55,107,-1,-1,-1,-1
39, 13919.jpg,8,176,409,58,133,-1,-1,-1,-1
39, 13919.jpg,9,482,404,52,127,-1,-1,-1,-1
39, 13919.jpg,10,627,436,54,123,-1,-1,-1,-1
39, 13919.jpg,11,857,414,53,81,-1,-1,-1,-1
39, 13919.jpg,12,270,360,57,77,-1,-1,-1,-1
39, 13919.jpg,20,712,320,58,81,-1,-1,-1,-1
40, 13920.jpg,1,710,430,51,113,-1,-1,-1,-1
40, 13920.jpg,3,589,415,52,126,-1,-1,-1,-1
40, 13920.jpg,5,489,325,47,91,-1,-1,-1,-1
40, 13920.jpg,6,713,357,56,103,-1,-1,-1,-1
40, 13920.jpg,7,839,408,57,106,-1,-1,-1,-1
40, 13920.jpg,8,174,413,56,129,-1,-1,-1,-1
40, 13920.jpg,9,480,402,50,126,-1,-1,-1,-1
40, 13920.jpg,10,629,438,52,122,-1,-1,-1,-1
40, 13920.jpg,12,266,357,59,81,-1,-1,-1,-1
40, 13920.jpg,20,715,318,57,80,-1,-1,-1,-1
