2, 21987.jpg,1,909,351,97,58,-1,-1,-1,-1
2, 21987.jpg,2,529,364,34,80,-1,-1,-1,-1
2, 21987.jpg,3,523,378,46,137,-1,-1,-1,-1
2, 21987.jpg,4,627,331,38,113,-1,-1,-1,-1
2, 21987.jpg,5,752,457,65,138,-1,-1,-1,-1
2, 21987.jpg,6,474,300,58,91,-1,-1,-1,-1
2, 21987.jpg,7,767,381,56,117,-1,-1,-1,-1
2, 21987.jpg,8,655,277,39,87,-1,-1,-1,-1
2, 21987.jpg,9,285,272,43,106,-1,-1,-1,-1
2, 21987.jpg,10,210,351,40,93,-1,-1,-1,-1
2, 21987.jpg,11,835,279,40,82,-1,-1,-1,-1
2, 21987.jpg,12,244,424,56,122,-1,-1,-1,-1
3, 21988.jpg,1,927,355,99,58,-1,-1,-1,-1
3, 21988.jpg,2,528,360,36,87,-1,-1,-1,-1
3, 21988.jpg,3,527,389,42,125,-1,-1,-1,-1
3, 21988.jpg,4,631,337,37,108,-1,-1,-1,-1
3, 21988.jpg,5,749,456,64,133,-1,-1,-1,-1
3, 21988.jpg,6,477,300,58,91,-1,-1,-1,-1
3, 21988.jpg,7,768,381,54,116,-1,-1,-1,-1
3, 21988.jpg,8,653,278,40,86,-1,-1,-1,-1
3, 21988.jpg,9,283,273,43,107,-1,-1,-1,-1
3, 21988.jpg,10,209,352,41,93,-1,-1,-1,-1
3, 21988.jpg,11,832,279,41,85,-1,-1,-1,-1
3, 21988.jpg,12,245,424,57,122,-1,-1,-1,-1
4, 21989.jpg,1,931,354,105,60,-1,-1,-1,-1
4, 21989.jpg,2,531,362,34,81,-1,-1,-1,-1
4, 21989.jpg,3,532,398,38,113,-1,-1,-1,-1
4, 21989.jpg,4,637,346,36,104,-1,-1,-1,-1
4, 21989.jpg,5,744,456,63,130,-1,-1,-1,-1
4, 21989.jpg,6,478,298,60,93,-1,-1,-1,-1
4, 21989.jpg,7,770,382,51,111,-1,-1,-1,-1
4, 21989.jpg,8,649,281,41,85,-1,-1,-1,-1
4, 21989.jpg,9,281,275,43,106,-1,-1,-1,-1
4, 21989.jpg,10,208,355,41,93,-1,-1,-1,-1
4, 21989.jpg,11,827,279,43,87,-1,-1,-1,-1
4, 21989.jpg,12,246,424,57,121,-1,-1,-1,-1
5, 21990.jpg,1,929,352,110,63,-1,-1,-1,-1
5, 21990.jpg,2,538,361,34,79,-1,-1,-1,-1
5, 21990.jpg,3,534,400,37,110,-1,-1,-1,-1
5, 21990.jpg,4,639,348,38,107,-1,-1,-1,-1
5, 21990.jpg,5,736,452,65,131,-1,-1,-1,-1
5, 21990.jpg,6,481,298,61,93,-1,-1,-1,-1
5, 21990.jpg,7,771,383,49,108,-1,-1,-1,-1
5, 21990.jpg,8,646,284,43,86,-1,-1,-1,-1
5, 21990.jpg,9,278,280,43,103,-1,-1,-1,-1
5, 21990.jpg,10,205,358,43,96,-1,-1,-1,-1
5, 21990.jpg,11,823,279,44,88,-1,-1,-1,-1
5, 21990.jpg,12,248,426,57,119,-1,-1,-1,-1
6, 21991.jpg,1,930,352,112,64,-1,-1,-1,-1
6, 21991.jpg,2,540,367,30,71,-1,-1,-1,-1
6, 21991.jpg,3,535,400,38,110,-1,-1,-1,-1
6, 21991.jpg,4,642,351,38,107,-1,-1,-1,-1
6, 21991.jpg,5,728,449,68,134,-1,-1,-1,-1
6, 21991.jpg,6,484,296,62,96,-1,-1,-1,-1
6, 21991.jpg,7,771,383,49,107,-1,-1,-1,-1
6, 21991.jpg,8,643,286,44,88,-1,-1,-1,-1
6, 21991.jpg,9,276,283,43,101,-1,-1,-1,-1
6, 21991.jpg,10,202,361,45,99,-1,-1,-1,-1
6, 21991.jpg,11,819,279,46,93,-1,-1,-1,-1
6, 21991.jpg,12,249,428,57,116,-1,-1,-1,-1
7, 21992.jpg,1,934,351,113,65,-1,-1,-1,-1
7, 21992.jpg,2,542,368,29,69,-1,-1,-1,-1
7, 21992.jpg,3,536,398,39,111,-1,-1,-1,-1
7, 21992.jpg,4,645,352,39,108,-1,-1,-1,-1
7, 21992.jpg,5,721,448,69,133,-1,-1,-1,-1
7, 21992.jpg,6,490,295,64,97,-1,-1,-1,-1
7, 21992.jpg,7,770,384,49,108,-1,-1,-1,-1
7, 21992.jpg,8,640,288,46,90,-1,-1,-1,-1
7, 21992.jpg,9,274,287,43,99,-1,-1,-1,-1
7, 21992.jpg,10,199,365,46,100,-1,-1,-1,-1
7, 21992.jpg,11,817,281,47,93,-1,-1,-1,-1
7, 21992.jpg,12,249,429,57,114,-1,-1,-1,-1
7, 21992.jpg,13,930,352,52,56,-1,-1,-1,-1
8, 21993.jpg,1,930,350,117,67,-1,-1,-1,-1
8, 21993.jpg,3,539,373,37,106,-1,-1,-1,-1
8, 21993.jpg,4,649,355,40,109,-1,-1,-1,-1
8, 21993.jpg,5,713,447,66,130,-1,-1,-1,-1
8, 21993.jpg,6,498,297,61,93,-1,-1,-1,-1
8, 21993.jpg,7,770,385,49,108,-1,-1,-1,-1
8, 21993.jpg,8,638,290,46,91,-1,-1,-1,-1
8, 21993.jpg,9,272,291,43,96,-1,-1,-1,-1
8, 21993.jpg,10,196,370,47,100,-1,-1,-1,-1
8, 21993.jpg,11,812,283,46,92,-1,-1,-1,-1
8, 21993.jpg,12,248,429,59,115,-1,-1,-1,-1
8, 21993.jpg,13,933,352,51,57,-1,-1,-1,-1
9, 21994.jpg,1,931,351,115,67,-1,-1,-1,-1
9, 21994.jpg,3,541,391,40,110,-1,-1,-1,-1
9, 21994.jpg,4,653,354,41,110,-1,-1,-1,-1
9, 21994.jpg,5,708,448,63,125,-1,-1,-1,-1
9, 21994.jpg,6,504,297,60,92,-1,-1,-1,-1
9, 21994.jpg,7,767,383,50,111,-1,-1,-1,-1
9, 21994.jpg,8,637,288,47,96,-1,-1,-1,-1
9, 21994.jpg,9,273,296,42,91,-1,-1,-1,-1
9, 21994.jpg,10,195,373,47,100,-1,-1,-1,-1
9, 21994.jpg,11,808,285,46,93,-1,-1,-1,-1
9, 21994.jpg,12,248,428,60,116,-1,-1,-1,-1
10, 21995.jpg,1,933,352,104,61,-1,-1,-1,-1
10, 21995.jpg,2,542,354,41,95,-1,-1,-1,-1
10, 21995.jpg,3,542,388,43,119,-1,-1,-1,-1
10, 21995.jpg,4,657,356,40,108,-1,-1,-1,-1
10, 21995.jpg,5,702,448,64,127,-1,-1,-1,-1
10, 21995.jpg,6,511,299,59,90,-1,-1,-1,-1
10, 21995.jpg,7,769,384,49,109,-1,-1,-1,-1
10, 21995.jpg,8,635,289,48,99,-1,-1,-1,-1
10, 21995.jpg,9,273,300,43,88,-1,-1,-1,-1
10, 21995.jpg,10,194,378,47,97,-1,-1,-1,-1
10, 21995.jpg,11,807,288,44,91,-1,-1,-1,-1
10, 21995.jpg,12,249,427,61,116,-1,-1,-1,-1
11, 21996.jpg,1,937,353,100,60,-1,-1,-1,-1
11, 21996.jpg,2,542,349,43,102,-1,-1,-1,-1
11, 21996.jpg,3,542,401,42,110,-1,-1,-1,-1
11, 21996.jpg,4,662,356,41,109,-1,-1,-1,-1
11, 21996.jpg,5,697,446,63,129,-1,-1,-1,-1
11, 21996.jpg,6,522,303,52,80,-1,-1,-1,-1
11, 21996.jpg,7,770,384,48,107,-1,-1,-1,-1
11, 21996.jpg,8,633,288,50,103,-1,-1,-1,-1
11, 21996.jpg,9,275,303,42,84,-1,-1,-1,-1
11, 21996.jpg,10,195,381,45,95,-1,-1,-1,-1
11, 21996.jpg,11,804,290,44,91,-1,-1,-1,-1
11, 21996.jpg,12,250,426,61,115,-1,-1,-1,-1
12, 21997.jpg,1,936,353,102,62,-1,-1,-1,-1
12, 21997.jpg,2,545,352,39,94,-1,-1,-1,-1
12, 21997.jpg,3,541,406,43,107,-1,-1,-1,-1
12, 21997.jpg,4,667,355,41,111,-1,-1,-1,-1
12, 21997.jpg,5,690,444,65,134,-1,-1,-1,-1
12, 21997.jpg,6,530,305,49,76,-1,-1,-1,-1
12, 21997.jpg,7,771,383,47,107,-1,-1,-1,-1
12, 21997.jpg,8,633,286,51,105,-1,-1,-1,-1
12, 21997.jpg,9,276,305,42,81,-1,-1,-1,-1
12, 21997.jpg,10,196,383,44,92,-1,-1,-1,-1
12, 21997.jpg,11,800,289,45,92,-1,-1,-1,-1
12, 21997.jpg,12,251,427,61,113,-1,-1,-1,-1
13, 21998.jpg,1,940,353,100,62,-1,-1,-1,-1
13, 21998.jpg,2,543,348,44,106,-1,-1,-1,-1
13, 21998.jpg,3,539,392,48,119,-1,-1,-1,-1
13, 21998.jpg,4,671,356,43,111,-1,-1,-1,-1
13, 21998.jpg,5,684,440,65,134,-1,-1,-1,-1
13, 21998.jpg,6,534,304,50,80,-1,-1,-1,-1
13, 21998.jpg,7,771,382,46,107,-1,-1,-1,-1
13, 21998.jpg,8,635,284,49,105,-1,-1,-1,-1
13, 21998.jpg,9,276,306,42,79,-1,-1,-1,-1
13, 21998.jpg,10,196,383,45,92,-1,-1,-1,-1
13, 21998.jpg,11,798,290,45,91,-1,-1,-1,-1
13, 21998.jpg,12,253,426,60,111,-1,-1,-1,-1
14, 21999.jpg,1,942,353,100,62,-1,-1,-1,-1
14, 21999.jpg,2,543,347,46,112,-1,-1,-1,-1
14, 21999.jpg,3,535,403,47,109,-1,-1,-1,-1
14, 21999.jpg,4,677,359,42,110,-1,-1,-1,-1
14, 21999.jpg,5,681,443,62,126,-1,-1,-1,-1
14, 21999.jpg,6,539,304,50,81,-1,-1,-1,-1
14, 21999.jpg,7,770,381,46,109,-1,-1,-1,-1
14, 21999.jpg,8,637,275,50,112,-1,-1,-1,-1
14, 21999.jpg,9,277,305,43,79,-1,-1,-1,-1
14, 21999.jpg,10,196,384,45,92,-1,-1,-1,-1
14, 21999.jpg,11,794,289,47,93,-1,-1,-1,-1
14, 21999.jpg,12,255,426,60,107,-1,-1,-1,-1
14, 21999.jpg,13,952,353,62,65,-1,-1,-1,-1
15, 22000.jpg,2,546,350,46,108,-1,-1,-1,-1
15, 22000.jpg,3,530,406,51,106,-1,-1,-1,-1
15, 22000.jpg,4,679,360,44,112,-1,-1,-1,-1
15, 22000.jpg,5,678,443,61,121,-1,-1,-1,-1
15, 22000.jpg,6,543,301,50,84,-1,-1,-1,-1
15, 22000.jpg,7,769,380,47,111,-1,-1,-1,-1
15, 22000.jpg,8,638,266,51,117,-1,-1,-1,-1
15, 22000.jpg,9,277,305,45,80,-1,-1,-1,-1
15, 22000.jpg,10,195,386,46,93,-1,-1,-1,-1
15, 22000.jpg,11,790,289,48,95,-1,-1,-1,-1
15, 22000.jpg,12,259,427,59,104,-1,-1,-1,-1
15, 22000.jpg,13,955,352,64,66,-1,-1,-1,-1
16, 22001.jpg,2,553,356,43,102,-1,-1,-1,-1
16, 22001.jpg,3,526,403,57,111,-1,-1,-1,-1
16, 22001.jpg,4,683,365,42,105,-1,-1,-1,-1
16, 22001.jpg,5,677,442,61,122,-1,-1,-1,-1
16, 22001.jpg,6,546,299,50,87,-1,-1,-1,-1
16, 22001.jpg,7,770,381,45,109,-1,-1,-1,-1
16, 22001.jpg,8,641,259,52,124,-1,-1,-1,-1
16, 22001.jpg,9,277,302,47,83,-1,-1,-1,-1
16, 22001.jpg,10,194,387,48,96,-1,-1,-1,-1
16, 22001.jpg,11,787,291,48,92,-1,-1,-1,-1
16, 22001.jpg,12,263,430,57,99,-1,-1,-1,-1
16, 22001.jpg,13,958,350,65,67,-1,-1,-1,-1
17, 22002.jpg,2,554,356,45,104,-1,-1,-1,-1
17, 22002.jpg,3,523,391,64,120,-1,-1,-1,-1
17, 22002.jpg,4,689,367,42,101,-1,-1,-1,-1
17, 22002.jpg,5,675,440,62,121,-1,-1,-1,-1
17, 22002.jpg,6,549,295,50,89,-1,-1,-1,-1
17, 22002.jpg,7,770,381,45,109,-1,-1,-1,-1
17, 22002.jpg,8,644,254,54,130,-1,-1,-1,-1
17, 22002.jpg,9,278,299,49,86,-1,-1,-1,-1
17, 22002.jpg,10,194,388,50,98,-1,-1,-1,-1
17, 22002.jpg,11,783,292,48,93,-1,-1,-1,-1
17, 22002.jpg,12,266,433,56,94,-1,-1,-1,-1
17, 22002.jpg,13,960,348,67,69,-1,-1,-1,-1
18, 22003.jpg,3,522,384,70,126,-1,-1,-1,-1
18, 22003.jpg,4,693,367,45,107,-1,-1,-1,-1
18, 22003.jpg,5,675,440,60,117,-1,-1,-1,-1
18, 22003.jpg,6,553,288,53,97,-1,-1,-1,-1
18, 22003.jpg,7,771,382,44,107,-1,-1,-1,-1
18, 22003.jpg,8,646,249,53,132,-1,-1,-1,-1
18, 22003.jpg,9,280,295,52,90,-1,-1,-1,-1
18, 22003.jpg,10,195,389,51,99,-1,-1,-1,-1
18, 22003.jpg,11,780,295,46,90,-1,-1,-1,-1
18, 22003.jpg,12,269,434,55,91,-1,-1,-1,-1
18, 22003.jpg,13,960,345,70,73,-1,-1,-1,-1
19, 22004.jpg,2,558,353,48,109,-1,-1,-1,-1
19, 22004.jpg,3,520,391,68,118,-1,-1,-1,-1
19, 22004.jpg,4,697,367,48,113,-1,-1,-1,-1
19, 22004.jpg,5,672,437,62,121,-1,-1,-1,-1
19, 22004.jpg,6,555,273,56,107,-1,-1,-1,-1
19, 22004.jpg,7,773,382,43,107,-1,-1,-1,-1
19, 22004.jpg,8,650,251,50,125,-1,-1,-1,-1
19, 22004.jpg,9,282,290,56,97,-1,-1,-1,-1
19, 22004.jpg,10,197,390,52,99,-1,-1,-1,-1
19, 22004.jpg,11,777,297,46,90,-1,-1,-1,-1
19, 22004.jpg,12,275,436,55,90,-1,-1,-1,-1
19, 22004.jpg,13,962,344,72,75,-1,-1,-1,-1
20, 22005.jpg,2,547,362,53,112,-1,-1,-1,-1
20, 22005.jpg,3,519,391,69,118,-1,-1,-1,-1
20, 22005.jpg,4,703,367,48,113,-1,-1,-1,-1
20, 22005.jpg,5,671,432,61,124,-1,-1,-1,-1
20, 22005.jpg,6,558,267,56,111,-1,-1,-1,-1
20, 22005.jpg,7,774,381,44,110,-1,-1,-1,-1
20, 22005.jpg,8,655,252,47,119,-1,-1,-1,-1
20, 22005.jpg,9,286,286,57,98,-1,-1,-1,-1
20, 22005.jpg,10,199,388,53,100,-1,-1,-1,-1
20, 22005.jpg,11,775,298,45,92,-1,-1,-1,-1
20, 22005.jpg,12,278,437,55,88,-1,-1,-1,-1
20, 22005.jpg,13,963,343,74,77,-1,-1,-1,-1
21, 22006.jpg,2,556,355,53,111,-1,-1,-1,-1
21, 22006.jpg,3,507,392,66,117,-1,-1,-1,-1
21, 22006.jpg,4,711,370,47,110,-1,-1,-1,-1
21, 22006.jpg,5,670,425,63,130,-1,-1,-1,-1
21, 22006.jpg,6,563,259,56,114,-1,-1,-1,-1
21, 22006.jpg,7,776,378,44,113,-1,-1,-1,-1
21, 22006.jpg,8,659,251,46,120,-1,-1,-1,-1
21, 22006.jpg,9,292,282,57,99,-1,-1,-1,-1
21, 22006.jpg,10,203,385,54,103,-1,-1,-1,-1
21, 22006.jpg,11,773,298,48,100,-1,-1,-1,-1
21, 22006.jpg,12,283,436,55,86,-1,-1,-1,-1
21, 22006.jpg,13,965,341,76,79,-1,-1,-1,-1
22, 22007.jpg,2,559,352,54,111,-1,-1,-1,-1
22, 22007.jpg,3,504,392,65,118,-1,-1,-1,-1
22, 22007.jpg,4,716,370,46,111,-1,-1,-1,-1
22, 22007.jpg,5,669,419,64,135,-1,-1,-1,-1
22, 22007.jpg,6,570,256,53,112,-1,-1,-1,-1
22, 22007.jpg,7,779,373,46,120,-1,-1,-1,-1
22, 22007.jpg,8,663,255,45,118,-1,-1,-1,-1
22, 22007.jpg,9,300,278,57,100,-1,-1,-1,-1
22, 22007.jpg,10,206,381,55,106,-1,-1,-1,-1
22, 22007.jpg,11,771,296,50,105,-1,-1,-1,-1
22, 22007.jpg,12,285,435,56,87,-1,-1,-1,-1
22, 22007.jpg,13,971,340,78,80,-1,-1,-1,-1
23, 22008.jpg,2,562,347,58,115,-1,-1,-1,-1
23, 22008.jpg,3,504,391,61,115,-1,-1,-1,-1
23, 22008.jpg,4,721,368,47,112,-1,-1,-1,-1
23, 22008.jpg,5,671,416,61,132,-1,-1,-1,-1
23, 22008.jpg,6,574,257,53,114,-1,-1,-1,-1
23, 22008.jpg,7,782,373,46,119,-1,-1,-1,-1
23, 22008.jpg,8,667,256,44,121,-1,-1,-1,-1
23, 22008.jpg,9,307,276,57,99,-1,-1,-1,-1
23, 22008.jpg,10,212,379,56,105,-1,-1,-1,-1
23, 22008.jpg,11,770,295,51,110,-1,-1,-1,-1
23, 22008.jpg,12,289,432,58,91,-1,-1,-1,-1
23, 22008.jpg,13,974,338,82,83,-1,-1,-1,-1
24, 22009.jpg,2,562,347,60,114,-1,-1,-1,-1
24, 22009.jpg,3,504,391,59,115,-1,-1,-1,-1
24, 22009.jpg,4,728,367,47,112,-1,-1,-1,-1
24, 22009.jpg,5,672,413,60,130,-1,-1,-1,-1
24, 22009.jpg,6,580,254,53,118,-1,-1,-1,-1
24, 22009.jpg,7,788,373,44,115,-1,-1,-1,-1
24, 22009.jpg,8,669,260,44,118,-1,-1,-1,-1
24, 22009.jpg,9,317,273,55,96,-1,-1,-1,-1
24, 22009.jpg,10,217,377,54,103,-1,-1,-1,-1
24, 22009.jpg,11,770,294,52,110,-1,-1,-1,-1
24, 22009.jpg,12,292,430,59,92,-1,-1,-1,-1
24, 22009.jpg,13,982,337,83,82,-1,-1,-1,-1
25, 22010.jpg,2,561,346,62,115,-1,-1,-1,-1
25, 22010.jpg,3,499,391,60,114,-1,-1,-1,-1
25, 22010.jpg,4,731,365,48,115,-1,-1,-1,-1
25, 22010.jpg,5,675,411,56,128,-1,-1,-1,-1
25, 22010.jpg,6,583,245,57,128,-1,-1,-1,-1
25, 22010.jpg,7,792,371,44,116,-1,-1,-1,-1
25, 22010.jpg,8,674,268,42,113,-1,-1,-1,-1
25, 22010.jpg,9,324,271,54,95,-1,-1,-1,-1
25, 22010.jpg,10,221,375,54,102,-1,-1,-1,-1
25, 22010.jpg,11,772,296,50,106,-1,-1,-1,-1
25, 22010.jpg,12,295,426,62,95,-1,-1,-1,-1
25, 22010.jpg,13,984,335,86,82,-1,-1,-1,-1
26, 22011.jpg,2,559,345,63,114,-1,-1,-1,-1
26, 22011.jpg,3,495,392,59,112,-1,-1,-1,-1
26, 22011.jpg,4,735,364,48,115,-1,-1,-1,-1
26, 22011.jpg,5,676,410,55,125,-1,-1,-1,-1
26, 22011.jpg,6,585,240,60,137,-1,-1,-1,-1
26, 22011.jpg,7,796,369,44,116,-1,-1,-1,-1
26, 22011.jpg,8,678,275,40,109,-1,-1,-1,-1
26, 22011.jpg,9,333,271,52,93,-1,-1,-1,-1
26, 22011.jpg,10,224,376,54,101,-1,-1,-1,-1
26, 22011.jpg,11,773,296,49,107,-1,-1,-1,-1
26, 22011.jpg,12,297,424,65,99,-1,-1,-1,-1
26, 22011.jpg,13,982,332,90,86,-1,-1,-1,-1
27, 22012.jpg,2,559,345,62,111,-1,-1,-1,-1
27, 22012.jpg,3,491,392,61,110,-1,-1,-1,-1
27, 22012.jpg,4,740,364,47,115,-1,-1,-1,-1
27, 22012.jpg,5,680,409,52,123,-1,-1,-1,-1
27, 22012.jpg,6,594,248,54,128,-1,-1,-1,-1
27, 22012.jpg,7,801,368,43,115,-1,-1,-1,-1
27, 22012.jpg,8,680,284,38,101,-1,-1,-1,-1
27, 22012.jpg,9,342,273,51,91,-1,-1,-1,-1
27, 22012.jpg,10,229,378,54,99,-1,-1,-1,-1
27, 22012.jpg,11,774,300,47,102,-1,-1,-1,-1
27, 22012.jpg,12,298,421,66,101,-1,-1,-1,-1
27, 22012.jpg,13,985,331,92,87,-1,-1,-1,-1
28, 22013.jpg,2,556,344,60,110,-1,-1,-1,-1
28, 22013.jpg,3,488,393,63,109,-1,-1,-1,-1
28, 22013.jpg,4,744,364,49,118,-1,-1,-1,-1
28, 22013.jpg,5,680,408,51,121,-1,-1,-1,-1
28, 22013.jpg,6,599,253,52,125,-1,-1,-1,-1
28, 22013.jpg,7,804,368,43,115,-1,-1,-1,-1
28, 22013.jpg,8,682,288,39,105,-1,-1,-1,-1
28, 22013.jpg,9,350,276,52,90,-1,-1,-1,-1
28, 22013.jpg,10,232,380,54,97,-1,-1,-1,-1
28, 22013.jpg,11,775,303,45,99,-1,-1,-1,-1
28, 22013.jpg,12,297,419,68,100,-1,-1,-1,-1
28, 22013.jpg,13,982,330,93,89,-1,-1,-1,-1
29, 22014.jpg,2,554,342,59,111,-1,-1,-1,-1
29, 22014.jpg,3,486,394,66,109,-1,-1,-1,-1
29, 22014.jpg,4,747,367,47,116,-1,-1,-1,-1
29, 22014.jpg,5,680,406,51,122,-1,-1,-1,-1
29, 22014.jpg,6,602,259,50,122,-1,-1,-1,-1
29, 22014.jpg,7,790,371,45,112,-1,-1,-1,-1
29, 22014.jpg,8,684,294,39,104,-1,-1,-1,-1
29, 22014.jpg,9,357,278,52,88,-1,-1,-1,-1
29, 22014.jpg,10,238,382,54,95,-1,-1,-1,-1
29, 22014.jpg,11,776,307,45,97,-1,-1,-1,-1
29, 22014.jpg,12,299,417,68,101,-1,-1,-1,-1
29, 22014.jpg,13,979,328,95,93,-1,-1,-1,-1
30, 22015.jpg,2,552,341,59,113,-1,-1,-1,-1
30, 22015.jpg,3,484,395,67,107,-1,-1,-1,-1
30, 22015.jpg,4,748,366,49,119,-1,-1,-1,-1
30, 22015.jpg,5,679,402,51,124,-1,-1,-1,-1
30, 22015.jpg,6,605,265,48,119,-1,-1,-1,-1
30, 22015.jpg,7,803,370,44,111,-1,-1,-1,-1
30, 22015.jpg,8,687,299,39,104,-1,-1,-1,-1
30, 22015.jpg,9,361,280,54,87,-1,-1,-1,-1
30, 22015.jpg,10,241,385,54,91,-1,-1,-1,-1
30, 22015.jpg,11,777,310,44,96,-1,-1,-1,-1
30, 22015.jpg,12,297,418,67,95,-1,-1,-1,-1
30, 22015.jpg,13,977,326,94,95,-1,-1,-1,-1
31, 22016.jpg,2,551,340,58,114,-1,-1,-1,-1
31, 22016.jpg,3,481,396,68,107,-1,-1,-1,-1
31, 22016.jpg,4,751,364,49,123,-1,-1,-1,-1
31, 22016.jpg,5,679,397,51,125,-1,-1,-1,-1
31, 22016.jpg,6,608,272,45,116,-1,-1,-1,-1
31, 22016.jpg,7,810,372,43,110,-1,-1,-1,-1
31, 22016.jpg,8,690,303,37,100,-1,-1,-1,-1
31, 22016.jpg,9,367,283,57,85,-1,-1,-1,-1
31, 22016.jpg,10,246,385,55,90,-1,-1,-1,-1
31, 22016.jpg,11,778,313,43,92,-1,-1,-1,-1
31, 22016.jpg,12,303,420,66,90,-1,-1,-1,-1
31, 22016.jpg,13,976,323,91,97,-1,-1,-1,-1
32, 22017.jpg,2,550,339,57,115,-1,-1,-1,-1
32, 22017.jpg,3,476,394,73,108,-1,-1,-1,-1
32, 22017.jpg,4,753,365,49,124,-1,-1,-1,-1
32, 22017.jpg,5,679,394,51,125,-1,-1,-1,-1
32, 22017.jpg,6,611,278,44,116,-1,-1,-1,-1
32, 22017.jpg,7,815,375,41,106,-1,-1,-1,-1
32, 22017.jpg,8,692,304,37,99,-1,-1,-1,-1
32, 22017.jpg,9,372,286,57,82,-1,-1,-1,-1
32, 22017.jpg,10,250,386,54,89,-1,-1,-1,-1
32, 22017.jpg,11,779,315,42,89,-1,-1,-1,-1
32, 22017.jpg,12,289,412,68,90,-1,-1,-1,-1
32, 22017.jpg,13,975,320,90,100,-1,-1,-1,-1
33, 22018.jpg,2,547,337,57,115,-1,-1,-1,-1
33, 22018.jpg,3,477,395,77,111,-1,-1,-1,-1
33, 22018.jpg,4,758,365,48,123,-1,-1,-1,-1
33, 22018.jpg,5,680,393,48,122,-1,-1,-1,-1
33, 22018.jpg,6,613,284,43,115,-1,-1,-1,-1
33, 22018.jpg,7,819,376,40,103,-1,-1,-1,-1
33, 22018.jpg,8,695,304,39,103,-1,-1,-1,-1
33, 22018.jpg,9,377,286,60,83,-1,-1,-1,-1
33, 22018.jpg,11,780,316,40,86,-1,-1,-1,-1
33, 22018.jpg,12,278,405,72,92,-1,-1,-1,-1
33, 22018.jpg,13,975,318,88,101,-1,-1,-1,-1
34, 22019.jpg,2,546,336,55,113,-1,-1,-1,-1
34, 22019.jpg,3,478,400,76,104,-1,-1,-1,-1
34, 22019.jpg,4,761,365,47,121,-1,-1,-1,-1
34, 22019.jpg,5,681,391,48,121,-1,-1,-1,-1
34, 22019.jpg,6,616,289,41,111,-1,-1,-1,-1
34, 22019.jpg,7,822,377,40,100,-1,-1,-1,-1
34, 22019.jpg,8,697,304,39,105,-1,-1,-1,-1
34, 22019.jpg,9,381,287,60,81,-1,-1,-1,-1
34, 22019.jpg,10,263,389,52,83,-1,-1,-1,-1
34, 22019.jpg,11,781,315,39,82,-1,-1,-1,-1
34, 22019.jpg,12,304,415,71,83,-1,-1,-1,-1
34, 22019.jpg,13,973,315,88,104,-1,-1,-1,-1
35, 22020.jpg,2,544,336,54,110,-1,-1,-1,-1
35, 22020.jpg,3,469,400,76,98,-1,-1,-1,-1
35, 22020.jpg,4,763,365,46,121,-1,-1,-1,-1
35, 22020.jpg,5,683,391,46,117,-1,-1,-1,-1
35, 22020.jpg,6,619,295,37,104,-1,-1,-1,-1
35, 22020.jpg,7,825,376,40,99,-1,-1,-1,-1
35, 22020.jpg,8,699,301,39,106,-1,-1,-1,-1
35, 22020.jpg,9,385,288,61,80,-1,-1,-1,-1
35, 22020.jpg,10,267,391,53,83,-1,-1,-1,-1
35, 22020.jpg,11,781,312,40,83,-1,-1,-1,-1
35, 22020.jpg,12,314,421,72,80,-1,-1,-1,-1
35, 22020.jpg,13,971,314,86,105,-1,-1,-1,-1
36, 22021.jpg,2,544,336,53,108,-1,-1,-1,-1
36, 22021.jpg,3,464,400,80,99,-1,-1,-1,-1
36, 22021.jpg,4,763,366,46,121,-1,-1,-1,-1
36, 22021.jpg,5,683,391,44,113,-1,-1,-1,-1
36, 22021.jpg,6,622,297,36,103,-1,-1,-1,-1
36, 22021.jpg,7,828,376,40,98,-1,-1,-1,-1
36, 22021.jpg,8,701,299,39,106,-1,-1,-1,-1
36, 22021.jpg,9,392,291,59,77,-1,-1,-1,-1
36, 22021.jpg,10,282,401,60,87,-1,-1,-1,-1
36, 22021.jpg,11,782,310,42,89,-1,-1,-1,-1
36, 22021.jpg,12,319,421,70,79,-1,-1,-1,-1
36, 22021.jpg,13,969,313,86,105,-1,-1,-1,-1
37, 22022.jpg,2,544,335,53,108,-1,-1,-1,-1
37, 22022.jpg,3,458,398,85,102,-1,-1,-1,-1
37, 22022.jpg,4,764,366,45,121,-1,-1,-1,-1
37, 22022.jpg,5,683,390,43,112,-1,-1,-1,-1
37, 22022.jpg,6,623,299,36,101,-1,-1,-1,-1
37, 22022.jpg,7,830,375,40,99,-1,-1,-1,-1
37, 22022.jpg,8,703,298,39,107,-1,-1,-1,-1
37, 22022.jpg,9,397,292,60,78,-1,-1,-1,-1
37, 22022.jpg,10,303,409,67,85,-1,-1,-1,-1
37, 22022.jpg,11,784,312,40,84,-1,-1,-1,-1
37, 22022.jpg,13,969,311,84,106,-1,-1,-1,-1
38, 22023.jpg,2,544,335,54,107,-1,-1,-1,-1
38, 22023.jpg,3,455,399,86,100,-1,-1,-1,-1
38, 22023.jpg,4,765,368,44,118,-1,-1,-1,-1
38, 22023.jpg,5,683,389,42,111,-1,-1,-1,-1
38, 22023.jpg,6,623,299,36,101,-1,-1,-1,-1
38, 22023.jpg,7,833,375,41,100,-1,-1,-1,-1
38, 22023.jpg,8,705,300,38,105,-1,-1,-1,-1
38, 22023.jpg,9,401,293,59,79,-1,-1,-1,-1
38, 22023.jpg,10,326,420,68,78,-1,-1,-1,-1
38, 22023.jpg,11,783,312,42,88,-1,-1,-1,-1
38, 22023.jpg,13,969,311,82,105,-1,-1,-1,-1
39, 22024.jpg,2,545,336,51,103,-1,-1,-1,-1
39, 22024.jpg,3,453,400,88,99,-1,-1,-1,-1
39, 22024.jpg,4,764,367,44,119,-1,-1,-1,-1
39, 22024.jpg,5,682,386,43,112,-1,-1,-1,-1
39, 22024.jpg,6,622,297,37,103,-1,-1,-1,-1
39, 22024.jpg,7,835,375,42,102,-1,-1,-1,-1
39, 22024.jpg,8,705,300,39,108,-1,-1,-1,-1
39, 22024.jpg,9,404,295,60,80,-1,-1,-1,-1
39, 22024.jpg,10,332,422,72,78,-1,-1,-1,-1
39, 22024.jpg,11,785,309,43,90,-1,-1,-1,-1
39, 22024.jpg,13,967,310,80,104,-1,-1,-1,-1
40, 22025.jpg,2,546,334,52,105,-1,-1,-1,-1
40, 22025.jpg,3,447,402,84,92,-1,-1,-1,-1
40, 22025.jpg,4,763,365,45,121,-1,-1,-1,-1
40, 22025.jpg,5,682,383,43,114,-1,-1,-1,-1
40, 22025.jpg,6,621,296,37,102,-1,-1,-1,-1
40, 22025.jpg,7,836,376,43,102,-1,-1,-1,-1
40, 22025.jpg,8,705,302,40,110,-1,-1,-1,-1
40, 22025.jpg,9,405,295,61,84,-1,-1,-1,-1
40, 22025.jpg,10,342,424,73,74,-1,-1,-1,-1
40, 22025.jpg,11,787,308,43,90,-1,-1,-1,-1
40, 22025.jpg,13,966,310,77,104,-1,-1,-1,-1
40, 22025.jpg,14,280,405,53,68,-1,-1,-1,-1
