2, 24442.jpg,1,1315,660,38,72,-1,-1,-1,-1
2, 24442.jpg,2,418,638,59,131,-1,-1,-1,-1
2, 24442.jpg,3,1260,534,58,125,-1,-1,-1,-1
2, 24442.jpg,5,583,730,102,135,-1,-1,-1,-1
2, 24442.jpg,6,1311,661,94,130,-1,-1,-1,-1
2, 24442.jpg,7,1449,731,87,167,-1,-1,-1,-1
2, 24442.jpg,8,987,633,89,127,-1,-1,-1,-1
2, 24442.jpg,9,1124,564,71,134,-1,-1,-1,-1
2, 24442.jpg,10,1391,639,80,73,-1,-1,-1,-1
2, 24442.jpg,11,639,584,69,114,-1,-1,-1,-1
3, 24443.jpg,1,1312,649,44,81,-1,-1,-1,-1
3, 24443.jpg,2,419,637,59,130,-1,-1,-1,-1
3, 24443.jpg,3,1261,537,58,123,-1,-1,-1,-1
3, 24443.jpg,5,579,731,102,136,-1,-1,-1,-1
3, 24443.jpg,6,1304,655,101,139,-1,-1,-1,-1
3, 24443.jpg,7,1447,735,79,150,-1,-1,-1,-1
3, 24443.jpg,8,984,636,89,128,-1,-1,-1,-1
3, 24443.jpg,9,1126,564,69,132,-1,-1,-1,-1
3, 24443.jpg,10,1394,634,80,74,-1,-1,-1,-1
3, 24443.jpg,11,642,583,69,114,-1,-1,-1,-1
4, 24444.jpg,1,1311,638,46,87,-1,-1,-1,-1
4, 24444.jpg,2,421,636,59,132,-1,-1,-1,-1
4, 24444.jpg,3,1261,540,58,123,-1,-1,-1,-1
4, 24444.jpg,5,578,731,99,131,-1,-1,-1,-1
4, 24444.jpg,6,1295,649,101,141,-1,-1,-1,-1
4, 24444.jpg,7,1440,735,77,148,-1,-1,-1,-1
4, 24444.jpg,8,986,638,89,129,-1,-1,-1,-1
4, 24444.jpg,9,1123,563,69,131,-1,-1,-1,-1
4, 24444.jpg,10,1395,632,79,73,-1,-1,-1,-1
4, 24444.jpg,11,649,583,67,112,-1,-1,-1,-1
5, 24445.jpg,1,1306,632,56,106,-1,-1,-1,-1
5, 24445.jpg,2,421,632,60,135,-1,-1,-1,-1
5, 24445.jpg,3,1261,546,56,119,-1,-1,-1,-1
5, 24445.jpg,5,573,728,101,134,-1,-1,-1,-1
5, 24445.jpg,6,1294,659,91,129,-1,-1,-1,-1
5, 24445.jpg,7,1435,733,75,143,-1,-1,-1,-1
5, 24445.jpg,8,989,638,87,130,-1,-1,-1,-1
5, 24445.jpg,9,1122,562,69,131,-1,-1,-1,-1
5, 24445.jpg,10,1396,629,78,72,-1,-1,-1,-1
5, 24445.jpg,11,654,581,66,111,-1,-1,-1,-1
5, 24445.jpg,12,1019,667,61,150,-1,-1,-1,-1
6, 24446.jpg,1,1307,644,48,89,-1,-1,-1,-1
6, 24446.jpg,2,421,629,60,135,-1,-1,-1,-1
6, 24446.jpg,3,1260,548,57,118,-1,-1,-1,-1
6, 24446.jpg,5,568,728,101,135,-1,-1,-1,-1
6, 24446.jpg,6,1289,652,90,131,-1,-1,-1,-1
6, 24446.jpg,7,1424,728,78,148,-1,-1,-1,-1
6, 24446.jpg,8,986,624,72,110,-1,-1,-1,-1
6, 24446.jpg,9,1121,561,69,132,-1,-1,-1,-1
6, 24446.jpg,10,1397,627,80,74,-1,-1,-1,-1
6, 24446.jpg,11,655,580,66,109,-1,-1,-1,-1
6, 24446.jpg,12,1020,668,60,147,-1,-1,-1,-1
7, 24447.jpg,1,1306,641,50,93,-1,-1,-1,-1
7, 24447.jpg,2,422,626,58,131,-1,-1,-1,-1
7, 24447.jpg,3,1259,552,56,114,-1,-1,-1,-1
7, 24447.jpg,5,561,727,98,133,-1,-1,-1,-1
7, 24447.jpg,6,1285,648,91,135,-1,-1,-1,-1
7, 24447.jpg,7,1418,724,77,144,-1,-1,-1,-1
7, 24447.jpg,8,984,618,66,101,-1,-1,-1,-1
7, 24447.jpg,9,1119,561,67,129,-1,-1,-1,-1
7, 24447.jpg,10,1398,623,81,77,-1,-1,-1,-1
7, 24447.jpg,11,656,579,68,113,-1,-1,-1,-1
7, 24447.jpg,12,1020,668,62,151,-1,-1,-1,-1
8, 24448.jpg,2,425,620,57,129,-1,-1,-1,-1
8, 24448.jpg,3,1257,551,56,113,-1,-1,-1,-1
8, 24448.jpg,5,555,724,96,133,-1,-1,-1,-1
8, 24448.jpg,6,1281,646,86,131,-1,-1,-1,-1
8, 24448.jpg,7,1414,720,77,146,-1,-1,-1,-1
8, 24448.jpg,8,985,618,61,94,-1,-1,-1,-1
8, 24448.jpg,9,1118,560,66,129,-1,-1,-1,-1
8, 24448.jpg,10,1404,622,78,75,-1,-1,-1,-1
8, 24448.jpg,11,658,581,67,109,-1,-1,-1,-1
8, 24448.jpg,12,1021,666,62,154,-1,-1,-1,-1
9, 24449.jpg,2,427,615,56,126,-1,-1,-1,-1
9, 24449.jpg,3,1250,549,58,112,-1,-1,-1,-1
9, 24449.jpg,5,548,723,96,136,-1,-1,-1,-1
9, 24449.jpg,6,1271,635,97,147,-1,-1,-1,-1
9, 24449.jpg,7,1410,713,78,149,-1,-1,-1,-1
9, 24449.jpg,8,985,619,58,91,-1,-1,-1,-1
9, 24449.jpg,9,1116,560,65,129,-1,-1,-1,-1
9, 24449.jpg,10,1407,619,75,74,-1,-1,-1,-1
9, 24449.jpg,11,659,581,65,106,-1,-1,-1,-1
9, 24449.jpg,12,1020,666,61,151,-1,-1,-1,-1
10, 24450.jpg,2,431,612,55,122,-1,-1,-1,-1
10, 24450.jpg,3,1244,545,60,113,-1,-1,-1,-1
10, 24450.jpg,5,541,720,97,142,-1,-1,-1,-1
10, 24450.jpg,6,1268,629,100,153,-1,-1,-1,-1
10, 24450.jpg,7,1406,699,82,159,-1,-1,-1,-1
10, 24450.jpg,8,985,619,58,91,-1,-1,-1,-1
10, 24450.jpg,9,1114,560,63,129,-1,-1,-1,-1
10, 24450.jpg,10,1407,618,75,75,-1,-1,-1,-1
10, 24450.jpg,11,660,581,65,102,-1,-1,-1,-1
10, 24450.jpg,12,1019,668,60,150,-1,-1,-1,-1
11, 24451.jpg,2,433,611,56,121,-1,-1,-1,-1
11, 24451.jpg,3,1238,547,61,113,-1,-1,-1,-1
11, 24451.jpg,5,536,719,92,139,-1,-1,-1,-1
11, 24451.jpg,6,1261,631,101,155,-1,-1,-1,-1
11, 24451.jpg,7,1401,669,92,182,-1,-1,-1,-1
11, 24451.jpg,8,984,618,60,95,-1,-1,-1,-1
11, 24451.jpg,9,1112,558,62,130,-1,-1,-1,-1
11, 24451.jpg,10,1400,616,89,93,-1,-1,-1,-1
11, 24451.jpg,11,661,580,64,101,-1,-1,-1,-1
11, 24451.jpg,12,1023,672,57,144,-1,-1,-1,-1
12, 24452.jpg,2,434,608,58,123,-1,-1,-1,-1
12, 24452.jpg,3,1233,544,63,117,-1,-1,-1,-1
12, 24452.jpg,5,526,720,94,141,-1,-1,-1,-1
12, 24452.jpg,6,1261,631,99,155,-1,-1,-1,-1
12, 24452.jpg,7,1398,657,94,191,-1,-1,-1,-1
12, 24452.jpg,8,978,619,60,95,-1,-1,-1,-1
12, 24452.jpg,9,1112,556,61,130,-1,-1,-1,-1
12, 24452.jpg,10,1402,613,83,89,-1,-1,-1,-1
12, 24452.jpg,11,661,579,65,102,-1,-1,-1,-1
12, 24452.jpg,12,1024,677,55,138,-1,-1,-1,-1
13, 24453.jpg,2,434,610,60,117,-1,-1,-1,-1
13, 24453.jpg,3,1229,536,68,124,-1,-1,-1,-1
13, 24453.jpg,5,519,720,91,138,-1,-1,-1,-1
13, 24453.jpg,6,1259,634,97,152,-1,-1,-1,-1
13, 24453.jpg,7,1393,649,96,194,-1,-1,-1,-1
13, 24453.jpg,8,973,620,58,90,-1,-1,-1,-1
13, 24453.jpg,9,1111,557,59,128,-1,-1,-1,-1
13, 24453.jpg,10,1385,618,117,130,-1,-1,-1,-1
13, 24453.jpg,11,661,580,65,102,-1,-1,-1,-1
13, 24453.jpg,12,1022,677,56,141,-1,-1,-1,-1
14, 24454.jpg,2,436,610,64,118,-1,-1,-1,-1
14, 24454.jpg,3,1221,537,67,122,-1,-1,-1,-1
14, 24454.jpg,5,515,720,89,137,-1,-1,-1,-1
14, 24454.jpg,6,1258,634,94,148,-1,-1,-1,-1
14, 24454.jpg,7,1395,638,98,200,-1,-1,-1,-1
14, 24454.jpg,8,967,620,57,87,-1,-1,-1,-1
14, 24454.jpg,9,1110,555,59,128,-1,-1,-1,-1
14, 24454.jpg,10,1383,616,122,136,-1,-1,-1,-1
14, 24454.jpg,11,658,580,65,99,-1,-1,-1,-1
14, 24454.jpg,12,1021,692,50,125,-1,-1,-1,-1
15, 24455.jpg,1,1243,664,69,131,-1,-1,-1,-1
15, 24455.jpg,2,438,610,68,117,-1,-1,-1,-1
15, 24455.jpg,3,1215,535,68,123,-1,-1,-1,-1
15, 24455.jpg,5,511,722,88,137,-1,-1,-1,-1
15, 24455.jpg,6,1257,630,90,142,-1,-1,-1,-1
15, 24455.jpg,7,1396,630,93,190,-1,-1,-1,-1
15, 24455.jpg,8,956,620,63,90,-1,-1,-1,-1
15, 24455.jpg,9,1106,555,57,126,-1,-1,-1,-1
15, 24455.jpg,11,652,581,67,102,-1,-1,-1,-1
15, 24455.jpg,12,1020,680,55,139,-1,-1,-1,-1
16, 24456.jpg,1,1238,665,71,135,-1,-1,-1,-1
16, 24456.jpg,2,436,613,72,116,-1,-1,-1,-1
16, 24456.jpg,3,1210,535,68,123,-1,-1,-1,-1
16, 24456.jpg,5,513,727,82,128,-1,-1,-1,-1
16, 24456.jpg,6,1243,646,86,136,-1,-1,-1,-1
16, 24456.jpg,7,1398,626,89,177,-1,-1,-1,-1
16, 24456.jpg,8,948,620,67,91,-1,-1,-1,-1
16, 24456.jpg,9,1103,553,58,128,-1,-1,-1,-1
16, 24456.jpg,11,650,580,68,100,-1,-1,-1,-1
16, 24456.jpg,12,1015,690,54,131,-1,-1,-1,-1
16, 24456.jpg,15,1402,602,58,106,-1,-1,-1,-1
17, 24457.jpg,2,437,614,75,115,-1,-1,-1,-1
17, 24457.jpg,3,1204,536,67,123,-1,-1,-1,-1
17, 24457.jpg,5,512,730,80,125,-1,-1,-1,-1
17, 24457.jpg,6,1237,646,88,139,-1,-1,-1,-1
17, 24457.jpg,7,1396,625,88,171,-1,-1,-1,-1
17, 24457.jpg,8,940,618,72,95,-1,-1,-1,-1
17, 24457.jpg,9,1098,553,58,132,-1,-1,-1,-1
17, 24457.jpg,11,645,581,70,101,-1,-1,-1,-1
17, 24457.jpg,12,1011,686,57,137,-1,-1,-1,-1
17, 24457.jpg,15,1405,603,60,110,-1,-1,-1,-1
18, 24458.jpg,2,436,613,80,118,-1,-1,-1,-1
18, 24458.jpg,3,1198,539,66,120,-1,-1,-1,-1
18, 24458.jpg,5,508,730,79,126,-1,-1,-1,-1
18, 24458.jpg,6,1234,649,85,136,-1,-1,-1,-1
18, 24458.jpg,7,1387,619,95,180,-1,-1,-1,-1
18, 24458.jpg,8,932,616,80,103,-1,-1,-1,-1
18, 24458.jpg,9,1095,554,58,132,-1,-1,-1,-1
18, 24458.jpg,11,641,581,73,105,-1,-1,-1,-1
18, 24458.jpg,12,1007,680,60,144,-1,-1,-1,-1
19, 24459.jpg,2,434,611,87,124,-1,-1,-1,-1
19, 24459.jpg,3,1191,544,64,119,-1,-1,-1,-1
19, 24459.jpg,5,501,729,80,129,-1,-1,-1,-1
19, 24459.jpg,6,1224,656,85,136,-1,-1,-1,-1
19, 24459.jpg,7,1384,621,93,174,-1,-1,-1,-1
19, 24459.jpg,8,927,613,83,104,-1,-1,-1,-1
19, 24459.jpg,9,1091,556,59,135,-1,-1,-1,-1
19, 24459.jpg,11,637,581,72,105,-1,-1,-1,-1
19, 24459.jpg,12,1004,665,66,159,-1,-1,-1,-1
20, 24460.jpg,1,1200,682,69,134,-1,-1,-1,-1
20, 24460.jpg,2,436,611,88,126,-1,-1,-1,-1
20, 24460.jpg,3,1185,549,63,116,-1,-1,-1,-1
20, 24460.jpg,5,498,725,83,134,-1,-1,-1,-1
20, 24460.jpg,6,1239,643,80,132,-1,-1,-1,-1
20, 24460.jpg,7,1376,618,93,176,-1,-1,-1,-1
20, 24460.jpg,8,921,610,86,107,-1,-1,-1,-1
20, 24460.jpg,9,1086,557,60,137,-1,-1,-1,-1
20, 24460.jpg,11,633,581,73,107,-1,-1,-1,-1
20, 24460.jpg,12,1001,656,70,170,-1,-1,-1,-1
21, 24461.jpg,1,1195,684,69,136,-1,-1,-1,-1
21, 24461.jpg,2,437,612,87,125,-1,-1,-1,-1
21, 24461.jpg,3,1179,553,62,113,-1,-1,-1,-1
21, 24461.jpg,5,497,721,84,140,-1,-1,-1,-1
21, 24461.jpg,6,1246,640,76,129,-1,-1,-1,-1
21, 24461.jpg,7,1364,632,87,162,-1,-1,-1,-1
21, 24461.jpg,8,914,608,86,109,-1,-1,-1,-1
21, 24461.jpg,9,1083,559,60,138,-1,-1,-1,-1
21, 24461.jpg,11,629,582,71,105,-1,-1,-1,-1
21, 24461.jpg,12,997,648,73,181,-1,-1,-1,-1
21, 24461.jpg,19,1375,613,82,91,-1,-1,-1,-1
22, 24462.jpg,1,1193,689,66,134,-1,-1,-1,-1
22, 24462.jpg,2,442,614,88,127,-1,-1,-1,-1
22, 24462.jpg,3,1174,556,63,113,-1,-1,-1,-1
22, 24462.jpg,5,498,716,86,145,-1,-1,-1,-1
22, 24462.jpg,6,1248,640,73,127,-1,-1,-1,-1
22, 24462.jpg,7,1360,648,79,146,-1,-1,-1,-1
22, 24462.jpg,8,908,607,87,109,-1,-1,-1,-1
22, 24462.jpg,9,1083,564,59,135,-1,-1,-1,-1
22, 24462.jpg,11,625,584,72,109,-1,-1,-1,-1
22, 24462.jpg,12,995,620,81,207,-1,-1,-1,-1
22, 24462.jpg,19,1365,603,90,102,-1,-1,-1,-1
23, 24463.jpg,1,1192,692,62,129,-1,-1,-1,-1
23, 24463.jpg,2,447,616,88,129,-1,-1,-1,-1
23, 24463.jpg,3,1170,559,63,110,-1,-1,-1,-1
23, 24463.jpg,5,501,713,86,147,-1,-1,-1,-1
23, 24463.jpg,6,1252,642,72,128,-1,-1,-1,-1
23, 24463.jpg,7,1359,635,82,153,-1,-1,-1,-1
23, 24463.jpg,8,905,606,85,110,-1,-1,-1,-1
23, 24463.jpg,9,1082,567,58,135,-1,-1,-1,-1
23, 24463.jpg,11,623,585,72,110,-1,-1,-1,-1
23, 24463.jpg,12,995,604,83,219,-1,-1,-1,-1
23, 24463.jpg,19,1368,611,89,102,-1,-1,-1,-1
24, 24464.jpg,1,1193,692,61,130,-1,-1,-1,-1
24, 24464.jpg,2,456,618,87,130,-1,-1,-1,-1
24, 24464.jpg,3,1166,561,63,107,-1,-1,-1,-1
24, 24464.jpg,5,510,715,79,139,-1,-1,-1,-1
24, 24464.jpg,6,1254,645,69,125,-1,-1,-1,-1
24, 24464.jpg,7,1360,648,78,145,-1,-1,-1,-1
24, 24464.jpg,8,901,605,84,111,-1,-1,-1,-1
24, 24464.jpg,9,1082,568,60,138,-1,-1,-1,-1
24, 24464.jpg,11,621,585,70,109,-1,-1,-1,-1
24, 24464.jpg,12,997,596,81,216,-1,-1,-1,-1
24, 24464.jpg,19,1371,609,91,106,-1,-1,-1,-1
25, 24465.jpg,1,1194,693,60,130,-1,-1,-1,-1
25, 24465.jpg,2,464,618,87,131,-1,-1,-1,-1
25, 24465.jpg,3,1162,563,64,108,-1,-1,-1,-1
25, 24465.jpg,5,518,716,75,134,-1,-1,-1,-1
25, 24465.jpg,6,1256,645,68,124,-1,-1,-1,-1
25, 24465.jpg,7,1362,645,80,148,-1,-1,-1,-1
25, 24465.jpg,8,901,607,80,107,-1,-1,-1,-1
25, 24465.jpg,9,1088,567,58,136,-1,-1,-1,-1
25, 24465.jpg,11,622,586,70,110,-1,-1,-1,-1
25, 24465.jpg,12,1004,591,79,213,-1,-1,-1,-1
25, 24465.jpg,19,1373,606,89,107,-1,-1,-1,-1
26, 24466.jpg,1,1191,695,59,128,-1,-1,-1,-1
26, 24466.jpg,2,472,620,87,134,-1,-1,-1,-1
26, 24466.jpg,3,1162,564,64,107,-1,-1,-1,-1
26, 24466.jpg,5,527,716,73,134,-1,-1,-1,-1
26, 24466.jpg,6,1258,646,67,125,-1,-1,-1,-1
26, 24466.jpg,7,1369,639,76,142,-1,-1,-1,-1
26, 24466.jpg,8,902,608,75,102,-1,-1,-1,-1
26, 24466.jpg,9,1089,568,59,137,-1,-1,-1,-1
26, 24466.jpg,11,621,588,70,111,-1,-1,-1,-1
26, 24466.jpg,12,1011,588,77,211,-1,-1,-1,-1
26, 24466.jpg,19,1371,606,92,109,-1,-1,-1,-1
27, 24467.jpg,1,1191,695,58,129,-1,-1,-1,-1
27, 24467.jpg,2,481,625,83,131,-1,-1,-1,-1
27, 24467.jpg,3,1163,565,65,108,-1,-1,-1,-1
27, 24467.jpg,5,534,716,71,134,-1,-1,-1,-1
27, 24467.jpg,6,1260,646,67,125,-1,-1,-1,-1
27, 24467.jpg,7,1371,652,74,141,-1,-1,-1,-1
27, 24467.jpg,8,900,608,74,102,-1,-1,-1,-1
27, 24467.jpg,9,1087,567,60,138,-1,-1,-1,-1
27, 24467.jpg,11,621,594,70,110,-1,-1,-1,-1
27, 24467.jpg,12,1019,591,73,198,-1,-1,-1,-1
27, 24467.jpg,15,1390,605,65,121,-1,-1,-1,-1
28, 24468.jpg,1,1192,697,58,131,-1,-1,-1,-1
28, 24468.jpg,2,489,630,79,124,-1,-1,-1,-1
28, 24468.jpg,3,1164,566,66,110,-1,-1,-1,-1
28, 24468.jpg,5,540,716,70,135,-1,-1,-1,-1
28, 24468.jpg,6,1265,647,67,127,-1,-1,-1,-1
28, 24468.jpg,7,1365,682,76,145,-1,-1,-1,-1
28, 24468.jpg,8,899,608,75,104,-1,-1,-1,-1
28, 24468.jpg,9,1092,569,60,134,-1,-1,-1,-1
28, 24468.jpg,11,626,597,70,109,-1,-1,-1,-1
28, 24468.jpg,12,1025,600,67,179,-1,-1,-1,-1
28, 24468.jpg,15,1393,606,65,123,-1,-1,-1,-1
29, 24469.jpg,1,1194,700,58,134,-1,-1,-1,-1
29, 24469.jpg,2,496,633,77,122,-1,-1,-1,-1
29, 24469.jpg,3,1165,564,68,112,-1,-1,-1,-1
29, 24469.jpg,5,548,719,68,130,-1,-1,-1,-1
29, 24469.jpg,6,1267,646,67,129,-1,-1,-1,-1
29, 24469.jpg,7,1366,697,73,141,-1,-1,-1,-1
29, 24469.jpg,8,899,608,76,104,-1,-1,-1,-1
29, 24469.jpg,9,1095,569,61,137,-1,-1,-1,-1
29, 24469.jpg,11,630,598,69,110,-1,-1,-1,-1
29, 24469.jpg,12,1030,610,61,163,-1,-1,-1,-1
29, 24469.jpg,15,1398,609,66,125,-1,-1,-1,-1
30, 24470.jpg,1,1198,703,57,134,-1,-1,-1,-1
30, 24470.jpg,2,504,633,77,123,-1,-1,-1,-1
30, 24470.jpg,3,1172,562,68,114,-1,-1,-1,-1
30, 24470.jpg,5,555,719,67,130,-1,-1,-1,-1
30, 24470.jpg,6,1274,648,66,127,-1,-1,-1,-1
30, 24470.jpg,7,1369,712,68,129,-1,-1,-1,-1
30, 24470.jpg,8,902,609,76,104,-1,-1,-1,-1
30, 24470.jpg,9,1099,571,63,140,-1,-1,-1,-1
30, 24470.jpg,11,633,601,68,109,-1,-1,-1,-1
30, 24470.jpg,12,1034,612,63,165,-1,-1,-1,-1
30, 24470.jpg,15,1399,611,69,129,-1,-1,-1,-1
31, 24471.jpg,1,1203,707,55,131,-1,-1,-1,-1
31, 24471.jpg,2,511,634,76,123,-1,-1,-1,-1
31, 24471.jpg,3,1178,560,69,116,-1,-1,-1,-1
31, 24471.jpg,5,560,712,71,140,-1,-1,-1,-1
31, 24471.jpg,6,1278,649,65,128,-1,-1,-1,-1
31, 24471.jpg,7,1374,716,65,127,-1,-1,-1,-1
31, 24471.jpg,8,907,609,77,105,-1,-1,-1,-1
31, 24471.jpg,9,1106,575,63,140,-1,-1,-1,-1
31, 24471.jpg,11,635,601,69,111,-1,-1,-1,-1
31, 24471.jpg,12,1037,607,67,176,-1,-1,-1,-1
31, 24471.jpg,15,1403,614,69,131,-1,-1,-1,-1
32, 24472.jpg,1,1209,710,54,128,-1,-1,-1,-1
32, 24472.jpg,2,518,634,76,123,-1,-1,-1,-1
32, 24472.jpg,3,1181,558,70,119,-1,-1,-1,-1
32, 24472.jpg,5,566,709,72,141,-1,-1,-1,-1
32, 24472.jpg,6,1283,652,65,128,-1,-1,-1,-1
32, 24472.jpg,7,1381,720,64,125,-1,-1,-1,-1
32, 24472.jpg,8,912,608,77,105,-1,-1,-1,-1
32, 24472.jpg,9,1115,577,62,139,-1,-1,-1,-1
32, 24472.jpg,11,639,599,69,113,-1,-1,-1,-1
32, 24472.jpg,12,1035,609,70,180,-1,-1,-1,-1
32, 24472.jpg,15,1409,619,68,131,-1,-1,-1,-1
33, 24473.jpg,1,1215,712,53,126,-1,-1,-1,-1
33, 24473.jpg,2,525,630,77,127,-1,-1,-1,-1
33, 24473.jpg,3,1183,554,72,124,-1,-1,-1,-1
33, 24473.jpg,5,575,706,72,144,-1,-1,-1,-1
33, 24473.jpg,6,1291,653,66,130,-1,-1,-1,-1
33, 24473.jpg,7,1391,724,61,119,-1,-1,-1,-1
33, 24473.jpg,8,919,607,76,105,-1,-1,-1,-1
33, 24473.jpg,9,1122,579,62,140,-1,-1,-1,-1
33, 24473.jpg,11,645,597,70,113,-1,-1,-1,-1
33, 24473.jpg,12,1039,614,71,180,-1,-1,-1,-1
33, 24473.jpg,15,1413,621,68,131,-1,-1,-1,-1
34, 24474.jpg,1,1221,715,53,124,-1,-1,-1,-1
34, 24474.jpg,2,533,626,78,131,-1,-1,-1,-1
34, 24474.jpg,3,1189,554,72,124,-1,-1,-1,-1
34, 24474.jpg,5,586,699,72,149,-1,-1,-1,-1
34, 24474.jpg,6,1298,655,64,127,-1,-1,-1,-1
34, 24474.jpg,7,1400,728,59,113,-1,-1,-1,-1
34, 24474.jpg,8,925,604,78,109,-1,-1,-1,-1
34, 24474.jpg,9,1132,581,63,144,-1,-1,-1,-1
34, 24474.jpg,11,649,592,72,119,-1,-1,-1,-1
34, 24474.jpg,12,1042,618,72,178,-1,-1,-1,-1
34, 24474.jpg,15,1416,651,67,129,-1,-1,-1,-1
35, 24475.jpg,1,1230,716,53,124,-1,-1,-1,-1
35, 24475.jpg,2,541,622,77,133,-1,-1,-1,-1
35, 24475.jpg,3,1196,551,73,128,-1,-1,-1,-1
35, 24475.jpg,5,597,697,71,150,-1,-1,-1,-1
35, 24475.jpg,6,1304,655,64,128,-1,-1,-1,-1
35, 24475.jpg,7,1403,734,57,109,-1,-1,-1,-1
35, 24475.jpg,8,931,601,80,111,-1,-1,-1,-1
35, 24475.jpg,9,1142,585,61,141,-1,-1,-1,-1
35, 24475.jpg,11,652,591,74,123,-1,-1,-1,-1
35, 24475.jpg,12,1044,627,74,180,-1,-1,-1,-1
35, 24475.jpg,15,1417,672,70,134,-1,-1,-1,-1
36, 24476.jpg,1,1237,715,53,124,-1,-1,-1,-1
36, 24476.jpg,2,551,621,77,133,-1,-1,-1,-1
36, 24476.jpg,3,1205,549,73,130,-1,-1,-1,-1
36, 24476.jpg,5,606,695,72,152,-1,-1,-1,-1
36, 24476.jpg,6,1312,656,65,130,-1,-1,-1,-1
36, 24476.jpg,8,938,597,82,115,-1,-1,-1,-1
36, 24476.jpg,9,1149,588,61,141,-1,-1,-1,-1
36, 24476.jpg,11,657,590,75,125,-1,-1,-1,-1
36, 24476.jpg,12,1053,634,73,176,-1,-1,-1,-1
36, 24476.jpg,15,1427,672,72,139,-1,-1,-1,-1
37, 24477.jpg,1,1244,715,54,125,-1,-1,-1,-1
37, 24477.jpg,2,560,620,76,133,-1,-1,-1,-1
37, 24477.jpg,3,1215,549,71,128,-1,-1,-1,-1
37, 24477.jpg,5,621,694,68,146,-1,-1,-1,-1
37, 24477.jpg,6,1320,654,65,130,-1,-1,-1,-1
37, 24477.jpg,8,945,592,82,118,-1,-1,-1,-1
37, 24477.jpg,9,1159,593,61,140,-1,-1,-1,-1
37, 24477.jpg,11,664,587,74,125,-1,-1,-1,-1
37, 24477.jpg,12,1065,639,73,177,-1,-1,-1,-1
37, 24477.jpg,15,1431,673,77,150,-1,-1,-1,-1
38, 24478.jpg,1,1252,716,55,124,-1,-1,-1,-1
38, 24478.jpg,2,571,617,74,132,-1,-1,-1,-1
38, 24478.jpg,3,1223,549,72,131,-1,-1,-1,-1
38, 24478.jpg,5,632,695,66,143,-1,-1,-1,-1
38, 24478.jpg,6,1328,652,64,131,-1,-1,-1,-1
38, 24478.jpg,8,954,587,80,120,-1,-1,-1,-1
38, 24478.jpg,9,1168,595,60,138,-1,-1,-1,-1
38, 24478.jpg,11,671,583,74,127,-1,-1,-1,-1
38, 24478.jpg,12,1074,649,70,173,-1,-1,-1,-1
38, 24478.jpg,15,1439,669,83,161,-1,-1,-1,-1
39, 24479.jpg,1,1260,714,56,126,-1,-1,-1,-1
39, 24479.jpg,2,580,617,73,131,-1,-1,-1,-1
39, 24479.jpg,3,1230,548,71,131,-1,-1,-1,-1
39, 24479.jpg,5,642,695,66,141,-1,-1,-1,-1
39, 24479.jpg,6,1336,652,64,129,-1,-1,-1,-1
39, 24479.jpg,8,963,585,80,123,-1,-1,-1,-1
39, 24479.jpg,9,1175,593,61,139,-1,-1,-1,-1
39, 24479.jpg,11,678,583,73,126,-1,-1,-1,-1
39, 24479.jpg,12,1085,657,69,174,-1,-1,-1,-1
39, 24479.jpg,15,1453,666,82,161,-1,-1,-1,-1
40, 24480.jpg,1,1270,716,55,125,-1,-1,-1,-1
40, 24480.jpg,2,586,615,73,134,-1,-1,-1,-1
40, 24480.jpg,3,1238,547,71,131,-1,-1,-1,-1
40, 24480.jpg,5,654,697,69,141,-1,-1,-1,-1
40, 24480.jpg,6,1345,651,65,131,-1,-1,-1,-1
40, 24480.jpg,8,970,584,79,125,-1,-1,-1,-1
40, 24480.jpg,9,1186,594,61,139,-1,-1,-1,-1
40, 24480.jpg,11,689,584,70,122,-1,-1,-1,-1
40, 24480.jpg,12,1092,665,70,175,-1,-1,-1,-1
40, 24480.jpg,15,1465,694,76,144,-1,-1,-1,-1
