2, 21747.jpg,1,672,398,33,102,-1,-1,-1,-1
2, 21747.jpg,2,207,438,79,83,-1,-1,-1,-1
2, 21747.jpg,3,569,347,50,121,-1,-1,-1,-1
2, 21747.jpg,4,867,334,49,71,-1,-1,-1,-1
2, 21747.jpg,5,469,387,64,106,-1,-1,-1,-1
2, 21747.jpg,6,332,378,37,96,-1,-1,-1,-1
2, 21747.jpg,7,276,344,66,90,-1,-1,-1,-1
2, 21747.jpg,8,666,317,45,94,-1,-1,-1,-1
2, 21747.jpg,9,887,394,38,95,-1,-1,-1,-1
2, 21747.jpg,10,470,262,41,69,-1,-1,-1,-1
2, 21747.jpg,11,970,348,47,103,-1,-1,-1,-1
3, 21748.jpg,1,670,400,31,96,-1,-1,-1,-1
3, 21748.jpg,2,212,441,79,83,-1,-1,-1,-1
3, 21748.jpg,3,562,347,49,118,-1,-1,-1,-1
3, 21748.jpg,4,863,332,49,71,-1,-1,-1,-1
3, 21748.jpg,5,473,392,59,97,-1,-1,-1,-1
3, 21748.jpg,6,330,380,36,93,-1,-1,-1,-1
3, 21748.jpg,7,276,342,67,93,-1,-1,-1,-1
3, 21748.jpg,8,662,325,51,107,-1,-1,-1,-1
3, 21748.jpg,9,886,396,38,95,-1,-1,-1,-1
3, 21748.jpg,10,467,260,42,73,-1,-1,-1,-1
3, 21748.jpg,11,969,348,46,101,-1,-1,-1,-1
4, 21749.jpg,1,666,403,29,92,-1,-1,-1,-1
4, 21749.jpg,2,211,442,80,85,-1,-1,-1,-1
4, 21749.jpg,3,557,350,47,113,-1,-1,-1,-1
4, 21749.jpg,4,861,330,50,72,-1,-1,-1,-1
4, 21749.jpg,5,472,395,61,101,-1,-1,-1,-1
4, 21749.jpg,6,328,382,36,91,-1,-1,-1,-1
4, 21749.jpg,7,287,354,71,99,-1,-1,-1,-1
4, 21749.jpg,8,661,316,45,94,-1,-1,-1,-1
4, 21749.jpg,9,885,395,39,98,-1,-1,-1,-1
4, 21749.jpg,10,465,259,43,74,-1,-1,-1,-1
4, 21749.jpg,11,967,349,45,99,-1,-1,-1,-1
5, 21750.jpg,1,662,412,29,87,-1,-1,-1,-1
5, 21750.jpg,2,212,442,82,88,-1,-1,-1,-1
5, 21750.jpg,3,551,347,47,114,-1,-1,-1,-1
5, 21750.jpg,4,859,329,51,74,-1,-1,-1,-1
5, 21750.jpg,5,473,400,60,100,-1,-1,-1,-1
5, 21750.jpg,6,318,384,36,94,-1,-1,-1,-1
5, 21750.jpg,7,289,355,73,104,-1,-1,-1,-1
5, 21750.jpg,8,651,323,49,103,-1,-1,-1,-1
5, 21750.jpg,9,884,396,39,99,-1,-1,-1,-1
5, 21750.jpg,10,463,260,42,72,-1,-1,-1,-1
5, 21750.jpg,11,964,350,45,98,-1,-1,-1,-1
6, 21751.jpg,1,658,410,32,95,-1,-1,-1,-1
6, 21751.jpg,2,216,443,81,89,-1,-1,-1,-1
6, 21751.jpg,3,545,349,46,114,-1,-1,-1,-1
6, 21751.jpg,4,856,327,53,75,-1,-1,-1,-1
6, 21751.jpg,5,472,401,63,105,-1,-1,-1,-1
6, 21751.jpg,6,314,385,36,93,-1,-1,-1,-1
6, 21751.jpg,7,287,350,76,109,-1,-1,-1,-1
6, 21751.jpg,8,647,344,45,98,-1,-1,-1,-1
6, 21751.jpg,9,882,398,40,97,-1,-1,-1,-1
6, 21751.jpg,10,461,260,41,73,-1,-1,-1,-1
6, 21751.jpg,11,962,351,44,97,-1,-1,-1,-1
7, 21752.jpg,1,652,405,33,98,-1,-1,-1,-1
7, 21752.jpg,2,215,442,88,96,-1,-1,-1,-1
7, 21752.jpg,3,541,356,45,112,-1,-1,-1,-1
7, 21752.jpg,4,855,326,54,77,-1,-1,-1,-1
7, 21752.jpg,5,472,404,65,108,-1,-1,-1,-1
7, 21752.jpg,6,309,392,34,86,-1,-1,-1,-1
7, 21752.jpg,7,294,343,68,98,-1,-1,-1,-1
7, 21752.jpg,8,642,359,41,87,-1,-1,-1,-1
7, 21752.jpg,9,882,399,39,96,-1,-1,-1,-1
7, 21752.jpg,10,460,261,42,73,-1,-1,-1,-1
7, 21752.jpg,11,960,351,44,97,-1,-1,-1,-1
8, 21753.jpg,1,648,408,34,100,-1,-1,-1,-1
8, 21753.jpg,2,217,443,89,98,-1,-1,-1,-1
8, 21753.jpg,3,536,360,46,111,-1,-1,-1,-1
8, 21753.jpg,4,850,324,56,79,-1,-1,-1,-1
8, 21753.jpg,5,476,404,68,116,-1,-1,-1,-1
8, 21753.jpg,6,305,394,34,85,-1,-1,-1,-1
8, 21753.jpg,7,299,340,65,95,-1,-1,-1,-1
8, 21753.jpg,8,638,366,40,85,-1,-1,-1,-1
8, 21753.jpg,9,882,398,41,98,-1,-1,-1,-1
8, 21753.jpg,10,459,260,44,78,-1,-1,-1,-1
8, 21753.jpg,11,959,352,43,96,-1,-1,-1,-1
8, 21753.jpg,12,651,311,36,84,-1,-1,-1,-1
9, 21754.jpg,1,646,408,34,102,-1,-1,-1,-1
9, 21754.jpg,2,224,445,89,100,-1,-1,-1,-1
9, 21754.jpg,3,531,360,45,113,-1,-1,-1,-1
9, 21754.jpg,4,850,324,55,77,-1,-1,-1,-1
9, 21754.jpg,5,480,405,68,117,-1,-1,-1,-1
9, 21754.jpg,6,307,392,36,89,-1,-1,-1,-1
9, 21754.jpg,7,310,342,58,87,-1,-1,-1,-1
9, 21754.jpg,9,884,400,40,97,-1,-1,-1,-1
9, 21754.jpg,10,458,260,45,80,-1,-1,-1,-1
9, 21754.jpg,11,958,354,42,94,-1,-1,-1,-1
9, 21754.jpg,12,648,312,35,81,-1,-1,-1,-1
10, 21755.jpg,1,644,412,33,96,-1,-1,-1,-1
10, 21755.jpg,2,231,447,86,100,-1,-1,-1,-1
10, 21755.jpg,3,527,363,44,109,-1,-1,-1,-1
10, 21755.jpg,4,852,324,53,75,-1,-1,-1,-1
10, 21755.jpg,5,485,409,64,115,-1,-1,-1,-1
10, 21755.jpg,6,307,392,38,90,-1,-1,-1,-1
10, 21755.jpg,7,317,341,53,82,-1,-1,-1,-1
10, 21755.jpg,9,885,404,41,96,-1,-1,-1,-1
10, 21755.jpg,10,457,260,44,79,-1,-1,-1,-1
10, 21755.jpg,11,956,357,41,92,-1,-1,-1,-1
10, 21755.jpg,12,643,312,36,82,-1,-1,-1,-1
11, 21756.jpg,1,641,414,32,95,-1,-1,-1,-1
11, 21756.jpg,2,236,450,84,100,-1,-1,-1,-1
11, 21756.jpg,3,521,362,44,111,-1,-1,-1,-1
11, 21756.jpg,4,854,327,49,69,-1,-1,-1,-1
11, 21756.jpg,5,492,415,60,110,-1,-1,-1,-1
11, 21756.jpg,6,307,394,39,90,-1,-1,-1,-1
11, 21756.jpg,7,322,342,53,82,-1,-1,-1,-1
11, 21756.jpg,8,629,369,52,116,-1,-1,-1,-1
11, 21756.jpg,9,887,407,41,97,-1,-1,-1,-1
11, 21756.jpg,10,456,260,44,80,-1,-1,-1,-1
11, 21756.jpg,11,954,359,41,91,-1,-1,-1,-1
11, 21756.jpg,12,640,311,35,82,-1,-1,-1,-1
12, 21757.jpg,2,243,453,80,96,-1,-1,-1,-1
12, 21757.jpg,3,516,363,44,111,-1,-1,-1,-1
12, 21757.jpg,4,857,329,45,64,-1,-1,-1,-1
12, 21757.jpg,5,492,406,64,121,-1,-1,-1,-1
12, 21757.jpg,6,299,393,44,94,-1,-1,-1,-1
12, 21757.jpg,7,322,339,57,92,-1,-1,-1,-1
12, 21757.jpg,8,626,371,48,109,-1,-1,-1,-1
12, 21757.jpg,9,888,411,42,96,-1,-1,-1,-1
12, 21757.jpg,10,456,261,44,81,-1,-1,-1,-1
12, 21757.jpg,11,950,360,40,89,-1,-1,-1,-1
12, 21757.jpg,12,638,312,35,78,-1,-1,-1,-1
13, 21758.jpg,2,246,455,81,98,-1,-1,-1,-1
13, 21758.jpg,3,505,371,39,96,-1,-1,-1,-1
13, 21758.jpg,4,858,330,43,62,-1,-1,-1,-1
13, 21758.jpg,5,493,408,65,123,-1,-1,-1,-1
13, 21758.jpg,6,299,393,45,95,-1,-1,-1,-1
13, 21758.jpg,7,328,338,60,97,-1,-1,-1,-1
13, 21758.jpg,8,623,367,46,107,-1,-1,-1,-1
13, 21758.jpg,9,889,412,42,95,-1,-1,-1,-1
13, 21758.jpg,10,455,264,44,81,-1,-1,-1,-1
13, 21758.jpg,11,946,360,41,89,-1,-1,-1,-1
13, 21758.jpg,12,635,312,33,75,-1,-1,-1,-1
14, 21759.jpg,1,630,417,33,93,-1,-1,-1,-1
14, 21759.jpg,2,250,453,83,100,-1,-1,-1,-1
14, 21759.jpg,3,500,373,38,93,-1,-1,-1,-1
14, 21759.jpg,4,858,332,43,60,-1,-1,-1,-1
14, 21759.jpg,5,489,394,65,125,-1,-1,-1,-1
14, 21759.jpg,6,297,394,45,95,-1,-1,-1,-1
14, 21759.jpg,7,323,350,65,106,-1,-1,-1,-1
14, 21759.jpg,8,624,364,37,85,-1,-1,-1,-1
14, 21759.jpg,9,889,414,43,93,-1,-1,-1,-1
14, 21759.jpg,10,455,265,43,81,-1,-1,-1,-1
14, 21759.jpg,11,943,359,41,90,-1,-1,-1,-1
14, 21759.jpg,12,632,312,31,70,-1,-1,-1,-1
15, 21760.jpg,1,626,421,32,87,-1,-1,-1,-1
15, 21760.jpg,2,256,454,84,99,-1,-1,-1,-1
15, 21760.jpg,4,858,334,43,60,-1,-1,-1,-1
15, 21760.jpg,5,488,381,65,124,-1,-1,-1,-1
15, 21760.jpg,6,294,390,50,99,-1,-1,-1,-1
15, 21760.jpg,7,333,344,65,107,-1,-1,-1,-1
15, 21760.jpg,8,621,335,44,106,-1,-1,-1,-1
15, 21760.jpg,9,891,417,43,92,-1,-1,-1,-1
15, 21760.jpg,10,457,268,40,76,-1,-1,-1,-1
15, 21760.jpg,11,941,360,41,87,-1,-1,-1,-1
15, 21760.jpg,12,630,312,30,68,-1,-1,-1,-1
16, 21761.jpg,1,619,408,36,101,-1,-1,-1,-1
16, 21761.jpg,2,263,453,88,104,-1,-1,-1,-1
16, 21761.jpg,4,858,335,42,57,-1,-1,-1,-1
16, 21761.jpg,5,486,375,62,115,-1,-1,-1,-1
16, 21761.jpg,6,291,389,53,100,-1,-1,-1,-1
16, 21761.jpg,7,339,342,64,105,-1,-1,-1,-1
16, 21761.jpg,8,617,334,46,108,-1,-1,-1,-1
16, 21761.jpg,9,891,420,43,89,-1,-1,-1,-1
16, 21761.jpg,10,457,269,41,77,-1,-1,-1,-1
16, 21761.jpg,11,935,356,43,91,-1,-1,-1,-1
16, 21761.jpg,12,624,309,34,76,-1,-1,-1,-1
17, 21762.jpg,1,615,408,37,102,-1,-1,-1,-1
17, 21762.jpg,2,271,455,87,101,-1,-1,-1,-1
17, 21762.jpg,4,857,333,45,59,-1,-1,-1,-1
17, 21762.jpg,5,485,375,62,115,-1,-1,-1,-1
17, 21762.jpg,6,289,389,54,98,-1,-1,-1,-1
17, 21762.jpg,7,343,343,62,102,-1,-1,-1,-1
17, 21762.jpg,8,611,357,42,101,-1,-1,-1,-1
17, 21762.jpg,9,891,420,44,90,-1,-1,-1,-1
17, 21762.jpg,10,453,271,43,78,-1,-1,-1,-1
17, 21762.jpg,11,931,354,43,92,-1,-1,-1,-1
17, 21762.jpg,12,620,307,35,79,-1,-1,-1,-1
18, 21763.jpg,2,279,457,83,97,-1,-1,-1,-1
18, 21763.jpg,4,854,330,49,64,-1,-1,-1,-1
18, 21763.jpg,5,481,375,61,113,-1,-1,-1,-1
18, 21763.jpg,6,290,389,54,94,-1,-1,-1,-1
18, 21763.jpg,7,347,344,56,96,-1,-1,-1,-1
18, 21763.jpg,8,611,345,40,97,-1,-1,-1,-1
18, 21763.jpg,9,892,421,45,91,-1,-1,-1,-1
18, 21763.jpg,10,450,271,45,81,-1,-1,-1,-1
18, 21763.jpg,11,927,351,43,94,-1,-1,-1,-1
18, 21763.jpg,12,617,307,35,79,-1,-1,-1,-1
19, 21764.jpg,2,287,459,78,95,-1,-1,-1,-1
19, 21764.jpg,4,849,328,53,67,-1,-1,-1,-1
19, 21764.jpg,5,475,373,55,101,-1,-1,-1,-1
19, 21764.jpg,6,290,387,57,98,-1,-1,-1,-1
19, 21764.jpg,7,350,346,53,93,-1,-1,-1,-1
19, 21764.jpg,8,608,344,39,98,-1,-1,-1,-1
19, 21764.jpg,9,894,422,46,92,-1,-1,-1,-1
19, 21764.jpg,10,447,271,46,82,-1,-1,-1,-1
19, 21764.jpg,11,925,349,42,92,-1,-1,-1,-1
19, 21764.jpg,12,611,307,37,85,-1,-1,-1,-1
20, 21765.jpg,2,294,460,79,98,-1,-1,-1,-1
20, 21765.jpg,4,845,326,56,70,-1,-1,-1,-1
20, 21765.jpg,5,481,375,65,118,-1,-1,-1,-1
20, 21765.jpg,6,290,386,57,99,-1,-1,-1,-1
20, 21765.jpg,7,353,346,52,94,-1,-1,-1,-1
20, 21765.jpg,8,602,357,40,99,-1,-1,-1,-1
20, 21765.jpg,9,895,422,47,96,-1,-1,-1,-1
20, 21765.jpg,10,443,270,49,83,-1,-1,-1,-1
20, 21765.jpg,11,922,346,42,91,-1,-1,-1,-1
20, 21765.jpg,12,605,310,38,85,-1,-1,-1,-1
21, 21766.jpg,2,301,458,79,101,-1,-1,-1,-1
21, 21766.jpg,3,466,369,42,98,-1,-1,-1,-1
21, 21766.jpg,4,842,326,56,70,-1,-1,-1,-1
21, 21766.jpg,5,487,374,70,130,-1,-1,-1,-1
21, 21766.jpg,6,290,384,58,100,-1,-1,-1,-1
21, 21766.jpg,7,354,345,53,95,-1,-1,-1,-1
21, 21766.jpg,8,600,346,38,96,-1,-1,-1,-1
21, 21766.jpg,9,897,423,46,95,-1,-1,-1,-1
21, 21766.jpg,10,441,270,49,84,-1,-1,-1,-1
21, 21766.jpg,11,918,343,41,91,-1,-1,-1,-1
21, 21766.jpg,12,601,310,38,86,-1,-1,-1,-1
22, 21767.jpg,2,307,454,81,105,-1,-1,-1,-1
22, 21767.jpg,3,458,367,43,101,-1,-1,-1,-1
22, 21767.jpg,4,837,325,56,70,-1,-1,-1,-1
22, 21767.jpg,5,491,378,69,129,-1,-1,-1,-1
22, 21767.jpg,6,291,383,57,102,-1,-1,-1,-1
22, 21767.jpg,7,355,341,54,98,-1,-1,-1,-1
22, 21767.jpg,8,597,346,38,96,-1,-1,-1,-1
22, 21767.jpg,9,899,424,47,95,-1,-1,-1,-1
22, 21767.jpg,10,437,270,50,86,-1,-1,-1,-1
22, 21767.jpg,11,915,341,42,92,-1,-1,-1,-1
22, 21767.jpg,12,600,309,37,84,-1,-1,-1,-1
23, 21768.jpg,1,587,371,49,139,-1,-1,-1,-1
23, 21768.jpg,2,312,451,83,109,-1,-1,-1,-1
23, 21768.jpg,3,451,365,43,103,-1,-1,-1,-1
23, 21768.jpg,4,832,324,57,71,-1,-1,-1,-1
23, 21768.jpg,5,494,383,66,126,-1,-1,-1,-1
23, 21768.jpg,6,292,383,57,104,-1,-1,-1,-1
23, 21768.jpg,7,356,338,57,102,-1,-1,-1,-1
23, 21768.jpg,9,904,427,46,95,-1,-1,-1,-1
23, 21768.jpg,10,434,269,52,87,-1,-1,-1,-1
23, 21768.jpg,11,912,341,43,91,-1,-1,-1,-1
23, 21768.jpg,12,595,310,39,87,-1,-1,-1,-1
24, 21769.jpg,1,583,368,50,142,-1,-1,-1,-1
24, 21769.jpg,2,318,451,83,108,-1,-1,-1,-1
24, 21769.jpg,3,444,364,46,106,-1,-1,-1,-1
24, 21769.jpg,4,827,325,59,72,-1,-1,-1,-1
24, 21769.jpg,5,493,385,65,124,-1,-1,-1,-1
24, 21769.jpg,6,292,385,56,105,-1,-1,-1,-1
24, 21769.jpg,7,356,335,58,105,-1,-1,-1,-1
24, 21769.jpg,8,593,346,38,93,-1,-1,-1,-1
24, 21769.jpg,9,904,430,47,95,-1,-1,-1,-1
24, 21769.jpg,10,432,267,53,88,-1,-1,-1,-1
24, 21769.jpg,11,908,340,43,91,-1,-1,-1,-1
24, 21769.jpg,12,591,311,40,87,-1,-1,-1,-1
25, 21770.jpg,1,577,362,54,151,-1,-1,-1,-1
25, 21770.jpg,2,325,451,81,108,-1,-1,-1,-1
25, 21770.jpg,3,437,364,46,105,-1,-1,-1,-1
25, 21770.jpg,4,821,324,60,75,-1,-1,-1,-1
25, 21770.jpg,5,493,391,63,122,-1,-1,-1,-1
25, 21770.jpg,6,292,387,54,106,-1,-1,-1,-1
25, 21770.jpg,7,354,333,59,106,-1,-1,-1,-1
25, 21770.jpg,8,590,346,38,93,-1,-1,-1,-1
25, 21770.jpg,9,903,433,48,97,-1,-1,-1,-1
25, 21770.jpg,10,431,266,54,92,-1,-1,-1,-1
25, 21770.jpg,11,905,341,43,87,-1,-1,-1,-1
25, 21770.jpg,12,592,315,38,81,-1,-1,-1,-1
26, 21771.jpg,1,578,367,51,138,-1,-1,-1,-1
26, 21771.jpg,2,330,451,79,108,-1,-1,-1,-1
26, 21771.jpg,3,431,365,47,106,-1,-1,-1,-1
26, 21771.jpg,4,817,325,63,77,-1,-1,-1,-1
26, 21771.jpg,5,494,396,62,121,-1,-1,-1,-1
26, 21771.jpg,6,292,388,55,109,-1,-1,-1,-1
26, 21771.jpg,7,353,330,59,107,-1,-1,-1,-1
26, 21771.jpg,9,903,436,47,97,-1,-1,-1,-1
26, 21771.jpg,10,431,263,52,93,-1,-1,-1,-1
26, 21771.jpg,11,900,341,45,88,-1,-1,-1,-1
26, 21771.jpg,12,589,316,40,84,-1,-1,-1,-1
27, 21772.jpg,1,578,366,52,133,-1,-1,-1,-1
27, 21772.jpg,2,334,452,77,108,-1,-1,-1,-1
27, 21772.jpg,3,423,366,47,106,-1,-1,-1,-1
27, 21772.jpg,4,815,328,63,75,-1,-1,-1,-1
27, 21772.jpg,5,492,402,64,122,-1,-1,-1,-1
27, 21772.jpg,6,293,392,53,108,-1,-1,-1,-1
27, 21772.jpg,7,352,327,59,109,-1,-1,-1,-1
27, 21772.jpg,9,903,441,44,91,-1,-1,-1,-1
27, 21772.jpg,10,428,263,52,94,-1,-1,-1,-1
27, 21772.jpg,11,895,344,48,87,-1,-1,-1,-1
27, 21772.jpg,12,587,317,42,85,-1,-1,-1,-1
28, 21773.jpg,1,579,370,51,121,-1,-1,-1,-1
28, 21773.jpg,2,341,455,71,104,-1,-1,-1,-1
28, 21773.jpg,3,418,367,48,106,-1,-1,-1,-1
28, 21773.jpg,4,813,331,62,73,-1,-1,-1,-1
28, 21773.jpg,5,495,410,65,125,-1,-1,-1,-1
28, 21773.jpg,6,295,397,51,105,-1,-1,-1,-1
28, 21773.jpg,7,350,323,60,112,-1,-1,-1,-1
28, 21773.jpg,9,901,445,44,88,-1,-1,-1,-1
28, 21773.jpg,10,430,264,51,94,-1,-1,-1,-1
28, 21773.jpg,11,892,345,49,87,-1,-1,-1,-1
28, 21773.jpg,12,585,317,43,87,-1,-1,-1,-1
29, 21774.jpg,1,579,378,49,110,-1,-1,-1,-1
29, 21774.jpg,2,346,454,70,108,-1,-1,-1,-1
29, 21774.jpg,3,415,372,49,106,-1,-1,-1,-1
29, 21774.jpg,4,810,333,62,72,-1,-1,-1,-1
29, 21774.jpg,5,495,420,66,126,-1,-1,-1,-1
29, 21774.jpg,6,298,404,48,100,-1,-1,-1,-1
29, 21774.jpg,7,349,320,58,111,-1,-1,-1,-1
29, 21774.jpg,9,900,446,44,87,-1,-1,-1,-1
29, 21774.jpg,10,431,265,51,96,-1,-1,-1,-1
29, 21774.jpg,11,889,348,51,84,-1,-1,-1,-1
29, 21774.jpg,12,582,317,44,88,-1,-1,-1,-1
30, 21775.jpg,1,577,379,52,112,-1,-1,-1,-1
30, 21775.jpg,2,350,453,70,110,-1,-1,-1,-1
30, 21775.jpg,3,413,375,49,105,-1,-1,-1,-1
30, 21775.jpg,4,811,335,61,69,-1,-1,-1,-1
30, 21775.jpg,5,498,433,63,120,-1,-1,-1,-1
30, 21775.jpg,6,301,409,45,96,-1,-1,-1,-1
30, 21775.jpg,7,350,318,57,110,-1,-1,-1,-1
30, 21775.jpg,9,899,444,44,89,-1,-1,-1,-1
30, 21775.jpg,10,432,267,50,97,-1,-1,-1,-1
30, 21775.jpg,11,888,351,51,81,-1,-1,-1,-1
30, 21775.jpg,12,579,318,46,89,-1,-1,-1,-1
31, 21776.jpg,1,578,384,50,108,-1,-1,-1,-1
31, 21776.jpg,2,359,456,67,106,-1,-1,-1,-1
31, 21776.jpg,3,411,378,48,102,-1,-1,-1,-1
31, 21776.jpg,4,809,337,61,68,-1,-1,-1,-1
31, 21776.jpg,5,501,443,60,115,-1,-1,-1,-1
31, 21776.jpg,6,304,414,42,91,-1,-1,-1,-1
31, 21776.jpg,7,351,316,55,111,-1,-1,-1,-1
31, 21776.jpg,9,898,441,45,92,-1,-1,-1,-1
31, 21776.jpg,10,434,271,49,96,-1,-1,-1,-1
31, 21776.jpg,11,886,354,52,79,-1,-1,-1,-1
31, 21776.jpg,12,578,318,44,84,-1,-1,-1,-1
32, 21777.jpg,1,582,384,48,102,-1,-1,-1,-1
32, 21777.jpg,2,365,456,67,106,-1,-1,-1,-1
32, 21777.jpg,3,411,379,48,102,-1,-1,-1,-1
32, 21777.jpg,4,807,341,57,61,-1,-1,-1,-1
32, 21777.jpg,5,502,451,56,109,-1,-1,-1,-1
32, 21777.jpg,6,304,415,42,90,-1,-1,-1,-1
32, 21777.jpg,7,352,316,53,109,-1,-1,-1,-1
32, 21777.jpg,9,897,438,46,94,-1,-1,-1,-1
32, 21777.jpg,10,436,276,47,93,-1,-1,-1,-1
32, 21777.jpg,11,885,355,52,77,-1,-1,-1,-1
32, 21777.jpg,12,578,319,42,80,-1,-1,-1,-1
33, 21778.jpg,1,583,382,48,101,-1,-1,-1,-1
33, 21778.jpg,2,369,457,66,106,-1,-1,-1,-1
33, 21778.jpg,3,412,379,47,103,-1,-1,-1,-1
33, 21778.jpg,4,805,343,59,60,-1,-1,-1,-1
33, 21778.jpg,5,502,455,54,105,-1,-1,-1,-1
33, 21778.jpg,6,303,413,43,93,-1,-1,-1,-1
33, 21778.jpg,7,352,317,52,108,-1,-1,-1,-1
33, 21778.jpg,9,896,430,49,102,-1,-1,-1,-1
33, 21778.jpg,10,438,280,47,93,-1,-1,-1,-1
33, 21778.jpg,11,883,357,52,75,-1,-1,-1,-1
33, 21778.jpg,12,578,319,42,79,-1,-1,-1,-1
34, 21779.jpg,1,574,390,50,105,-1,-1,-1,-1
34, 21779.jpg,2,372,459,65,105,-1,-1,-1,-1
34, 21779.jpg,3,410,380,47,101,-1,-1,-1,-1
34, 21779.jpg,4,802,344,60,59,-1,-1,-1,-1
34, 21779.jpg,5,499,457,53,103,-1,-1,-1,-1
34, 21779.jpg,6,302,410,43,96,-1,-1,-1,-1
34, 21779.jpg,7,354,319,49,106,-1,-1,-1,-1
34, 21779.jpg,9,894,425,51,107,-1,-1,-1,-1
34, 21779.jpg,10,440,283,46,92,-1,-1,-1,-1
34, 21779.jpg,11,883,356,55,76,-1,-1,-1,-1
34, 21779.jpg,12,578,318,44,81,-1,-1,-1,-1
35, 21780.jpg,1,576,383,51,105,-1,-1,-1,-1
35, 21780.jpg,2,378,463,63,103,-1,-1,-1,-1
35, 21780.jpg,3,410,379,47,104,-1,-1,-1,-1
35, 21780.jpg,4,799,344,62,59,-1,-1,-1,-1
35, 21780.jpg,5,497,455,56,108,-1,-1,-1,-1
35, 21780.jpg,6,301,405,44,100,-1,-1,-1,-1
35, 21780.jpg,7,355,321,46,102,-1,-1,-1,-1
35, 21780.jpg,8,554,424,40,98,-1,-1,-1,-1
35, 21780.jpg,9,894,423,50,106,-1,-1,-1,-1
35, 21780.jpg,10,441,285,46,91,-1,-1,-1,-1
35, 21780.jpg,11,881,356,56,76,-1,-1,-1,-1
35, 21780.jpg,12,577,316,45,86,-1,-1,-1,-1
36, 21781.jpg,1,580,380,51,106,-1,-1,-1,-1
36, 21781.jpg,2,380,463,63,103,-1,-1,-1,-1
36, 21781.jpg,3,409,378,48,107,-1,-1,-1,-1
36, 21781.jpg,4,798,348,60,55,-1,-1,-1,-1
36, 21781.jpg,5,493,454,58,111,-1,-1,-1,-1
36, 21781.jpg,6,300,400,44,102,-1,-1,-1,-1
36, 21781.jpg,7,357,324,43,95,-1,-1,-1,-1
36, 21781.jpg,8,552,426,39,101,-1,-1,-1,-1
36, 21781.jpg,9,894,421,50,106,-1,-1,-1,-1
36, 21781.jpg,10,441,288,45,89,-1,-1,-1,-1
36, 21781.jpg,11,878,356,57,76,-1,-1,-1,-1
36, 21781.jpg,12,576,315,47,91,-1,-1,-1,-1
37, 21782.jpg,1,582,377,51,108,-1,-1,-1,-1
37, 21782.jpg,2,378,461,65,106,-1,-1,-1,-1
37, 21782.jpg,3,411,376,48,110,-1,-1,-1,-1
37, 21782.jpg,4,798,346,64,58,-1,-1,-1,-1
37, 21782.jpg,5,489,453,59,115,-1,-1,-1,-1
37, 21782.jpg,6,300,397,44,102,-1,-1,-1,-1
37, 21782.jpg,7,357,325,41,95,-1,-1,-1,-1
37, 21782.jpg,8,551,425,38,101,-1,-1,-1,-1
37, 21782.jpg,9,895,419,50,106,-1,-1,-1,-1
37, 21782.jpg,10,443,290,44,89,-1,-1,-1,-1
37, 21782.jpg,11,877,355,58,77,-1,-1,-1,-1
37, 21782.jpg,12,576,314,48,94,-1,-1,-1,-1
38, 21783.jpg,1,583,376,51,110,-1,-1,-1,-1
38, 21783.jpg,2,375,455,66,111,-1,-1,-1,-1
38, 21783.jpg,3,411,375,49,112,-1,-1,-1,-1
38, 21783.jpg,4,797,343,67,61,-1,-1,-1,-1
38, 21783.jpg,5,486,453,60,119,-1,-1,-1,-1
38, 21783.jpg,6,300,395,43,101,-1,-1,-1,-1
38, 21783.jpg,7,358,325,41,95,-1,-1,-1,-1
38, 21783.jpg,8,551,425,37,100,-1,-1,-1,-1
38, 21783.jpg,9,895,420,50,103,-1,-1,-1,-1
38, 21783.jpg,10,445,293,44,88,-1,-1,-1,-1
38, 21783.jpg,11,876,354,59,77,-1,-1,-1,-1
38, 21783.jpg,12,576,314,48,95,-1,-1,-1,-1
39, 21784.jpg,1,584,375,50,111,-1,-1,-1,-1
39, 21784.jpg,2,374,452,66,113,-1,-1,-1,-1
39, 21784.jpg,3,413,374,47,112,-1,-1,-1,-1
39, 21784.jpg,4,794,343,68,60,-1,-1,-1,-1
39, 21784.jpg,5,482,455,62,124,-1,-1,-1,-1
39, 21784.jpg,6,300,391,42,101,-1,-1,-1,-1
39, 21784.jpg,7,358,325,40,95,-1,-1,-1,-1
39, 21784.jpg,8,551,425,37,101,-1,-1,-1,-1
39, 21784.jpg,9,894,422,50,100,-1,-1,-1,-1
39, 21784.jpg,10,446,294,44,88,-1,-1,-1,-1
39, 21784.jpg,11,872,354,61,79,-1,-1,-1,-1
39, 21784.jpg,12,576,316,46,93,-1,-1,-1,-1
40, 21785.jpg,1,584,375,49,109,-1,-1,-1,-1
40, 21785.jpg,2,373,451,67,116,-1,-1,-1,-1
40, 21785.jpg,3,411,375,48,114,-1,-1,-1,-1
40, 21785.jpg,4,790,345,66,55,-1,-1,-1,-1
40, 21785.jpg,5,479,458,62,126,-1,-1,-1,-1
40, 21785.jpg,6,300,387,42,101,-1,-1,-1,-1
40, 21785.jpg,7,358,325,40,95,-1,-1,-1,-1
40, 21785.jpg,8,551,424,38,103,-1,-1,-1,-1
40, 21785.jpg,9,892,425,51,95,-1,-1,-1,-1
40, 21785.jpg,10,447,294,45,92,-1,-1,-1,-1
40, 21785.jpg,11,872,353,63,81,-1,-1,-1,-1
40, 21785.jpg,12,578,318,43,91,-1,-1,-1,-1
