2, 18942.jpg,3,483,294,63,100,-1,-1,-1,-1
2, 18942.jpg,4,723,413,44,123,-1,-1,-1,-1
2, 18942.jpg,5,685,353,39,108,-1,-1,-1,-1
2, 18942.jpg,6,445,354,46,73,-1,-1,-1,-1
2, 18942.jpg,7,565,412,72,116,-1,-1,-1,-1
2, 18942.jpg,8,613,338,39,99,-1,-1,-1,-1
2, 18942.jpg,9,902,348,63,116,-1,-1,-1,-1
2, 18942.jpg,10,250,368,52,99,-1,-1,-1,-1
2, 18942.jpg,11,827,408,53,93,-1,-1,-1,-1
3, 18943.jpg,3,482,290,66,105,-1,-1,-1,-1
3, 18943.jpg,4,719,411,44,124,-1,-1,-1,-1
3, 18943.jpg,5,685,356,39,105,-1,-1,-1,-1
3, 18943.jpg,6,446,352,47,75,-1,-1,-1,-1
3, 18943.jpg,7,566,409,72,118,-1,-1,-1,-1
3, 18943.jpg,8,613,338,38,98,-1,-1,-1,-1
3, 18943.jpg,9,902,348,63,116,-1,-1,-1,-1
3, 18943.jpg,10,249,368,53,99,-1,-1,-1,-1
3, 18943.jpg,11,828,408,54,93,-1,-1,-1,-1
4, 18944.jpg,3,476,286,65,105,-1,-1,-1,-1
4, 18944.jpg,4,717,408,45,126,-1,-1,-1,-1
4, 18944.jpg,5,685,358,39,104,-1,-1,-1,-1
4, 18944.jpg,6,447,351,48,75,-1,-1,-1,-1
4, 18944.jpg,7,566,406,74,121,-1,-1,-1,-1
4, 18944.jpg,8,613,340,37,94,-1,-1,-1,-1
4, 18944.jpg,9,899,347,63,117,-1,-1,-1,-1
4, 18944.jpg,10,248,367,53,100,-1,-1,-1,-1
4, 18944.jpg,11,829,408,54,93,-1,-1,-1,-1
4, 18944.jpg,12,406,453,51,48,-1,-1,-1,-1
4, 18944.jpg,13,964,351,98,64,-1,-1,-1,-1
5, 18945.jpg,3,475,286,60,96,-1,-1,-1,-1
5, 18945.jpg,4,714,404,45,128,-1,-1,-1,-1
5, 18945.jpg,5,685,358,38,104,-1,-1,-1,-1
5, 18945.jpg,6,448,349,49,77,-1,-1,-1,-1
5, 18945.jpg,7,565,402,73,121,-1,-1,-1,-1
5, 18945.jpg,8,613,339,38,93,-1,-1,-1,-1
5, 18945.jpg,9,897,347,62,117,-1,-1,-1,-1
5, 18945.jpg,10,246,367,53,99,-1,-1,-1,-1
5, 18945.jpg,11,830,407,54,93,-1,-1,-1,-1
5, 18945.jpg,12,422,453,49,44,-1,-1,-1,-1
5, 18945.jpg,13,959,349,100,66,-1,-1,-1,-1
6, 18946.jpg,3,475,286,57,91,-1,-1,-1,-1
6, 18946.jpg,4,712,403,44,124,-1,-1,-1,-1
6, 18946.jpg,5,685,358,36,98,-1,-1,-1,-1
6, 18946.jpg,6,449,348,50,77,-1,-1,-1,-1
6, 18946.jpg,7,566,399,72,122,-1,-1,-1,-1
6, 18946.jpg,8,614,339,37,92,-1,-1,-1,-1
6, 18946.jpg,9,898,347,61,116,-1,-1,-1,-1
6, 18946.jpg,10,245,366,52,98,-1,-1,-1,-1
6, 18946.jpg,11,832,407,53,93,-1,-1,-1,-1
6, 18946.jpg,12,427,452,48,43,-1,-1,-1,-1
6, 18946.jpg,13,950,347,103,70,-1,-1,-1,-1
6, 18946.jpg,14,686,331,30,81,-1,-1,-1,-1
7, 18947.jpg,3,476,288,53,86,-1,-1,-1,-1
7, 18947.jpg,4,710,402,43,122,-1,-1,-1,-1
7, 18947.jpg,5,686,359,35,96,-1,-1,-1,-1
7, 18947.jpg,6,456,331,56,86,-1,-1,-1,-1
7, 18947.jpg,7,569,395,71,123,-1,-1,-1,-1
7, 18947.jpg,8,613,340,38,90,-1,-1,-1,-1
7, 18947.jpg,9,898,348,59,114,-1,-1,-1,-1
7, 18947.jpg,10,243,366,53,99,-1,-1,-1,-1
7, 18947.jpg,11,833,407,54,93,-1,-1,-1,-1
7, 18947.jpg,13,943,345,107,73,-1,-1,-1,-1
7, 18947.jpg,14,682,331,32,87,-1,-1,-1,-1
8, 18948.jpg,3,473,288,53,85,-1,-1,-1,-1
8, 18948.jpg,4,707,404,41,116,-1,-1,-1,-1
8, 18948.jpg,6,453,338,55,85,-1,-1,-1,-1
8, 18948.jpg,7,570,393,68,121,-1,-1,-1,-1
8, 18948.jpg,8,615,341,38,92,-1,-1,-1,-1
8, 18948.jpg,9,898,348,57,114,-1,-1,-1,-1
8, 18948.jpg,10,241,365,55,100,-1,-1,-1,-1
8, 18948.jpg,11,834,407,54,94,-1,-1,-1,-1
8, 18948.jpg,13,942,342,110,77,-1,-1,-1,-1
8, 18948.jpg,14,682,329,30,83,-1,-1,-1,-1
9, 18949.jpg,3,472,291,53,84,-1,-1,-1,-1
9, 18949.jpg,4,702,400,41,116,-1,-1,-1,-1
9, 18949.jpg,5,684,340,41,109,-1,-1,-1,-1
9, 18949.jpg,6,457,326,60,94,-1,-1,-1,-1
9, 18949.jpg,7,572,391,64,118,-1,-1,-1,-1
9, 18949.jpg,8,615,341,39,92,-1,-1,-1,-1
9, 18949.jpg,9,898,348,56,113,-1,-1,-1,-1
9, 18949.jpg,10,237,364,57,101,-1,-1,-1,-1
9, 18949.jpg,11,836,407,55,95,-1,-1,-1,-1
9, 18949.jpg,13,940,339,111,82,-1,-1,-1,-1
9, 18949.jpg,14,681,329,30,83,-1,-1,-1,-1
10, 18950.jpg,3,467,305,54,86,-1,-1,-1,-1
10, 18950.jpg,4,697,396,42,118,-1,-1,-1,-1
10, 18950.jpg,5,683,336,43,114,-1,-1,-1,-1
10, 18950.jpg,6,455,336,56,88,-1,-1,-1,-1
10, 18950.jpg,7,572,390,62,114,-1,-1,-1,-1
10, 18950.jpg,8,614,340,39,90,-1,-1,-1,-1
10, 18950.jpg,9,898,348,55,113,-1,-1,-1,-1
10, 18950.jpg,10,234,363,58,102,-1,-1,-1,-1
10, 18950.jpg,11,838,408,55,95,-1,-1,-1,-1
10, 18950.jpg,13,942,337,108,83,-1,-1,-1,-1
11, 18951.jpg,3,465,307,53,85,-1,-1,-1,-1
11, 18951.jpg,4,697,400,40,110,-1,-1,-1,-1
11, 18951.jpg,5,681,331,39,104,-1,-1,-1,-1
11, 18951.jpg,6,463,327,53,83,-1,-1,-1,-1
11, 18951.jpg,7,571,387,63,119,-1,-1,-1,-1
11, 18951.jpg,8,613,339,39,89,-1,-1,-1,-1
11, 18951.jpg,9,898,347,55,114,-1,-1,-1,-1
11, 18951.jpg,10,232,364,60,102,-1,-1,-1,-1
11, 18951.jpg,11,842,406,54,96,-1,-1,-1,-1
11, 18951.jpg,13,942,335,105,85,-1,-1,-1,-1
12, 18952.jpg,3,469,294,51,84,-1,-1,-1,-1
12, 18952.jpg,4,696,400,39,108,-1,-1,-1,-1
12, 18952.jpg,5,684,339,39,103,-1,-1,-1,-1
12, 18952.jpg,6,457,334,55,86,-1,-1,-1,-1
12, 18952.jpg,7,570,386,61,117,-1,-1,-1,-1
12, 18952.jpg,8,611,338,41,92,-1,-1,-1,-1
12, 18952.jpg,9,898,347,54,114,-1,-1,-1,-1
12, 18952.jpg,10,230,364,61,103,-1,-1,-1,-1
12, 18952.jpg,11,845,405,54,97,-1,-1,-1,-1
12, 18952.jpg,13,943,333,101,86,-1,-1,-1,-1
12, 18952.jpg,16,379,452,87,55,-1,-1,-1,-1
13, 18953.jpg,3,470,290,50,82,-1,-1,-1,-1
13, 18953.jpg,4,693,399,40,110,-1,-1,-1,-1
13, 18953.jpg,5,684,352,40,105,-1,-1,-1,-1
13, 18953.jpg,6,460,322,58,93,-1,-1,-1,-1
13, 18953.jpg,7,568,385,61,117,-1,-1,-1,-1
13, 18953.jpg,8,611,339,41,90,-1,-1,-1,-1
13, 18953.jpg,9,898,347,52,113,-1,-1,-1,-1
13, 18953.jpg,10,229,365,63,103,-1,-1,-1,-1
13, 18953.jpg,11,848,405,53,98,-1,-1,-1,-1
13, 18953.jpg,13,945,331,95,85,-1,-1,-1,-1
13, 18953.jpg,16,375,446,98,60,-1,-1,-1,-1
14, 18954.jpg,3,470,288,47,80,-1,-1,-1,-1
14, 18954.jpg,4,691,402,40,107,-1,-1,-1,-1
14, 18954.jpg,5,685,352,40,105,-1,-1,-1,-1
14, 18954.jpg,6,457,332,55,89,-1,-1,-1,-1
14, 18954.jpg,7,567,386,60,115,-1,-1,-1,-1
14, 18954.jpg,8,610,338,42,91,-1,-1,-1,-1
14, 18954.jpg,9,900,347,50,112,-1,-1,-1,-1
14, 18954.jpg,10,229,365,63,103,-1,-1,-1,-1
14, 18954.jpg,11,850,404,53,99,-1,-1,-1,-1
14, 18954.jpg,13,945,329,91,85,-1,-1,-1,-1
14, 18954.jpg,14,684,330,32,87,-1,-1,-1,-1
14, 18954.jpg,16,381,445,100,61,-1,-1,-1,-1
15, 18955.jpg,3,469,288,47,78,-1,-1,-1,-1
15, 18955.jpg,4,693,408,37,98,-1,-1,-1,-1
15, 18955.jpg,6,463,326,51,82,-1,-1,-1,-1
15, 18955.jpg,7,566,386,61,115,-1,-1,-1,-1
15, 18955.jpg,8,609,337,43,94,-1,-1,-1,-1
15, 18955.jpg,9,901,346,49,113,-1,-1,-1,-1
15, 18955.jpg,10,228,366,65,102,-1,-1,-1,-1
15, 18955.jpg,11,853,404,52,98,-1,-1,-1,-1
15, 18955.jpg,13,945,327,88,85,-1,-1,-1,-1
15, 18955.jpg,14,684,333,34,91,-1,-1,-1,-1
15, 18955.jpg,16,384,442,103,63,-1,-1,-1,-1
16, 18956.jpg,4,692,408,35,96,-1,-1,-1,-1
16, 18956.jpg,5,680,367,44,116,-1,-1,-1,-1
16, 18956.jpg,6,464,325,51,82,-1,-1,-1,-1
16, 18956.jpg,7,566,387,60,114,-1,-1,-1,-1
16, 18956.jpg,8,609,337,44,95,-1,-1,-1,-1
16, 18956.jpg,9,901,345,49,114,-1,-1,-1,-1
16, 18956.jpg,10,227,366,66,102,-1,-1,-1,-1
16, 18956.jpg,11,856,404,52,99,-1,-1,-1,-1
16, 18956.jpg,13,944,324,86,87,-1,-1,-1,-1
16, 18956.jpg,14,682,328,33,88,-1,-1,-1,-1
16, 18956.jpg,16,377,442,108,65,-1,-1,-1,-1
17, 18957.jpg,3,466,286,47,80,-1,-1,-1,-1
17, 18957.jpg,5,683,376,43,115,-1,-1,-1,-1
17, 18957.jpg,6,458,334,52,85,-1,-1,-1,-1
17, 18957.jpg,7,565,388,61,113,-1,-1,-1,-1
17, 18957.jpg,8,608,337,44,94,-1,-1,-1,-1
17, 18957.jpg,9,905,343,48,113,-1,-1,-1,-1
17, 18957.jpg,10,227,366,66,102,-1,-1,-1,-1
17, 18957.jpg,11,860,406,52,98,-1,-1,-1,-1
17, 18957.jpg,13,944,323,83,88,-1,-1,-1,-1
17, 18957.jpg,14,684,328,32,84,-1,-1,-1,-1
17, 18957.jpg,16,377,443,106,63,-1,-1,-1,-1
18, 18958.jpg,3,466,286,45,76,-1,-1,-1,-1
18, 18958.jpg,5,683,376,43,118,-1,-1,-1,-1
18, 18958.jpg,6,456,336,53,87,-1,-1,-1,-1
18, 18958.jpg,7,563,388,61,113,-1,-1,-1,-1
18, 18958.jpg,8,607,337,44,94,-1,-1,-1,-1
18, 18958.jpg,9,907,341,47,115,-1,-1,-1,-1
18, 18958.jpg,10,226,366,68,102,-1,-1,-1,-1
18, 18958.jpg,11,862,406,54,100,-1,-1,-1,-1
18, 18958.jpg,13,944,322,80,88,-1,-1,-1,-1
18, 18958.jpg,14,682,326,32,85,-1,-1,-1,-1
18, 18958.jpg,16,375,443,109,65,-1,-1,-1,-1
19, 18959.jpg,3,466,286,43,73,-1,-1,-1,-1
19, 18959.jpg,5,690,397,39,106,-1,-1,-1,-1
19, 18959.jpg,6,455,338,52,86,-1,-1,-1,-1
19, 18959.jpg,7,560,385,62,118,-1,-1,-1,-1
19, 18959.jpg,8,605,336,46,97,-1,-1,-1,-1
19, 18959.jpg,9,909,342,46,114,-1,-1,-1,-1
19, 18959.jpg,10,226,366,69,102,-1,-1,-1,-1
19, 18959.jpg,11,864,406,54,100,-1,-1,-1,-1
19, 18959.jpg,13,945,321,77,89,-1,-1,-1,-1
19, 18959.jpg,14,683,338,36,94,-1,-1,-1,-1
19, 18959.jpg,16,374,441,110,67,-1,-1,-1,-1
20, 18960.jpg,3,461,287,44,78,-1,-1,-1,-1
20, 18960.jpg,5,688,389,42,114,-1,-1,-1,-1
20, 18960.jpg,6,455,338,52,86,-1,-1,-1,-1
20, 18960.jpg,7,558,385,62,116,-1,-1,-1,-1
20, 18960.jpg,8,604,335,47,97,-1,-1,-1,-1
20, 18960.jpg,9,911,344,46,112,-1,-1,-1,-1
20, 18960.jpg,10,226,366,70,103,-1,-1,-1,-1
20, 18960.jpg,11,866,406,54,99,-1,-1,-1,-1
20, 18960.jpg,13,945,320,75,90,-1,-1,-1,-1
20, 18960.jpg,14,682,330,42,111,-1,-1,-1,-1
20, 18960.jpg,16,376,441,112,68,-1,-1,-1,-1
21, 18961.jpg,3,461,287,44,76,-1,-1,-1,-1
21, 18961.jpg,5,686,383,45,120,-1,-1,-1,-1
21, 18961.jpg,6,455,338,51,86,-1,-1,-1,-1
21, 18961.jpg,7,557,383,61,117,-1,-1,-1,-1
21, 18961.jpg,8,601,332,50,101,-1,-1,-1,-1
21, 18961.jpg,9,914,345,45,111,-1,-1,-1,-1
21, 18961.jpg,10,226,365,71,104,-1,-1,-1,-1
21, 18961.jpg,11,868,406,54,99,-1,-1,-1,-1
21, 18961.jpg,13,945,319,73,91,-1,-1,-1,-1
21, 18961.jpg,14,681,340,37,96,-1,-1,-1,-1
21, 18961.jpg,16,378,439,113,71,-1,-1,-1,-1
22, 18962.jpg,3,460,287,43,75,-1,-1,-1,-1
22, 18962.jpg,5,690,391,40,111,-1,-1,-1,-1
22, 18962.jpg,6,455,338,50,86,-1,-1,-1,-1
22, 18962.jpg,7,555,381,61,118,-1,-1,-1,-1
22, 18962.jpg,8,599,330,52,105,-1,-1,-1,-1
22, 18962.jpg,9,916,345,45,111,-1,-1,-1,-1
22, 18962.jpg,10,226,365,72,104,-1,-1,-1,-1
22, 18962.jpg,11,870,406,54,100,-1,-1,-1,-1
22, 18962.jpg,13,945,317,71,93,-1,-1,-1,-1
22, 18962.jpg,14,684,349,38,97,-1,-1,-1,-1
22, 18962.jpg,16,374,437,115,74,-1,-1,-1,-1
23, 18963.jpg,3,461,283,43,71,-1,-1,-1,-1
23, 18963.jpg,5,690,394,41,111,-1,-1,-1,-1
23, 18963.jpg,6,454,336,52,90,-1,-1,-1,-1
23, 18963.jpg,7,553,381,61,118,-1,-1,-1,-1
23, 18963.jpg,8,598,327,53,106,-1,-1,-1,-1
23, 18963.jpg,9,918,344,45,112,-1,-1,-1,-1
23, 18963.jpg,10,226,365,72,103,-1,-1,-1,-1
23, 18963.jpg,11,875,408,52,96,-1,-1,-1,-1
23, 18963.jpg,13,945,315,70,95,-1,-1,-1,-1
23, 18963.jpg,14,684,352,41,106,-1,-1,-1,-1
23, 18963.jpg,16,371,435,116,77,-1,-1,-1,-1
24, 18964.jpg,3,460,279,43,72,-1,-1,-1,-1
24, 18964.jpg,5,686,379,46,125,-1,-1,-1,-1
24, 18964.jpg,6,453,333,53,93,-1,-1,-1,-1
24, 18964.jpg,7,553,381,59,118,-1,-1,-1,-1
24, 18964.jpg,8,595,322,54,110,-1,-1,-1,-1
24, 18964.jpg,9,920,346,45,109,-1,-1,-1,-1
24, 18964.jpg,10,227,363,73,104,-1,-1,-1,-1
24, 18964.jpg,11,879,407,50,96,-1,-1,-1,-1
24, 18964.jpg,13,944,313,67,95,-1,-1,-1,-1
24, 18964.jpg,14,684,354,42,108,-1,-1,-1,-1
24, 18964.jpg,16,370,434,116,78,-1,-1,-1,-1
25, 18965.jpg,3,458,277,46,75,-1,-1,-1,-1
25, 18965.jpg,5,689,382,44,121,-1,-1,-1,-1
25, 18965.jpg,6,452,331,55,96,-1,-1,-1,-1
25, 18965.jpg,7,552,380,59,119,-1,-1,-1,-1
25, 18965.jpg,8,594,320,55,112,-1,-1,-1,-1
25, 18965.jpg,9,924,352,43,102,-1,-1,-1,-1
25, 18965.jpg,10,225,362,76,107,-1,-1,-1,-1
25, 18965.jpg,11,883,407,49,95,-1,-1,-1,-1
25, 18965.jpg,13,942,312,64,94,-1,-1,-1,-1
25, 18965.jpg,16,370,431,116,80,-1,-1,-1,-1
25, 18965.jpg,17,690,315,32,81,-1,-1,-1,-1
26, 18966.jpg,3,459,276,44,73,-1,-1,-1,-1
26, 18966.jpg,5,692,387,42,114,-1,-1,-1,-1
26, 18966.jpg,6,452,330,54,97,-1,-1,-1,-1
26, 18966.jpg,7,552,379,59,120,-1,-1,-1,-1
26, 18966.jpg,8,591,317,57,116,-1,-1,-1,-1
26, 18966.jpg,9,928,352,45,102,-1,-1,-1,-1
26, 18966.jpg,10,229,361,76,107,-1,-1,-1,-1
26, 18966.jpg,11,886,406,51,99,-1,-1,-1,-1
26, 18966.jpg,13,940,311,61,91,-1,-1,-1,-1
26, 18966.jpg,14,682,336,44,113,-1,-1,-1,-1
26, 18966.jpg,16,368,429,115,83,-1,-1,-1,-1
26, 18966.jpg,17,691,349,25,59,-1,-1,-1,-1
27, 18967.jpg,3,458,274,43,73,-1,-1,-1,-1
27, 18967.jpg,4,683,346,32,84,-1,-1,-1,-1
27, 18967.jpg,5,689,377,45,123,-1,-1,-1,-1
27, 18967.jpg,6,451,329,54,97,-1,-1,-1,-1
27, 18967.jpg,7,553,380,57,120,-1,-1,-1,-1
27, 18967.jpg,8,588,313,55,115,-1,-1,-1,-1
27, 18967.jpg,9,930,351,46,103,-1,-1,-1,-1
27, 18967.jpg,10,233,360,74,106,-1,-1,-1,-1
27, 18967.jpg,11,891,408,49,98,-1,-1,-1,-1
27, 18967.jpg,13,940,308,59,92,-1,-1,-1,-1
27, 18967.jpg,14,682,336,44,116,-1,-1,-1,-1
27, 18967.jpg,16,365,425,118,86,-1,-1,-1,-1
27, 18967.jpg,17,692,360,23,54,-1,-1,-1,-1
28, 18968.jpg,3,456,272,45,77,-1,-1,-1,-1
28, 18968.jpg,4,682,342,31,83,-1,-1,-1,-1
28, 18968.jpg,5,687,374,47,127,-1,-1,-1,-1
28, 18968.jpg,6,451,328,53,97,-1,-1,-1,-1
28, 18968.jpg,7,553,380,56,120,-1,-1,-1,-1
28, 18968.jpg,8,585,311,55,117,-1,-1,-1,-1
28, 18968.jpg,9,931,346,48,107,-1,-1,-1,-1
28, 18968.jpg,10,238,359,72,105,-1,-1,-1,-1
28, 18968.jpg,11,893,408,51,102,-1,-1,-1,-1
28, 18968.jpg,13,939,308,57,92,-1,-1,-1,-1
28, 18968.jpg,14,677,350,41,105,-1,-1,-1,-1
28, 18968.jpg,16,367,425,115,87,-1,-1,-1,-1
29, 18969.jpg,3,455,271,45,79,-1,-1,-1,-1
29, 18969.jpg,4,687,325,32,79,-1,-1,-1,-1
29, 18969.jpg,5,686,371,48,129,-1,-1,-1,-1
29, 18969.jpg,6,450,328,52,97,-1,-1,-1,-1
29, 18969.jpg,7,553,380,55,120,-1,-1,-1,-1
29, 18969.jpg,8,580,311,55,118,-1,-1,-1,-1
29, 18969.jpg,9,932,334,52,116,-1,-1,-1,-1
29, 18969.jpg,10,243,360,72,104,-1,-1,-1,-1
29, 18969.jpg,11,896,409,52,103,-1,-1,-1,-1
29, 18969.jpg,13,937,306,55,91,-1,-1,-1,-1
29, 18969.jpg,14,676,352,40,105,-1,-1,-1,-1
29, 18969.jpg,16,367,424,112,88,-1,-1,-1,-1
30, 18970.jpg,3,454,270,45,81,-1,-1,-1,-1
30, 18970.jpg,4,689,317,32,78,-1,-1,-1,-1
30, 18970.jpg,5,686,371,48,131,-1,-1,-1,-1
30, 18970.jpg,6,450,332,50,94,-1,-1,-1,-1
30, 18970.jpg,7,553,381,54,119,-1,-1,-1,-1
30, 18970.jpg,8,578,312,53,116,-1,-1,-1,-1
30, 18970.jpg,9,934,328,53,121,-1,-1,-1,-1
30, 18970.jpg,10,250,361,71,105,-1,-1,-1,-1
30, 18970.jpg,11,899,409,53,104,-1,-1,-1,-1
30, 18970.jpg,13,938,306,51,86,-1,-1,-1,-1
30, 18970.jpg,14,680,336,43,112,-1,-1,-1,-1
30, 18970.jpg,16,370,423,108,90,-1,-1,-1,-1
31, 18971.jpg,3,454,271,45,84,-1,-1,-1,-1
31, 18971.jpg,4,687,317,35,83,-1,-1,-1,-1
31, 18971.jpg,5,685,369,46,124,-1,-1,-1,-1
31, 18971.jpg,6,449,333,49,93,-1,-1,-1,-1
31, 18971.jpg,7,552,383,54,117,-1,-1,-1,-1
31, 18971.jpg,8,576,314,53,116,-1,-1,-1,-1
31, 18971.jpg,9,935,326,53,123,-1,-1,-1,-1
31, 18971.jpg,10,253,361,70,105,-1,-1,-1,-1
31, 18971.jpg,11,902,411,53,103,-1,-1,-1,-1
31, 18971.jpg,13,936,309,49,85,-1,-1,-1,-1
31, 18971.jpg,14,680,336,44,113,-1,-1,-1,-1
31, 18971.jpg,16,371,424,105,91,-1,-1,-1,-1
32, 18972.jpg,3,452,272,46,85,-1,-1,-1,-1
32, 18972.jpg,4,687,311,35,83,-1,-1,-1,-1
32, 18972.jpg,5,682,364,47,129,-1,-1,-1,-1
32, 18972.jpg,6,449,334,47,92,-1,-1,-1,-1
32, 18972.jpg,7,553,385,52,115,-1,-1,-1,-1
32, 18972.jpg,8,575,317,52,116,-1,-1,-1,-1
32, 18972.jpg,9,939,336,48,112,-1,-1,-1,-1
32, 18972.jpg,10,254,358,71,107,-1,-1,-1,-1
32, 18972.jpg,11,903,413,54,103,-1,-1,-1,-1
32, 18972.jpg,13,935,312,46,80,-1,-1,-1,-1
32, 18972.jpg,14,684,336,38,96,-1,-1,-1,-1
32, 18972.jpg,16,373,424,101,93,-1,-1,-1,-1
33, 18973.jpg,3,453,274,44,82,-1,-1,-1,-1
33, 18973.jpg,5,681,364,47,129,-1,-1,-1,-1
33, 18973.jpg,6,448,333,47,92,-1,-1,-1,-1
33, 18973.jpg,7,552,386,52,115,-1,-1,-1,-1
33, 18973.jpg,8,573,318,51,115,-1,-1,-1,-1
33, 18973.jpg,9,940,337,46,110,-1,-1,-1,-1
33, 18973.jpg,10,256,357,70,108,-1,-1,-1,-1
33, 18973.jpg,11,904,415,55,102,-1,-1,-1,-1
33, 18973.jpg,13,934,311,45,80,-1,-1,-1,-1
33, 18973.jpg,14,683,325,40,95,-1,-1,-1,-1
33, 18973.jpg,16,374,424,98,95,-1,-1,-1,-1
34, 18974.jpg,3,453,275,43,81,-1,-1,-1,-1
34, 18974.jpg,5,680,363,47,126,-1,-1,-1,-1
34, 18974.jpg,6,447,331,48,94,-1,-1,-1,-1
34, 18974.jpg,7,550,386,54,118,-1,-1,-1,-1
34, 18974.jpg,8,571,321,51,114,-1,-1,-1,-1
34, 18974.jpg,9,942,341,44,105,-1,-1,-1,-1
34, 18974.jpg,10,257,357,72,109,-1,-1,-1,-1
34, 18974.jpg,11,907,415,54,101,-1,-1,-1,-1
34, 18974.jpg,14,683,321,40,95,-1,-1,-1,-1
34, 18974.jpg,16,376,424,94,96,-1,-1,-1,-1
35, 18975.jpg,3,453,276,43,81,-1,-1,-1,-1
35, 18975.jpg,5,679,356,45,115,-1,-1,-1,-1
35, 18975.jpg,6,447,332,46,92,-1,-1,-1,-1
35, 18975.jpg,7,549,384,55,121,-1,-1,-1,-1
35, 18975.jpg,8,571,323,49,112,-1,-1,-1,-1
35, 18975.jpg,9,944,341,43,104,-1,-1,-1,-1
35, 18975.jpg,10,259,357,71,109,-1,-1,-1,-1
35, 18975.jpg,11,910,414,54,102,-1,-1,-1,-1
35, 18975.jpg,14,683,319,40,94,-1,-1,-1,-1
35, 18975.jpg,16,376,425,90,97,-1,-1,-1,-1
36, 18976.jpg,3,452,276,44,82,-1,-1,-1,-1
36, 18976.jpg,5,673,358,39,97,-1,-1,-1,-1
36, 18976.jpg,6,444,331,47,96,-1,-1,-1,-1
36, 18976.jpg,7,549,384,54,120,-1,-1,-1,-1
36, 18976.jpg,8,567,324,48,108,-1,-1,-1,-1
36, 18976.jpg,9,943,336,46,107,-1,-1,-1,-1
36, 18976.jpg,10,260,357,72,109,-1,-1,-1,-1
36, 18976.jpg,11,914,415,52,101,-1,-1,-1,-1
36, 18976.jpg,14,688,319,38,86,-1,-1,-1,-1
36, 18976.jpg,16,376,425,87,98,-1,-1,-1,-1
37, 18977.jpg,3,452,278,42,82,-1,-1,-1,-1
37, 18977.jpg,5,671,361,37,93,-1,-1,-1,-1
37, 18977.jpg,6,442,331,46,95,-1,-1,-1,-1
37, 18977.jpg,7,547,384,56,121,-1,-1,-1,-1
37, 18977.jpg,8,564,324,47,106,-1,-1,-1,-1
37, 18977.jpg,9,948,342,44,102,-1,-1,-1,-1
37, 18977.jpg,10,264,356,70,108,-1,-1,-1,-1
37, 18977.jpg,11,918,414,51,102,-1,-1,-1,-1
37, 18977.jpg,13,932,317,43,75,-1,-1,-1,-1
37, 18977.jpg,14,694,320,36,82,-1,-1,-1,-1
37, 18977.jpg,16,374,424,86,100,-1,-1,-1,-1
38, 18978.jpg,3,451,297,40,77,-1,-1,-1,-1
38, 18978.jpg,5,669,360,37,91,-1,-1,-1,-1
38, 18978.jpg,6,442,329,47,97,-1,-1,-1,-1
38, 18978.jpg,7,548,387,53,116,-1,-1,-1,-1
38, 18978.jpg,8,560,324,50,109,-1,-1,-1,-1
38, 18978.jpg,9,953,349,43,98,-1,-1,-1,-1
38, 18978.jpg,10,268,356,69,106,-1,-1,-1,-1
38, 18978.jpg,11,922,415,51,101,-1,-1,-1,-1
38, 18978.jpg,13,937,318,45,75,-1,-1,-1,-1
38, 18978.jpg,14,683,324,42,89,-1,-1,-1,-1
38, 18978.jpg,16,375,423,81,100,-1,-1,-1,-1
39, 18979.jpg,3,451,303,41,79,-1,-1,-1,-1
39, 18979.jpg,5,667,357,38,90,-1,-1,-1,-1
39, 18979.jpg,6,440,330,46,94,-1,-1,-1,-1
39, 18979.jpg,7,550,384,54,115,-1,-1,-1,-1
39, 18979.jpg,8,558,324,50,108,-1,-1,-1,-1
39, 18979.jpg,9,949,340,44,95,-1,-1,-1,-1
39, 18979.jpg,10,273,356,67,104,-1,-1,-1,-1
39, 18979.jpg,11,926,416,51,99,-1,-1,-1,-1
39, 18979.jpg,13,936,319,45,73,-1,-1,-1,-1
39, 18979.jpg,14,688,318,43,89,-1,-1,-1,-1
39, 18979.jpg,16,375,423,78,99,-1,-1,-1,-1
39, 18979.jpg,19,670,376,48,115,-1,-1,-1,-1
40, 18980.jpg,3,454,286,41,81,-1,-1,-1,-1
40, 18980.jpg,5,665,357,39,92,-1,-1,-1,-1
40, 18980.jpg,6,440,329,45,94,-1,-1,-1,-1
40, 18980.jpg,7,549,387,54,114,-1,-1,-1,-1
40, 18980.jpg,8,553,325,49,107,-1,-1,-1,-1
40, 18980.jpg,9,959,352,41,88,-1,-1,-1,-1
40, 18980.jpg,10,281,359,62,99,-1,-1,-1,-1
40, 18980.jpg,11,927,414,53,102,-1,-1,-1,-1
40, 18980.jpg,13,931,317,47,75,-1,-1,-1,-1
40, 18980.jpg,14,690,316,45,89,-1,-1,-1,-1
40, 18980.jpg,16,375,421,76,101,-1,-1,-1,-1
40, 18980.jpg,19,670,379,47,114,-1,-1,-1,-1
