2, 44667.jpg,2,1339,620,53,134,-1,-1,-1,-1
2, 44667.jpg,3,992,640,68,188,-1,-1,-1,-1
2, 44667.jpg,4,893,609,59,160,-1,-1,-1,-1
2, 44667.jpg,5,488,566,90,146,-1,-1,-1,-1
2, 44667.jpg,6,946,501,66,162,-1,-1,-1,-1
2, 44667.jpg,7,548,662,68,138,-1,-1,-1,-1
2, 44667.jpg,8,1235,524,64,137,-1,-1,-1,-1
2, 44667.jpg,9,695,659,77,179,-1,-1,-1,-1
2, 44667.jpg,10,1266,698,64,116,-1,-1,-1,-1
3, 44668.jpg,2,1347,618,52,133,-1,-1,-1,-1
3, 44668.jpg,3,1002,640,69,189,-1,-1,-1,-1
3, 44668.jpg,4,908,609,60,162,-1,-1,-1,-1
3, 44668.jpg,5,504,565,90,146,-1,-1,-1,-1
3, 44668.jpg,6,955,502,66,160,-1,-1,-1,-1
3, 44668.jpg,7,555,669,66,133,-1,-1,-1,-1
3, 44668.jpg,8,1246,525,64,137,-1,-1,-1,-1
3, 44668.jpg,9,703,656,77,181,-1,-1,-1,-1
3, 44668.jpg,10,1273,699,64,115,-1,-1,-1,-1
3, 44668.jpg,12,735,522,56,128,-1,-1,-1,-1
4, 44669.jpg,2,1356,616,53,138,-1,-1,-1,-1
4, 44669.jpg,3,1015,640,69,189,-1,-1,-1,-1
4, 44669.jpg,4,917,609,60,164,-1,-1,-1,-1
4, 44669.jpg,5,515,564,89,146,-1,-1,-1,-1
4, 44669.jpg,6,962,502,65,161,-1,-1,-1,-1
4, 44669.jpg,7,545,628,76,151,-1,-1,-1,-1
4, 44669.jpg,8,1253,523,65,140,-1,-1,-1,-1
4, 44669.jpg,9,711,654,76,179,-1,-1,-1,-1
4, 44669.jpg,10,1277,698,65,120,-1,-1,-1,-1
4, 44669.jpg,12,739,522,59,135,-1,-1,-1,-1
4, 44669.jpg,13,812,534,80,169,-1,-1,-1,-1
5, 44670.jpg,2,1360,615,53,139,-1,-1,-1,-1
5, 44670.jpg,3,1023,640,70,188,-1,-1,-1,-1
5, 44670.jpg,4,928,609,63,170,-1,-1,-1,-1
5, 44670.jpg,5,535,562,93,156,-1,-1,-1,-1
5, 44670.jpg,6,973,501,67,164,-1,-1,-1,-1
5, 44670.jpg,7,558,653,70,141,-1,-1,-1,-1
5, 44670.jpg,8,1259,523,64,140,-1,-1,-1,-1
5, 44670.jpg,9,720,653,76,180,-1,-1,-1,-1
5, 44670.jpg,10,1289,699,63,115,-1,-1,-1,-1
5, 44670.jpg,12,760,532,63,143,-1,-1,-1,-1
5, 44670.jpg,13,800,557,74,157,-1,-1,-1,-1
6, 44671.jpg,2,1367,614,54,141,-1,-1,-1,-1
6, 44671.jpg,3,1030,639,73,193,-1,-1,-1,-1
6, 44671.jpg,4,936,608,64,173,-1,-1,-1,-1
6, 44671.jpg,5,553,564,90,152,-1,-1,-1,-1
6, 44671.jpg,6,980,502,68,165,-1,-1,-1,-1
6, 44671.jpg,7,567,656,73,147,-1,-1,-1,-1
6, 44671.jpg,8,1266,524,64,138,-1,-1,-1,-1
6, 44671.jpg,9,726,653,76,183,-1,-1,-1,-1
6, 44671.jpg,10,1294,698,65,119,-1,-1,-1,-1
6, 44671.jpg,12,772,537,68,152,-1,-1,-1,-1
6, 44671.jpg,13,815,542,80,169,-1,-1,-1,-1
7, 44672.jpg,2,1373,612,54,142,-1,-1,-1,-1
7, 44672.jpg,3,1041,640,71,188,-1,-1,-1,-1
7, 44672.jpg,4,943,608,65,174,-1,-1,-1,-1
7, 44672.jpg,5,565,562,89,152,-1,-1,-1,-1
7, 44672.jpg,6,986,504,68,165,-1,-1,-1,-1
7, 44672.jpg,7,576,655,73,150,-1,-1,-1,-1
7, 44672.jpg,8,1274,524,64,140,-1,-1,-1,-1
7, 44672.jpg,9,732,655,74,178,-1,-1,-1,-1
7, 44672.jpg,10,1301,697,64,117,-1,-1,-1,-1
7, 44672.jpg,12,779,532,67,147,-1,-1,-1,-1
7, 44672.jpg,13,823,539,80,169,-1,-1,-1,-1
8, 44673.jpg,2,1377,609,56,146,-1,-1,-1,-1
8, 44673.jpg,3,1050,640,70,184,-1,-1,-1,-1
8, 44673.jpg,4,955,612,66,172,-1,-1,-1,-1
8, 44673.jpg,5,579,561,87,152,-1,-1,-1,-1
8, 44673.jpg,6,995,503,69,168,-1,-1,-1,-1
8, 44673.jpg,7,583,652,72,151,-1,-1,-1,-1
8, 44673.jpg,8,1278,523,64,141,-1,-1,-1,-1
8, 44673.jpg,9,738,654,74,180,-1,-1,-1,-1
8, 44673.jpg,10,1303,698,65,119,-1,-1,-1,-1
8, 44673.jpg,12,787,534,69,150,-1,-1,-1,-1
8, 44673.jpg,13,810,558,75,160,-1,-1,-1,-1
9, 44674.jpg,2,1381,606,56,150,-1,-1,-1,-1
9, 44674.jpg,3,1059,637,71,185,-1,-1,-1,-1
9, 44674.jpg,4,960,615,67,171,-1,-1,-1,-1
9, 44674.jpg,5,592,561,83,146,-1,-1,-1,-1
9, 44674.jpg,6,1002,506,69,165,-1,-1,-1,-1
9, 44674.jpg,7,589,647,74,155,-1,-1,-1,-1
9, 44674.jpg,8,1283,523,63,140,-1,-1,-1,-1
9, 44674.jpg,9,742,652,75,183,-1,-1,-1,-1
9, 44674.jpg,10,1311,697,65,119,-1,-1,-1,-1
9, 44674.jpg,12,763,527,64,141,-1,-1,-1,-1
9, 44674.jpg,13,801,552,77,161,-1,-1,-1,-1
10, 44675.jpg,2,1386,605,56,150,-1,-1,-1,-1
10, 44675.jpg,3,1067,638,70,183,-1,-1,-1,-1
10, 44675.jpg,4,966,616,69,171,-1,-1,-1,-1
10, 44675.jpg,5,602,566,82,144,-1,-1,-1,-1
10, 44675.jpg,6,1007,508,68,163,-1,-1,-1,-1
10, 44675.jpg,7,597,640,75,158,-1,-1,-1,-1
10, 44675.jpg,8,1287,524,63,139,-1,-1,-1,-1
10, 44675.jpg,9,744,649,76,185,-1,-1,-1,-1
10, 44675.jpg,10,1315,697,66,122,-1,-1,-1,-1
10, 44675.jpg,12,760,527,62,136,-1,-1,-1,-1
10, 44675.jpg,13,800,554,77,160,-1,-1,-1,-1
11, 44676.jpg,2,1390,605,57,151,-1,-1,-1,-1
11, 44676.jpg,3,1072,637,69,182,-1,-1,-1,-1
11, 44676.jpg,4,972,621,71,169,-1,-1,-1,-1
11, 44676.jpg,5,612,568,78,138,-1,-1,-1,-1
11, 44676.jpg,6,1016,509,67,162,-1,-1,-1,-1
11, 44676.jpg,7,603,629,77,164,-1,-1,-1,-1
11, 44676.jpg,8,1290,523,63,141,-1,-1,-1,-1
11, 44676.jpg,9,747,647,76,187,-1,-1,-1,-1
11, 44676.jpg,10,1320,699,63,117,-1,-1,-1,-1
11, 44676.jpg,12,757,527,61,133,-1,-1,-1,-1
11, 44676.jpg,13,808,563,74,156,-1,-1,-1,-1
12, 44677.jpg,2,1393,603,58,155,-1,-1,-1,-1
12, 44677.jpg,3,1074,637,70,181,-1,-1,-1,-1
12, 44677.jpg,4,977,623,73,170,-1,-1,-1,-1
12, 44677.jpg,5,617,570,77,135,-1,-1,-1,-1
12, 44677.jpg,6,1021,509,69,165,-1,-1,-1,-1
12, 44677.jpg,7,610,630,75,158,-1,-1,-1,-1
12, 44677.jpg,8,1294,523,64,143,-1,-1,-1,-1
12, 44677.jpg,9,751,644,75,187,-1,-1,-1,-1
12, 44677.jpg,10,1324,699,60,114,-1,-1,-1,-1
12, 44677.jpg,12,755,526,62,135,-1,-1,-1,-1
12, 44677.jpg,13,810,567,73,156,-1,-1,-1,-1
13, 44678.jpg,2,1395,603,59,157,-1,-1,-1,-1
13, 44678.jpg,3,1080,636,70,180,-1,-1,-1,-1
13, 44678.jpg,4,982,626,75,171,-1,-1,-1,-1
13, 44678.jpg,5,629,571,76,133,-1,-1,-1,-1
13, 44678.jpg,6,1026,509,70,167,-1,-1,-1,-1
13, 44678.jpg,7,612,612,83,176,-1,-1,-1,-1
13, 44678.jpg,8,1295,523,66,145,-1,-1,-1,-1
13, 44678.jpg,9,753,643,74,184,-1,-1,-1,-1
13, 44678.jpg,10,1327,699,60,114,-1,-1,-1,-1
13, 44678.jpg,12,755,528,61,134,-1,-1,-1,-1
13, 44678.jpg,13,830,558,74,154,-1,-1,-1,-1
14, 44679.jpg,2,1397,604,58,156,-1,-1,-1,-1
14, 44679.jpg,3,1088,637,69,177,-1,-1,-1,-1
14, 44679.jpg,4,986,627,77,172,-1,-1,-1,-1
14, 44679.jpg,6,1032,509,70,169,-1,-1,-1,-1
14, 44679.jpg,7,618,603,85,182,-1,-1,-1,-1
14, 44679.jpg,8,1298,524,65,145,-1,-1,-1,-1
14, 44679.jpg,9,755,642,72,182,-1,-1,-1,-1
14, 44679.jpg,10,1328,699,62,119,-1,-1,-1,-1
14, 44679.jpg,12,755,532,58,127,-1,-1,-1,-1
14, 44679.jpg,13,819,557,79,164,-1,-1,-1,-1
15, 44680.jpg,2,1398,604,58,157,-1,-1,-1,-1
15, 44680.jpg,3,1093,637,70,174,-1,-1,-1,-1
15, 44680.jpg,4,991,628,76,173,-1,-1,-1,-1
15, 44680.jpg,6,1038,511,69,165,-1,-1,-1,-1
15, 44680.jpg,7,627,596,87,187,-1,-1,-1,-1
15, 44680.jpg,8,1300,523,66,147,-1,-1,-1,-1
15, 44680.jpg,9,756,642,71,179,-1,-1,-1,-1
15, 44680.jpg,10,1330,701,62,120,-1,-1,-1,-1
15, 44680.jpg,12,755,534,56,124,-1,-1,-1,-1
15, 44680.jpg,13,830,554,79,161,-1,-1,-1,-1
16, 44681.jpg,2,1399,604,59,157,-1,-1,-1,-1
16, 44681.jpg,3,1095,639,71,171,-1,-1,-1,-1
16, 44681.jpg,4,999,629,78,175,-1,-1,-1,-1
16, 44681.jpg,6,1045,513,68,162,-1,-1,-1,-1
16, 44681.jpg,7,630,600,84,183,-1,-1,-1,-1
16, 44681.jpg,8,1302,524,65,146,-1,-1,-1,-1
16, 44681.jpg,9,754,639,71,181,-1,-1,-1,-1
16, 44681.jpg,10,1331,702,63,121,-1,-1,-1,-1
16, 44681.jpg,12,754,537,56,122,-1,-1,-1,-1
16, 44681.jpg,13,835,552,79,159,-1,-1,-1,-1
17, 44682.jpg,2,1401,605,58,157,-1,-1,-1,-1
17, 44682.jpg,3,1098,639,72,171,-1,-1,-1,-1
17, 44682.jpg,4,1004,628,79,180,-1,-1,-1,-1
17, 44682.jpg,6,1051,514,67,161,-1,-1,-1,-1
17, 44682.jpg,7,632,606,83,179,-1,-1,-1,-1
17, 44682.jpg,8,1303,524,65,146,-1,-1,-1,-1
17, 44682.jpg,9,755,637,70,181,-1,-1,-1,-1
17, 44682.jpg,10,1338,700,62,122,-1,-1,-1,-1
17, 44682.jpg,12,751,539,58,126,-1,-1,-1,-1
17, 44682.jpg,13,836,550,81,160,-1,-1,-1,-1
18, 44683.jpg,2,1404,606,58,155,-1,-1,-1,-1
18, 44683.jpg,3,1100,637,74,175,-1,-1,-1,-1
18, 44683.jpg,4,1008,630,78,179,-1,-1,-1,-1
18, 44683.jpg,6,1055,515,67,160,-1,-1,-1,-1
18, 44683.jpg,7,638,600,86,182,-1,-1,-1,-1
18, 44683.jpg,8,1305,524,64,146,-1,-1,-1,-1
18, 44683.jpg,9,755,633,70,184,-1,-1,-1,-1
18, 44683.jpg,10,1347,700,57,113,-1,-1,-1,-1
18, 44683.jpg,12,743,540,59,127,-1,-1,-1,-1
18, 44683.jpg,13,829,551,83,165,-1,-1,-1,-1
19, 44684.jpg,2,1407,606,59,159,-1,-1,-1,-1
19, 44684.jpg,3,1104,636,75,174,-1,-1,-1,-1
19, 44684.jpg,4,1011,632,78,181,-1,-1,-1,-1
19, 44684.jpg,6,1059,517,66,156,-1,-1,-1,-1
19, 44684.jpg,7,641,603,84,177,-1,-1,-1,-1
19, 44684.jpg,8,1307,524,66,149,-1,-1,-1,-1
19, 44684.jpg,9,755,636,68,179,-1,-1,-1,-1
19, 44684.jpg,10,1352,699,55,109,-1,-1,-1,-1
19, 44684.jpg,12,739,543,59,127,-1,-1,-1,-1
19, 44684.jpg,13,824,552,82,165,-1,-1,-1,-1
20, 44685.jpg,2,1410,604,60,162,-1,-1,-1,-1
20, 44685.jpg,3,1111,634,75,175,-1,-1,-1,-1
20, 44685.jpg,4,1016,635,77,180,-1,-1,-1,-1
20, 44685.jpg,6,1062,518,68,158,-1,-1,-1,-1
20, 44685.jpg,7,646,596,90,187,-1,-1,-1,-1
20, 44685.jpg,8,1310,525,64,146,-1,-1,-1,-1
20, 44685.jpg,9,756,637,68,179,-1,-1,-1,-1
20, 44685.jpg,10,1355,694,56,113,-1,-1,-1,-1
20, 44685.jpg,12,740,545,61,130,-1,-1,-1,-1
20, 44685.jpg,13,820,560,78,160,-1,-1,-1,-1
21, 44686.jpg,2,1413,605,60,163,-1,-1,-1,-1
21, 44686.jpg,3,1117,633,74,173,-1,-1,-1,-1
21, 44686.jpg,4,1021,640,76,177,-1,-1,-1,-1
21, 44686.jpg,6,1065,519,70,158,-1,-1,-1,-1
21, 44686.jpg,7,646,595,91,188,-1,-1,-1,-1
21, 44686.jpg,8,1311,525,64,145,-1,-1,-1,-1
21, 44686.jpg,9,757,640,66,174,-1,-1,-1,-1
21, 44686.jpg,10,1357,689,57,117,-1,-1,-1,-1
21, 44686.jpg,12,734,546,62,130,-1,-1,-1,-1
21, 44686.jpg,13,829,553,66,140,-1,-1,-1,-1
22, 44687.jpg,2,1415,606,60,163,-1,-1,-1,-1
22, 44687.jpg,3,1120,628,75,177,-1,-1,-1,-1
22, 44687.jpg,4,1024,641,77,178,-1,-1,-1,-1
22, 44687.jpg,6,1068,520,71,156,-1,-1,-1,-1
22, 44687.jpg,7,651,589,94,191,-1,-1,-1,-1
22, 44687.jpg,8,1313,526,63,144,-1,-1,-1,-1
22, 44687.jpg,9,756,636,66,178,-1,-1,-1,-1
22, 44687.jpg,10,1358,684,60,124,-1,-1,-1,-1
22, 44687.jpg,12,733,550,56,120,-1,-1,-1,-1
22, 44687.jpg,13,819,560,70,151,-1,-1,-1,-1
22, 44687.jpg,21,499,340,31,110,-1,-1,-1,-1
23, 44688.jpg,2,1406,624,60,159,-1,-1,-1,-1
23, 44688.jpg,3,1125,627,74,175,-1,-1,-1,-1
23, 44688.jpg,4,1026,644,76,176,-1,-1,-1,-1
23, 44688.jpg,5,821,550,60,110,-1,-1,-1,-1
23, 44688.jpg,6,1071,521,72,158,-1,-1,-1,-1
23, 44688.jpg,7,653,590,93,189,-1,-1,-1,-1
23, 44688.jpg,8,1314,526,63,145,-1,-1,-1,-1
23, 44688.jpg,9,756,635,66,179,-1,-1,-1,-1
23, 44688.jpg,10,1362,680,60,128,-1,-1,-1,-1
23, 44688.jpg,12,732,550,55,118,-1,-1,-1,-1
23, 44688.jpg,13,818,561,70,151,-1,-1,-1,-1
23, 44688.jpg,21,498,340,31,109,-1,-1,-1,-1
24, 44689.jpg,2,1416,614,60,160,-1,-1,-1,-1
24, 44689.jpg,3,1133,628,73,173,-1,-1,-1,-1
24, 44689.jpg,4,1028,642,80,185,-1,-1,-1,-1
24, 44689.jpg,5,827,547,57,111,-1,-1,-1,-1
24, 44689.jpg,6,1073,522,74,159,-1,-1,-1,-1
24, 44689.jpg,7,656,587,95,190,-1,-1,-1,-1
24, 44689.jpg,8,1316,526,63,145,-1,-1,-1,-1
24, 44689.jpg,9,757,634,65,179,-1,-1,-1,-1
24, 44689.jpg,10,1363,674,66,140,-1,-1,-1,-1
24, 44689.jpg,12,732,550,53,115,-1,-1,-1,-1
25, 44690.jpg,2,1420,609,61,163,-1,-1,-1,-1
25, 44690.jpg,3,1138,627,71,171,-1,-1,-1,-1
25, 44690.jpg,4,1031,645,78,180,-1,-1,-1,-1
25, 44690.jpg,5,842,546,57,108,-1,-1,-1,-1
25, 44690.jpg,6,1076,523,73,156,-1,-1,-1,-1
25, 44690.jpg,7,681,574,86,174,-1,-1,-1,-1
25, 44690.jpg,8,1317,526,63,147,-1,-1,-1,-1
25, 44690.jpg,9,758,636,64,176,-1,-1,-1,-1
25, 44690.jpg,10,1365,670,68,148,-1,-1,-1,-1
25, 44690.jpg,12,731,551,52,114,-1,-1,-1,-1
25, 44690.jpg,13,813,569,68,150,-1,-1,-1,-1
26, 44691.jpg,2,1425,610,60,160,-1,-1,-1,-1
26, 44691.jpg,3,1142,627,71,172,-1,-1,-1,-1
26, 44691.jpg,4,1037,645,78,182,-1,-1,-1,-1
26, 44691.jpg,6,1083,523,74,159,-1,-1,-1,-1
26, 44691.jpg,7,697,568,79,158,-1,-1,-1,-1
26, 44691.jpg,8,1318,526,64,148,-1,-1,-1,-1
26, 44691.jpg,9,758,633,63,177,-1,-1,-1,-1
26, 44691.jpg,10,1368,672,68,153,-1,-1,-1,-1
26, 44691.jpg,13,812,568,69,155,-1,-1,-1,-1
27, 44692.jpg,2,1427,609,61,162,-1,-1,-1,-1
27, 44692.jpg,3,1146,626,70,172,-1,-1,-1,-1
27, 44692.jpg,4,1043,648,77,180,-1,-1,-1,-1
27, 44692.jpg,6,1087,523,75,162,-1,-1,-1,-1
27, 44692.jpg,7,709,567,81,161,-1,-1,-1,-1
27, 44692.jpg,8,1320,526,65,152,-1,-1,-1,-1
27, 44692.jpg,9,772,605,68,187,-1,-1,-1,-1
27, 44692.jpg,10,1372,682,65,147,-1,-1,-1,-1
27, 44692.jpg,12,736,552,43,96,-1,-1,-1,-1
27, 44692.jpg,13,811,569,69,155,-1,-1,-1,-1
28, 44693.jpg,2,1430,609,62,163,-1,-1,-1,-1
28, 44693.jpg,3,1148,627,70,169,-1,-1,-1,-1
28, 44693.jpg,4,1047,649,76,181,-1,-1,-1,-1
28, 44693.jpg,6,1092,524,74,162,-1,-1,-1,-1
28, 44693.jpg,7,699,563,82,164,-1,-1,-1,-1
28, 44693.jpg,8,1321,525,66,154,-1,-1,-1,-1
28, 44693.jpg,9,783,581,69,185,-1,-1,-1,-1
28, 44693.jpg,10,1376,684,64,147,-1,-1,-1,-1
28, 44693.jpg,12,735,553,42,93,-1,-1,-1,-1
29, 44694.jpg,2,1433,610,63,164,-1,-1,-1,-1
29, 44694.jpg,3,1152,627,69,168,-1,-1,-1,-1
29, 44694.jpg,4,1051,650,74,180,-1,-1,-1,-1
29, 44694.jpg,6,1097,523,73,163,-1,-1,-1,-1
29, 44694.jpg,7,710,574,84,166,-1,-1,-1,-1
29, 44694.jpg,8,1321,525,67,155,-1,-1,-1,-1
29, 44694.jpg,9,790,577,71,186,-1,-1,-1,-1
29, 44694.jpg,10,1378,681,65,152,-1,-1,-1,-1
30, 44695.jpg,2,1437,612,63,164,-1,-1,-1,-1
30, 44695.jpg,3,1157,623,70,172,-1,-1,-1,-1
30, 44695.jpg,4,1060,649,73,180,-1,-1,-1,-1
30, 44695.jpg,6,1101,524,74,165,-1,-1,-1,-1
30, 44695.jpg,7,724,587,86,171,-1,-1,-1,-1
30, 44695.jpg,8,1322,525,67,155,-1,-1,-1,-1
30, 44695.jpg,9,782,582,72,187,-1,-1,-1,-1
30, 44695.jpg,10,1381,684,63,149,-1,-1,-1,-1
30, 44695.jpg,13,807,557,77,175,-1,-1,-1,-1
31, 44696.jpg,2,1440,613,63,164,-1,-1,-1,-1
31, 44696.jpg,3,1160,620,72,175,-1,-1,-1,-1
31, 44696.jpg,4,1067,651,72,179,-1,-1,-1,-1
31, 44696.jpg,6,1108,525,71,162,-1,-1,-1,-1
31, 44696.jpg,7,720,579,87,171,-1,-1,-1,-1
31, 44696.jpg,8,1323,526,67,154,-1,-1,-1,-1
31, 44696.jpg,9,779,584,73,185,-1,-1,-1,-1
31, 44696.jpg,10,1382,683,63,152,-1,-1,-1,-1
31, 44696.jpg,13,806,556,77,177,-1,-1,-1,-1
32, 44697.jpg,2,1442,614,62,163,-1,-1,-1,-1
32, 44697.jpg,3,1163,619,72,175,-1,-1,-1,-1
32, 44697.jpg,4,1073,651,70,178,-1,-1,-1,-1
32, 44697.jpg,6,1115,526,70,162,-1,-1,-1,-1
32, 44697.jpg,7,710,568,78,156,-1,-1,-1,-1
32, 44697.jpg,8,1323,526,67,154,-1,-1,-1,-1
32, 44697.jpg,9,769,601,70,179,-1,-1,-1,-1
32, 44697.jpg,10,1385,684,63,150,-1,-1,-1,-1
32, 44697.jpg,13,805,567,69,158,-1,-1,-1,-1
33, 44698.jpg,2,1443,615,61,162,-1,-1,-1,-1
33, 44698.jpg,3,1168,619,70,172,-1,-1,-1,-1
33, 44698.jpg,4,1078,652,69,177,-1,-1,-1,-1
33, 44698.jpg,6,1117,526,71,164,-1,-1,-1,-1
33, 44698.jpg,7,724,577,85,171,-1,-1,-1,-1
33, 44698.jpg,8,1323,526,68,155,-1,-1,-1,-1
33, 44698.jpg,9,779,584,71,178,-1,-1,-1,-1
33, 44698.jpg,10,1387,683,63,149,-1,-1,-1,-1
33, 44698.jpg,13,804,568,69,158,-1,-1,-1,-1
34, 44699.jpg,2,1444,616,60,161,-1,-1,-1,-1
34, 44699.jpg,3,1173,618,69,170,-1,-1,-1,-1
34, 44699.jpg,4,1081,651,70,180,-1,-1,-1,-1
34, 44699.jpg,6,1120,526,71,166,-1,-1,-1,-1
34, 44699.jpg,7,711,571,77,157,-1,-1,-1,-1
34, 44699.jpg,8,1322,526,69,156,-1,-1,-1,-1
34, 44699.jpg,9,771,579,74,186,-1,-1,-1,-1
34, 44699.jpg,10,1389,680,62,151,-1,-1,-1,-1
34, 44699.jpg,13,803,559,56,134,-1,-1,-1,-1
35, 44700.jpg,2,1447,618,59,159,-1,-1,-1,-1
35, 44700.jpg,3,1176,618,68,168,-1,-1,-1,-1
35, 44700.jpg,4,1083,653,71,180,-1,-1,-1,-1
35, 44700.jpg,6,1122,528,70,160,-1,-1,-1,-1
35, 44700.jpg,7,721,581,83,170,-1,-1,-1,-1
35, 44700.jpg,8,1321,527,70,155,-1,-1,-1,-1
35, 44700.jpg,9,775,575,75,188,-1,-1,-1,-1
35, 44700.jpg,10,1387,673,64,160,-1,-1,-1,-1
35, 44700.jpg,13,803,565,64,155,-1,-1,-1,-1
36, 44701.jpg,2,1447,620,59,157,-1,-1,-1,-1
36, 44701.jpg,3,1181,616,67,167,-1,-1,-1,-1
36, 44701.jpg,4,1087,655,73,181,-1,-1,-1,-1
36, 44701.jpg,6,1124,529,71,163,-1,-1,-1,-1
36, 44701.jpg,7,725,581,84,171,-1,-1,-1,-1
36, 44701.jpg,8,1321,528,69,153,-1,-1,-1,-1
36, 44701.jpg,9,757,582,76,190,-1,-1,-1,-1
36, 44701.jpg,10,1389,671,63,159,-1,-1,-1,-1
36, 44701.jpg,13,797,565,68,167,-1,-1,-1,-1
37, 44702.jpg,2,1451,619,60,160,-1,-1,-1,-1
37, 44702.jpg,3,1183,612,68,168,-1,-1,-1,-1
37, 44702.jpg,4,1090,656,73,178,-1,-1,-1,-1
37, 44702.jpg,6,1125,530,71,160,-1,-1,-1,-1
37, 44702.jpg,7,712,566,76,152,-1,-1,-1,-1
37, 44702.jpg,8,1321,529,68,151,-1,-1,-1,-1
37, 44702.jpg,9,743,585,74,183,-1,-1,-1,-1
37, 44702.jpg,10,1390,670,61,159,-1,-1,-1,-1
37, 44702.jpg,13,795,565,70,172,-1,-1,-1,-1
38, 44703.jpg,2,1453,618,60,163,-1,-1,-1,-1
38, 44703.jpg,3,1187,610,67,169,-1,-1,-1,-1
38, 44703.jpg,4,1091,657,74,178,-1,-1,-1,-1
38, 44703.jpg,6,1126,532,71,158,-1,-1,-1,-1
38, 44703.jpg,7,712,575,77,155,-1,-1,-1,-1
38, 44703.jpg,8,1320,529,68,150,-1,-1,-1,-1
38, 44703.jpg,9,745,596,72,181,-1,-1,-1,-1
38, 44703.jpg,10,1391,667,61,161,-1,-1,-1,-1
38, 44703.jpg,13,794,565,69,172,-1,-1,-1,-1
39, 44704.jpg,2,1453,619,60,163,-1,-1,-1,-1
39, 44704.jpg,3,1189,606,66,170,-1,-1,-1,-1
39, 44704.jpg,4,1092,659,74,176,-1,-1,-1,-1
39, 44704.jpg,6,1130,535,69,154,-1,-1,-1,-1
39, 44704.jpg,7,706,579,78,154,-1,-1,-1,-1
39, 44704.jpg,8,1319,529,69,152,-1,-1,-1,-1
39, 44704.jpg,9,737,594,74,185,-1,-1,-1,-1
39, 44704.jpg,10,1391,666,61,161,-1,-1,-1,-1
39, 44704.jpg,13,792,566,65,166,-1,-1,-1,-1
40, 44705.jpg,2,1453,619,62,165,-1,-1,-1,-1
40, 44705.jpg,3,1192,606,66,167,-1,-1,-1,-1
40, 44705.jpg,4,1093,658,75,177,-1,-1,-1,-1
40, 44705.jpg,6,1134,534,71,157,-1,-1,-1,-1
40, 44705.jpg,7,701,578,77,154,-1,-1,-1,-1
40, 44705.jpg,8,1319,530,67,149,-1,-1,-1,-1
40, 44705.jpg,9,746,588,76,186,-1,-1,-1,-1
40, 44705.jpg,10,1390,664,61,164,-1,-1,-1,-1
40, 44705.jpg,13,790,566,65,167,-1,-1,-1,-1
