2, 39102.jpg,1,516,361,38,102,-1,-1,-1,-1
2, 39102.jpg,2,771,412,51,84,-1,-1,-1,-1
2, 39102.jpg,3,617,322,31,97,-1,-1,-1,-1
2, 39102.jpg,4,540,365,41,87,-1,-1,-1,-1
2, 39102.jpg,5,507,304,36,87,-1,-1,-1,-1
2, 39102.jpg,6,461,318,33,90,-1,-1,-1,-1
2, 39102.jpg,7,908,322,53,98,-1,-1,-1,-1
2, 39102.jpg,8,351,396,53,112,-1,-1,-1,-1
2, 39102.jpg,9,735,309,33,90,-1,-1,-1,-1
2, 39102.jpg,11,275,304,44,81,-1,-1,-1,-1
3, 39103.jpg,1,515,358,40,105,-1,-1,-1,-1
3, 39103.jpg,2,764,413,51,83,-1,-1,-1,-1
3, 39103.jpg,3,617,320,31,98,-1,-1,-1,-1
3, 39103.jpg,4,544,365,40,85,-1,-1,-1,-1
3, 39103.jpg,5,508,307,35,83,-1,-1,-1,-1
3, 39103.jpg,6,460,322,33,89,-1,-1,-1,-1
3, 39103.jpg,7,906,319,54,101,-1,-1,-1,-1
3, 39103.jpg,8,351,395,52,112,-1,-1,-1,-1
3, 39103.jpg,9,736,308,33,92,-1,-1,-1,-1
3, 39103.jpg,11,280,303,44,80,-1,-1,-1,-1
4, 39104.jpg,1,515,356,40,108,-1,-1,-1,-1
4, 39104.jpg,2,762,409,47,79,-1,-1,-1,-1
4, 39104.jpg,3,623,305,28,87,-1,-1,-1,-1
4, 39104.jpg,4,533,360,44,93,-1,-1,-1,-1
4, 39104.jpg,5,507,312,32,75,-1,-1,-1,-1
4, 39104.jpg,6,461,325,33,88,-1,-1,-1,-1
4, 39104.jpg,7,903,318,54,101,-1,-1,-1,-1
4, 39104.jpg,8,351,393,53,113,-1,-1,-1,-1
4, 39104.jpg,9,736,306,35,96,-1,-1,-1,-1
4, 39104.jpg,11,284,302,45,82,-1,-1,-1,-1
5, 39105.jpg,2,764,408,52,87,-1,-1,-1,-1
5, 39105.jpg,3,626,301,27,83,-1,-1,-1,-1
5, 39105.jpg,4,527,356,48,99,-1,-1,-1,-1
5, 39105.jpg,5,506,313,30,73,-1,-1,-1,-1
5, 39105.jpg,6,462,326,32,88,-1,-1,-1,-1
5, 39105.jpg,7,900,317,54,102,-1,-1,-1,-1
5, 39105.jpg,8,352,393,51,110,-1,-1,-1,-1
5, 39105.jpg,9,737,304,35,97,-1,-1,-1,-1
5, 39105.jpg,11,288,301,45,83,-1,-1,-1,-1
6, 39106.jpg,1,505,342,42,115,-1,-1,-1,-1
6, 39106.jpg,2,763,411,53,87,-1,-1,-1,-1
6, 39106.jpg,3,628,305,26,80,-1,-1,-1,-1
6, 39106.jpg,4,538,353,46,96,-1,-1,-1,-1
6, 39106.jpg,5,507,315,29,72,-1,-1,-1,-1
6, 39106.jpg,6,461,329,31,84,-1,-1,-1,-1
6, 39106.jpg,7,898,316,53,104,-1,-1,-1,-1
6, 39106.jpg,8,351,392,49,110,-1,-1,-1,-1
6, 39106.jpg,9,737,302,36,100,-1,-1,-1,-1
6, 39106.jpg,11,293,300,47,85,-1,-1,-1,-1
7, 39107.jpg,1,503,352,40,110,-1,-1,-1,-1
7, 39107.jpg,2,757,414,56,88,-1,-1,-1,-1
7, 39107.jpg,3,630,308,25,77,-1,-1,-1,-1
7, 39107.jpg,4,542,349,45,96,-1,-1,-1,-1
7, 39107.jpg,5,506,315,30,74,-1,-1,-1,-1
7, 39107.jpg,6,460,330,31,83,-1,-1,-1,-1
7, 39107.jpg,7,895,316,54,105,-1,-1,-1,-1
7, 39107.jpg,8,351,393,48,108,-1,-1,-1,-1
7, 39107.jpg,9,738,302,36,100,-1,-1,-1,-1
7, 39107.jpg,11,297,300,48,88,-1,-1,-1,-1
8, 39108.jpg,1,501,358,39,106,-1,-1,-1,-1
8, 39108.jpg,2,753,414,59,90,-1,-1,-1,-1
8, 39108.jpg,3,637,301,23,69,-1,-1,-1,-1
8, 39108.jpg,4,544,347,45,96,-1,-1,-1,-1
8, 39108.jpg,5,505,328,34,84,-1,-1,-1,-1
8, 39108.jpg,6,462,331,31,81,-1,-1,-1,-1
8, 39108.jpg,7,892,317,54,106,-1,-1,-1,-1
8, 39108.jpg,8,351,393,48,108,-1,-1,-1,-1
8, 39108.jpg,9,738,301,37,102,-1,-1,-1,-1
8, 39108.jpg,11,302,302,48,89,-1,-1,-1,-1
9, 39109.jpg,1,499,361,40,103,-1,-1,-1,-1
9, 39109.jpg,2,750,415,62,93,-1,-1,-1,-1
9, 39109.jpg,3,631,300,26,76,-1,-1,-1,-1
9, 39109.jpg,4,546,347,44,95,-1,-1,-1,-1
9, 39109.jpg,5,505,321,32,80,-1,-1,-1,-1
9, 39109.jpg,6,462,333,30,77,-1,-1,-1,-1
9, 39109.jpg,7,890,318,54,105,-1,-1,-1,-1
9, 39109.jpg,8,353,393,46,107,-1,-1,-1,-1
9, 39109.jpg,9,739,300,36,102,-1,-1,-1,-1
9, 39109.jpg,11,307,305,47,88,-1,-1,-1,-1
10, 39110.jpg,1,498,364,40,101,-1,-1,-1,-1
10, 39110.jpg,2,748,419,61,89,-1,-1,-1,-1
10, 39110.jpg,3,634,299,27,78,-1,-1,-1,-1
10, 39110.jpg,4,528,348,48,100,-1,-1,-1,-1
10, 39110.jpg,5,505,319,32,80,-1,-1,-1,-1
10, 39110.jpg,6,464,333,30,77,-1,-1,-1,-1
10, 39110.jpg,7,889,318,55,106,-1,-1,-1,-1
10, 39110.jpg,8,354,393,46,108,-1,-1,-1,-1
10, 39110.jpg,9,740,298,36,104,-1,-1,-1,-1
10, 39110.jpg,11,312,309,46,88,-1,-1,-1,-1
10, 39110.jpg,13,624,316,35,116,-1,-1,-1,-1
11, 39111.jpg,1,497,365,40,99,-1,-1,-1,-1
11, 39111.jpg,2,746,419,62,90,-1,-1,-1,-1
11, 39111.jpg,3,639,299,29,79,-1,-1,-1,-1
11, 39111.jpg,4,537,341,47,100,-1,-1,-1,-1
11, 39111.jpg,5,496,323,32,75,-1,-1,-1,-1
11, 39111.jpg,6,465,330,32,81,-1,-1,-1,-1
11, 39111.jpg,7,888,317,56,107,-1,-1,-1,-1
11, 39111.jpg,8,355,392,46,108,-1,-1,-1,-1
11, 39111.jpg,9,742,299,35,102,-1,-1,-1,-1
11, 39111.jpg,11,317,311,47,87,-1,-1,-1,-1
11, 39111.jpg,13,625,313,37,121,-1,-1,-1,-1
12, 39112.jpg,1,506,352,43,103,-1,-1,-1,-1
12, 39112.jpg,2,741,420,64,90,-1,-1,-1,-1
12, 39112.jpg,3,643,299,29,80,-1,-1,-1,-1
12, 39112.jpg,4,540,338,47,99,-1,-1,-1,-1
12, 39112.jpg,5,500,335,36,84,-1,-1,-1,-1
12, 39112.jpg,6,463,330,33,82,-1,-1,-1,-1
12, 39112.jpg,7,888,318,56,106,-1,-1,-1,-1
12, 39112.jpg,8,357,390,46,109,-1,-1,-1,-1
12, 39112.jpg,9,744,300,35,103,-1,-1,-1,-1
12, 39112.jpg,11,322,313,48,89,-1,-1,-1,-1
12, 39112.jpg,13,627,313,37,120,-1,-1,-1,-1
13, 39113.jpg,1,498,347,47,111,-1,-1,-1,-1
13, 39113.jpg,2,743,421,64,87,-1,-1,-1,-1
13, 39113.jpg,3,644,300,31,82,-1,-1,-1,-1
13, 39113.jpg,4,541,337,46,96,-1,-1,-1,-1
13, 39113.jpg,5,496,334,38,87,-1,-1,-1,-1
13, 39113.jpg,6,463,329,34,84,-1,-1,-1,-1
13, 39113.jpg,7,889,318,55,106,-1,-1,-1,-1
13, 39113.jpg,8,358,386,46,113,-1,-1,-1,-1
13, 39113.jpg,9,746,300,35,103,-1,-1,-1,-1
13, 39113.jpg,11,326,316,49,90,-1,-1,-1,-1
13, 39113.jpg,13,628,310,39,124,-1,-1,-1,-1
14, 39114.jpg,1,496,357,46,105,-1,-1,-1,-1
14, 39114.jpg,2,736,425,62,85,-1,-1,-1,-1
14, 39114.jpg,3,646,302,32,84,-1,-1,-1,-1
14, 39114.jpg,4,528,342,47,98,-1,-1,-1,-1
14, 39114.jpg,5,501,327,34,79,-1,-1,-1,-1
14, 39114.jpg,6,463,329,34,83,-1,-1,-1,-1
14, 39114.jpg,7,890,318,54,105,-1,-1,-1,-1
14, 39114.jpg,8,359,383,47,114,-1,-1,-1,-1
14, 39114.jpg,9,747,300,33,99,-1,-1,-1,-1
14, 39114.jpg,11,331,319,47,88,-1,-1,-1,-1
15, 39115.jpg,1,495,358,46,105,-1,-1,-1,-1
15, 39115.jpg,2,734,426,62,85,-1,-1,-1,-1
15, 39115.jpg,3,649,301,31,84,-1,-1,-1,-1
15, 39115.jpg,4,522,341,50,100,-1,-1,-1,-1
15, 39115.jpg,5,490,326,36,79,-1,-1,-1,-1
15, 39115.jpg,6,463,329,34,83,-1,-1,-1,-1
15, 39115.jpg,7,891,321,52,101,-1,-1,-1,-1
15, 39115.jpg,8,361,379,47,117,-1,-1,-1,-1
15, 39115.jpg,9,748,301,35,103,-1,-1,-1,-1
15, 39115.jpg,11,335,320,47,86,-1,-1,-1,-1
15, 39115.jpg,13,638,320,33,106,-1,-1,-1,-1
16, 39116.jpg,1,494,358,46,105,-1,-1,-1,-1
16, 39116.jpg,2,729,425,60,84,-1,-1,-1,-1
16, 39116.jpg,3,650,300,32,83,-1,-1,-1,-1
16, 39116.jpg,4,519,339,52,102,-1,-1,-1,-1
16, 39116.jpg,5,488,328,37,79,-1,-1,-1,-1
16, 39116.jpg,6,463,328,34,82,-1,-1,-1,-1
16, 39116.jpg,7,891,324,48,97,-1,-1,-1,-1
16, 39116.jpg,8,365,379,47,116,-1,-1,-1,-1
16, 39116.jpg,9,750,302,34,101,-1,-1,-1,-1
16, 39116.jpg,11,341,320,46,86,-1,-1,-1,-1
16, 39116.jpg,13,635,324,36,112,-1,-1,-1,-1
17, 39117.jpg,1,484,342,45,98,-1,-1,-1,-1
17, 39117.jpg,2,726,425,58,83,-1,-1,-1,-1
17, 39117.jpg,3,650,297,34,85,-1,-1,-1,-1
17, 39117.jpg,4,532,335,50,99,-1,-1,-1,-1
17, 39117.jpg,5,492,321,37,80,-1,-1,-1,-1
17, 39117.jpg,6,463,328,34,82,-1,-1,-1,-1
17, 39117.jpg,7,891,325,46,95,-1,-1,-1,-1
17, 39117.jpg,8,368,377,46,116,-1,-1,-1,-1
17, 39117.jpg,9,751,302,34,102,-1,-1,-1,-1
17, 39117.jpg,11,345,319,49,89,-1,-1,-1,-1
17, 39117.jpg,13,637,320,37,113,-1,-1,-1,-1
18, 39118.jpg,1,475,337,47,99,-1,-1,-1,-1
18, 39118.jpg,2,723,423,58,84,-1,-1,-1,-1
18, 39118.jpg,3,652,298,35,83,-1,-1,-1,-1
18, 39118.jpg,4,537,332,50,99,-1,-1,-1,-1
18, 39118.jpg,5,491,322,37,80,-1,-1,-1,-1
18, 39118.jpg,7,891,326,44,93,-1,-1,-1,-1
18, 39118.jpg,8,369,374,46,116,-1,-1,-1,-1
18, 39118.jpg,9,751,302,34,101,-1,-1,-1,-1
18, 39118.jpg,11,349,317,49,92,-1,-1,-1,-1
18, 39118.jpg,13,637,324,38,112,-1,-1,-1,-1
18, 39118.jpg,15,776,418,52,69,-1,-1,-1,-1
19, 39119.jpg,1,480,339,48,106,-1,-1,-1,-1
19, 39119.jpg,2,722,422,58,87,-1,-1,-1,-1
19, 39119.jpg,3,651,300,39,90,-1,-1,-1,-1
19, 39119.jpg,4,537,331,50,98,-1,-1,-1,-1
19, 39119.jpg,5,497,326,37,80,-1,-1,-1,-1
19, 39119.jpg,6,463,323,34,81,-1,-1,-1,-1
19, 39119.jpg,7,890,325,44,95,-1,-1,-1,-1
19, 39119.jpg,8,371,373,45,113,-1,-1,-1,-1
19, 39119.jpg,9,753,303,32,98,-1,-1,-1,-1
19, 39119.jpg,11,353,316,49,93,-1,-1,-1,-1
19, 39119.jpg,13,638,329,37,109,-1,-1,-1,-1
19, 39119.jpg,15,774,418,52,69,-1,-1,-1,-1
20, 39120.jpg,1,482,337,48,110,-1,-1,-1,-1
20, 39120.jpg,2,720,419,60,92,-1,-1,-1,-1
20, 39120.jpg,3,656,299,38,88,-1,-1,-1,-1
20, 39120.jpg,4,537,330,49,97,-1,-1,-1,-1
20, 39120.jpg,5,497,325,37,80,-1,-1,-1,-1
20, 39120.jpg,6,473,320,36,82,-1,-1,-1,-1
20, 39120.jpg,7,889,324,43,98,-1,-1,-1,-1
20, 39120.jpg,8,374,372,44,114,-1,-1,-1,-1
20, 39120.jpg,9,753,303,32,96,-1,-1,-1,-1
20, 39120.jpg,11,356,315,50,94,-1,-1,-1,-1
20, 39120.jpg,13,638,333,36,103,-1,-1,-1,-1
20, 39120.jpg,15,777,419,51,68,-1,-1,-1,-1
21, 39121.jpg,1,474,331,49,108,-1,-1,-1,-1
21, 39121.jpg,2,718,417,62,96,-1,-1,-1,-1
21, 39121.jpg,3,660,296,38,90,-1,-1,-1,-1
21, 39121.jpg,4,535,330,48,96,-1,-1,-1,-1
21, 39121.jpg,5,495,322,40,86,-1,-1,-1,-1
21, 39121.jpg,6,474,320,36,81,-1,-1,-1,-1
21, 39121.jpg,7,887,324,44,99,-1,-1,-1,-1
21, 39121.jpg,8,375,370,45,116,-1,-1,-1,-1
21, 39121.jpg,9,754,303,32,95,-1,-1,-1,-1
21, 39121.jpg,11,362,317,48,89,-1,-1,-1,-1
21, 39121.jpg,13,639,335,36,101,-1,-1,-1,-1
21, 39121.jpg,15,780,420,50,66,-1,-1,-1,-1
22, 39122.jpg,1,472,329,47,100,-1,-1,-1,-1
22, 39122.jpg,2,718,418,61,95,-1,-1,-1,-1
22, 39122.jpg,3,662,295,39,90,-1,-1,-1,-1
22, 39122.jpg,4,521,332,49,94,-1,-1,-1,-1
22, 39122.jpg,5,495,322,40,87,-1,-1,-1,-1
22, 39122.jpg,7,885,324,44,99,-1,-1,-1,-1
22, 39122.jpg,8,379,371,44,114,-1,-1,-1,-1
22, 39122.jpg,9,755,302,32,96,-1,-1,-1,-1
22, 39122.jpg,11,365,317,49,92,-1,-1,-1,-1
22, 39122.jpg,13,648,323,37,102,-1,-1,-1,-1
22, 39122.jpg,15,783,420,48,66,-1,-1,-1,-1
23, 39123.jpg,1,468,326,48,102,-1,-1,-1,-1
23, 39123.jpg,2,718,418,59,95,-1,-1,-1,-1
23, 39123.jpg,3,662,297,39,88,-1,-1,-1,-1
23, 39123.jpg,4,526,333,47,90,-1,-1,-1,-1
23, 39123.jpg,5,495,320,40,85,-1,-1,-1,-1
23, 39123.jpg,7,883,323,46,101,-1,-1,-1,-1
23, 39123.jpg,8,381,373,42,109,-1,-1,-1,-1
23, 39123.jpg,9,755,303,32,96,-1,-1,-1,-1
23, 39123.jpg,11,368,318,48,91,-1,-1,-1,-1
23, 39123.jpg,13,652,326,35,97,-1,-1,-1,-1
23, 39123.jpg,15,784,419,48,64,-1,-1,-1,-1
24, 39124.jpg,1,467,329,49,102,-1,-1,-1,-1
24, 39124.jpg,2,717,417,58,96,-1,-1,-1,-1
24, 39124.jpg,3,669,295,36,84,-1,-1,-1,-1
24, 39124.jpg,4,526,334,45,86,-1,-1,-1,-1
24, 39124.jpg,5,495,320,40,85,-1,-1,-1,-1
24, 39124.jpg,7,882,323,46,100,-1,-1,-1,-1
24, 39124.jpg,8,382,364,42,110,-1,-1,-1,-1
24, 39124.jpg,9,756,302,32,96,-1,-1,-1,-1
24, 39124.jpg,11,373,320,47,89,-1,-1,-1,-1
24, 39124.jpg,13,646,332,36,101,-1,-1,-1,-1
24, 39124.jpg,15,785,419,48,65,-1,-1,-1,-1
25, 39125.jpg,1,460,320,44,96,-1,-1,-1,-1
25, 39125.jpg,2,716,417,57,96,-1,-1,-1,-1
25, 39125.jpg,3,671,294,37,87,-1,-1,-1,-1
25, 39125.jpg,4,523,332,45,87,-1,-1,-1,-1
25, 39125.jpg,7,881,323,48,101,-1,-1,-1,-1
25, 39125.jpg,8,385,357,41,109,-1,-1,-1,-1
25, 39125.jpg,9,758,303,32,94,-1,-1,-1,-1
25, 39125.jpg,11,377,323,46,89,-1,-1,-1,-1
25, 39125.jpg,13,643,335,38,103,-1,-1,-1,-1
25, 39125.jpg,15,785,418,49,66,-1,-1,-1,-1
25, 39125.jpg,17,486,352,28,103,-1,-1,-1,-1
26, 39126.jpg,1,465,327,47,100,-1,-1,-1,-1
26, 39126.jpg,2,717,417,54,96,-1,-1,-1,-1
26, 39126.jpg,3,673,292,38,88,-1,-1,-1,-1
26, 39126.jpg,4,521,331,47,90,-1,-1,-1,-1
26, 39126.jpg,7,881,323,48,102,-1,-1,-1,-1
26, 39126.jpg,8,385,351,44,116,-1,-1,-1,-1
26, 39126.jpg,9,759,303,32,96,-1,-1,-1,-1
26, 39126.jpg,11,380,325,46,90,-1,-1,-1,-1
26, 39126.jpg,13,644,338,37,102,-1,-1,-1,-1
26, 39126.jpg,15,788,422,47,64,-1,-1,-1,-1
26, 39126.jpg,17,485,348,29,108,-1,-1,-1,-1
27, 39127.jpg,1,465,332,49,103,-1,-1,-1,-1
27, 39127.jpg,2,717,416,52,97,-1,-1,-1,-1
27, 39127.jpg,3,677,294,36,85,-1,-1,-1,-1
27, 39127.jpg,4,518,329,48,92,-1,-1,-1,-1
27, 39127.jpg,5,484,322,40,88,-1,-1,-1,-1
27, 39127.jpg,7,880,324,49,101,-1,-1,-1,-1
27, 39127.jpg,8,389,350,44,119,-1,-1,-1,-1
27, 39127.jpg,9,758,303,33,96,-1,-1,-1,-1
27, 39127.jpg,11,384,329,45,89,-1,-1,-1,-1
27, 39127.jpg,13,645,341,36,101,-1,-1,-1,-1
27, 39127.jpg,15,789,421,46,65,-1,-1,-1,-1
28, 39128.jpg,1,473,345,47,101,-1,-1,-1,-1
28, 39128.jpg,2,716,415,52,100,-1,-1,-1,-1
28, 39128.jpg,3,679,294,36,83,-1,-1,-1,-1
28, 39128.jpg,4,516,329,48,91,-1,-1,-1,-1
28, 39128.jpg,5,471,320,41,90,-1,-1,-1,-1
28, 39128.jpg,7,879,324,49,101,-1,-1,-1,-1
28, 39128.jpg,8,391,348,45,124,-1,-1,-1,-1
28, 39128.jpg,9,759,303,33,97,-1,-1,-1,-1
28, 39128.jpg,11,388,331,45,89,-1,-1,-1,-1
28, 39128.jpg,13,646,342,37,102,-1,-1,-1,-1
28, 39128.jpg,15,790,421,47,67,-1,-1,-1,-1
29, 39129.jpg,1,473,346,46,101,-1,-1,-1,-1
29, 39129.jpg,2,717,414,51,102,-1,-1,-1,-1
29, 39129.jpg,3,679,294,37,86,-1,-1,-1,-1
29, 39129.jpg,4,515,328,48,91,-1,-1,-1,-1
29, 39129.jpg,5,467,318,41,92,-1,-1,-1,-1
29, 39129.jpg,6,495,332,47,97,-1,-1,-1,-1
29, 39129.jpg,7,879,326,47,99,-1,-1,-1,-1
29, 39129.jpg,8,394,349,44,121,-1,-1,-1,-1
29, 39129.jpg,9,759,303,34,97,-1,-1,-1,-1
29, 39129.jpg,13,647,342,37,102,-1,-1,-1,-1
29, 39129.jpg,15,792,419,47,66,-1,-1,-1,-1
30, 39130.jpg,1,477,347,47,103,-1,-1,-1,-1
30, 39130.jpg,2,719,415,50,101,-1,-1,-1,-1
30, 39130.jpg,3,681,294,37,87,-1,-1,-1,-1
30, 39130.jpg,5,466,318,42,98,-1,-1,-1,-1
30, 39130.jpg,6,505,329,48,96,-1,-1,-1,-1
30, 39130.jpg,7,876,325,48,100,-1,-1,-1,-1
30, 39130.jpg,8,396,350,42,116,-1,-1,-1,-1
30, 39130.jpg,9,760,304,33,96,-1,-1,-1,-1
30, 39130.jpg,13,649,341,37,102,-1,-1,-1,-1
30, 39130.jpg,15,795,417,46,66,-1,-1,-1,-1
31, 39131.jpg,1,474,344,45,105,-1,-1,-1,-1
31, 39131.jpg,2,720,416,48,100,-1,-1,-1,-1
31, 39131.jpg,3,684,294,37,88,-1,-1,-1,-1
31, 39131.jpg,5,465,321,48,109,-1,-1,-1,-1
31, 39131.jpg,6,507,329,51,97,-1,-1,-1,-1
31, 39131.jpg,7,874,323,47,102,-1,-1,-1,-1
31, 39131.jpg,8,398,350,41,114,-1,-1,-1,-1
31, 39131.jpg,9,759,304,34,95,-1,-1,-1,-1
31, 39131.jpg,13,652,340,37,104,-1,-1,-1,-1
31, 39131.jpg,15,795,417,47,68,-1,-1,-1,-1
32, 39132.jpg,1,474,344,45,105,-1,-1,-1,-1
32, 39132.jpg,2,722,416,47,100,-1,-1,-1,-1
32, 39132.jpg,3,686,294,38,90,-1,-1,-1,-1
32, 39132.jpg,4,483,327,57,104,-1,-1,-1,-1
32, 39132.jpg,5,463,321,49,112,-1,-1,-1,-1
32, 39132.jpg,6,510,329,51,98,-1,-1,-1,-1
32, 39132.jpg,7,872,322,47,103,-1,-1,-1,-1
32, 39132.jpg,8,400,348,41,115,-1,-1,-1,-1
32, 39132.jpg,9,761,305,33,94,-1,-1,-1,-1
32, 39132.jpg,11,442,320,40,82,-1,-1,-1,-1
32, 39132.jpg,13,654,340,37,103,-1,-1,-1,-1
32, 39132.jpg,15,797,417,47,69,-1,-1,-1,-1
33, 39133.jpg,2,721,416,47,101,-1,-1,-1,-1
33, 39133.jpg,3,688,294,38,90,-1,-1,-1,-1
33, 39133.jpg,4,479,326,58,106,-1,-1,-1,-1
33, 39133.jpg,7,870,322,47,103,-1,-1,-1,-1
33, 39133.jpg,8,402,346,41,115,-1,-1,-1,-1
33, 39133.jpg,9,762,305,33,94,-1,-1,-1,-1
33, 39133.jpg,11,449,320,41,81,-1,-1,-1,-1
33, 39133.jpg,13,655,340,38,103,-1,-1,-1,-1
33, 39133.jpg,15,798,417,47,69,-1,-1,-1,-1
