2, 26947.jpg,1,814,360,50,97,-1,-1,-1,-1
2, 26947.jpg,2,562,317,37,95,-1,-1,-1,-1
2, 26947.jpg,4,331,406,33,96,-1,-1,-1,-1
2, 26947.jpg,5,383,346,38,80,-1,-1,-1,-1
2, 26947.jpg,6,819,439,61,117,-1,-1,-1,-1
2, 26947.jpg,7,861,306,58,80,-1,-1,-1,-1
2, 26947.jpg,8,526,387,31,94,-1,-1,-1,-1
2, 26947.jpg,9,714,345,52,93,-1,-1,-1,-1
2, 26947.jpg,10,569,368,34,90,-1,-1,-1,-1
2, 26947.jpg,11,615,327,36,93,-1,-1,-1,-1
3, 26948.jpg,1,812,365,52,103,-1,-1,-1,-1
3, 26948.jpg,2,565,320,35,92,-1,-1,-1,-1
3, 26948.jpg,4,335,413,34,97,-1,-1,-1,-1
3, 26948.jpg,5,389,345,37,78,-1,-1,-1,-1
3, 26948.jpg,6,819,436,62,120,-1,-1,-1,-1
3, 26948.jpg,7,865,305,55,77,-1,-1,-1,-1
3, 26948.jpg,8,528,388,31,93,-1,-1,-1,-1
3, 26948.jpg,9,713,347,51,92,-1,-1,-1,-1
3, 26948.jpg,10,569,365,34,90,-1,-1,-1,-1
3, 26948.jpg,11,616,327,37,95,-1,-1,-1,-1
4, 26949.jpg,1,820,354,49,96,-1,-1,-1,-1
4, 26949.jpg,2,566,321,36,91,-1,-1,-1,-1
4, 26949.jpg,4,343,415,35,100,-1,-1,-1,-1
4, 26949.jpg,5,392,345,37,78,-1,-1,-1,-1
4, 26949.jpg,6,817,432,65,125,-1,-1,-1,-1
4, 26949.jpg,7,869,305,55,78,-1,-1,-1,-1
4, 26949.jpg,8,532,388,31,92,-1,-1,-1,-1
4, 26949.jpg,9,712,349,50,90,-1,-1,-1,-1
4, 26949.jpg,10,568,361,34,91,-1,-1,-1,-1
4, 26949.jpg,11,618,327,37,94,-1,-1,-1,-1
4, 26949.jpg,12,323,354,39,94,-1,-1,-1,-1
5, 26950.jpg,1,818,360,50,96,-1,-1,-1,-1
5, 26950.jpg,2,564,324,42,109,-1,-1,-1,-1
5, 26950.jpg,4,349,414,37,102,-1,-1,-1,-1
5, 26950.jpg,5,395,344,37,79,-1,-1,-1,-1
5, 26950.jpg,6,819,432,64,123,-1,-1,-1,-1
5, 26950.jpg,7,869,305,55,79,-1,-1,-1,-1
5, 26950.jpg,8,535,388,31,93,-1,-1,-1,-1
5, 26950.jpg,9,709,348,51,93,-1,-1,-1,-1
5, 26950.jpg,10,568,360,34,90,-1,-1,-1,-1
5, 26950.jpg,11,621,327,37,94,-1,-1,-1,-1
5, 26950.jpg,12,323,352,39,96,-1,-1,-1,-1
6, 26951.jpg,1,813,371,46,90,-1,-1,-1,-1
6, 26951.jpg,2,565,324,43,113,-1,-1,-1,-1
6, 26951.jpg,4,354,413,38,102,-1,-1,-1,-1
6, 26951.jpg,5,399,344,37,80,-1,-1,-1,-1
6, 26951.jpg,6,822,436,60,115,-1,-1,-1,-1
6, 26951.jpg,7,872,306,55,78,-1,-1,-1,-1
6, 26951.jpg,8,537,389,32,95,-1,-1,-1,-1
6, 26951.jpg,9,707,348,51,93,-1,-1,-1,-1
6, 26951.jpg,11,623,327,37,93,-1,-1,-1,-1
6, 26951.jpg,12,322,351,40,97,-1,-1,-1,-1
7, 26952.jpg,1,813,384,46,89,-1,-1,-1,-1
7, 26952.jpg,2,565,326,45,115,-1,-1,-1,-1
7, 26952.jpg,4,359,414,40,101,-1,-1,-1,-1
7, 26952.jpg,5,403,342,37,80,-1,-1,-1,-1
7, 26952.jpg,6,826,443,54,104,-1,-1,-1,-1
7, 26952.jpg,7,875,305,55,81,-1,-1,-1,-1
7, 26952.jpg,8,538,391,33,100,-1,-1,-1,-1
7, 26952.jpg,9,705,346,52,93,-1,-1,-1,-1
7, 26952.jpg,10,576,359,36,94,-1,-1,-1,-1
7, 26952.jpg,11,624,326,37,95,-1,-1,-1,-1
7, 26952.jpg,12,323,352,39,97,-1,-1,-1,-1
8, 26953.jpg,1,812,386,47,90,-1,-1,-1,-1
8, 26953.jpg,2,571,320,44,116,-1,-1,-1,-1
8, 26953.jpg,4,364,414,40,101,-1,-1,-1,-1
8, 26953.jpg,5,408,343,36,79,-1,-1,-1,-1
8, 26953.jpg,6,827,446,53,101,-1,-1,-1,-1
8, 26953.jpg,7,874,305,55,82,-1,-1,-1,-1
8, 26953.jpg,8,539,392,35,103,-1,-1,-1,-1
8, 26953.jpg,9,701,344,55,95,-1,-1,-1,-1
8, 26953.jpg,10,578,357,35,95,-1,-1,-1,-1
8, 26953.jpg,11,625,326,37,95,-1,-1,-1,-1
8, 26953.jpg,12,324,355,39,93,-1,-1,-1,-1
8, 26953.jpg,13,832,345,48,85,-1,-1,-1,-1
9, 26954.jpg,1,815,386,40,77,-1,-1,-1,-1
9, 26954.jpg,2,574,319,43,115,-1,-1,-1,-1
9, 26954.jpg,4,369,416,40,97,-1,-1,-1,-1
9, 26954.jpg,5,412,346,36,76,-1,-1,-1,-1
9, 26954.jpg,6,827,447,54,100,-1,-1,-1,-1
9, 26954.jpg,7,875,307,54,80,-1,-1,-1,-1
9, 26954.jpg,8,540,393,36,108,-1,-1,-1,-1
9, 26954.jpg,9,696,342,55,93,-1,-1,-1,-1
9, 26954.jpg,11,627,328,37,93,-1,-1,-1,-1
9, 26954.jpg,12,325,356,38,93,-1,-1,-1,-1
9, 26954.jpg,13,835,341,49,86,-1,-1,-1,-1
10, 26955.jpg,1,817,385,37,72,-1,-1,-1,-1
10, 26955.jpg,2,581,340,40,109,-1,-1,-1,-1
10, 26955.jpg,4,376,418,40,96,-1,-1,-1,-1
10, 26955.jpg,5,414,346,37,75,-1,-1,-1,-1
10, 26955.jpg,6,825,447,55,101,-1,-1,-1,-1
10, 26955.jpg,7,877,308,51,77,-1,-1,-1,-1
10, 26955.jpg,8,544,395,37,108,-1,-1,-1,-1
10, 26955.jpg,9,691,341,56,93,-1,-1,-1,-1
10, 26955.jpg,11,629,329,37,93,-1,-1,-1,-1
10, 26955.jpg,12,327,357,39,93,-1,-1,-1,-1
10, 26955.jpg,13,836,339,50,88,-1,-1,-1,-1
11, 26956.jpg,1,815,384,40,76,-1,-1,-1,-1
11, 26956.jpg,2,579,333,43,115,-1,-1,-1,-1
11, 26956.jpg,4,381,420,39,93,-1,-1,-1,-1
11, 26956.jpg,5,416,347,38,75,-1,-1,-1,-1
11, 26956.jpg,6,821,436,62,112,-1,-1,-1,-1
11, 26956.jpg,7,876,308,51,78,-1,-1,-1,-1
11, 26956.jpg,8,548,398,37,109,-1,-1,-1,-1
11, 26956.jpg,9,685,341,56,93,-1,-1,-1,-1
11, 26956.jpg,11,629,326,39,98,-1,-1,-1,-1
11, 26956.jpg,12,330,359,38,91,-1,-1,-1,-1
11, 26956.jpg,13,836,338,51,89,-1,-1,-1,-1
12, 26957.jpg,1,811,383,47,91,-1,-1,-1,-1
12, 26957.jpg,2,579,327,43,117,-1,-1,-1,-1
12, 26957.jpg,4,389,419,39,95,-1,-1,-1,-1
12, 26957.jpg,5,419,349,39,74,-1,-1,-1,-1
12, 26957.jpg,6,820,438,63,112,-1,-1,-1,-1
12, 26957.jpg,7,876,308,50,77,-1,-1,-1,-1
12, 26957.jpg,8,552,402,36,105,-1,-1,-1,-1
12, 26957.jpg,9,681,342,55,93,-1,-1,-1,-1
12, 26957.jpg,11,630,326,39,99,-1,-1,-1,-1
12, 26957.jpg,12,331,360,38,91,-1,-1,-1,-1
12, 26957.jpg,13,836,338,50,88,-1,-1,-1,-1
13, 26958.jpg,1,810,384,47,92,-1,-1,-1,-1
13, 26958.jpg,2,579,324,43,120,-1,-1,-1,-1
13, 26958.jpg,4,393,418,39,94,-1,-1,-1,-1
13, 26958.jpg,5,424,349,40,74,-1,-1,-1,-1
13, 26958.jpg,6,821,441,63,108,-1,-1,-1,-1
13, 26958.jpg,7,877,307,49,77,-1,-1,-1,-1
13, 26958.jpg,8,556,405,36,102,-1,-1,-1,-1
13, 26958.jpg,9,679,343,54,93,-1,-1,-1,-1
13, 26958.jpg,11,633,324,40,101,-1,-1,-1,-1
13, 26958.jpg,12,332,360,38,91,-1,-1,-1,-1
13, 26958.jpg,13,830,349,52,91,-1,-1,-1,-1
14, 26959.jpg,1,816,372,50,98,-1,-1,-1,-1
14, 26959.jpg,2,581,323,43,122,-1,-1,-1,-1
14, 26959.jpg,4,400,419,37,90,-1,-1,-1,-1
14, 26959.jpg,5,427,347,41,75,-1,-1,-1,-1
14, 26959.jpg,6,821,443,64,105,-1,-1,-1,-1
14, 26959.jpg,7,877,306,51,78,-1,-1,-1,-1
14, 26959.jpg,8,559,406,38,104,-1,-1,-1,-1
14, 26959.jpg,9,678,346,50,88,-1,-1,-1,-1
14, 26959.jpg,11,633,321,40,102,-1,-1,-1,-1
14, 26959.jpg,12,333,360,38,91,-1,-1,-1,-1
14, 26959.jpg,13,830,350,53,91,-1,-1,-1,-1
15, 26960.jpg,1,819,367,52,99,-1,-1,-1,-1
15, 26960.jpg,2,586,321,44,125,-1,-1,-1,-1
15, 26960.jpg,4,407,419,37,90,-1,-1,-1,-1
15, 26960.jpg,5,433,347,42,76,-1,-1,-1,-1
15, 26960.jpg,6,817,435,67,110,-1,-1,-1,-1
15, 26960.jpg,7,878,305,50,78,-1,-1,-1,-1
15, 26960.jpg,8,563,406,39,103,-1,-1,-1,-1
15, 26960.jpg,9,674,349,48,85,-1,-1,-1,-1
15, 26960.jpg,11,637,318,40,104,-1,-1,-1,-1
15, 26960.jpg,12,335,359,38,91,-1,-1,-1,-1
16, 26961.jpg,1,813,377,48,93,-1,-1,-1,-1
16, 26961.jpg,2,591,321,42,123,-1,-1,-1,-1
16, 26961.jpg,4,412,420,37,87,-1,-1,-1,-1
16, 26961.jpg,5,439,346,42,77,-1,-1,-1,-1
16, 26961.jpg,6,812,437,66,108,-1,-1,-1,-1
16, 26961.jpg,7,877,305,51,78,-1,-1,-1,-1
16, 26961.jpg,8,567,405,40,103,-1,-1,-1,-1
16, 26961.jpg,9,671,349,48,86,-1,-1,-1,-1
16, 26961.jpg,11,638,315,41,106,-1,-1,-1,-1
16, 26961.jpg,12,336,357,38,91,-1,-1,-1,-1
16, 26961.jpg,13,838,344,48,85,-1,-1,-1,-1
17, 26962.jpg,1,810,380,47,92,-1,-1,-1,-1
17, 26962.jpg,2,593,320,43,124,-1,-1,-1,-1
17, 26962.jpg,4,419,420,38,88,-1,-1,-1,-1
17, 26962.jpg,5,444,344,43,80,-1,-1,-1,-1
17, 26962.jpg,6,809,438,64,106,-1,-1,-1,-1
17, 26962.jpg,7,878,306,51,77,-1,-1,-1,-1
17, 26962.jpg,8,573,407,40,100,-1,-1,-1,-1
17, 26962.jpg,9,671,349,48,87,-1,-1,-1,-1
17, 26962.jpg,11,640,313,40,105,-1,-1,-1,-1
17, 26962.jpg,12,337,355,39,93,-1,-1,-1,-1
17, 26962.jpg,13,841,344,47,85,-1,-1,-1,-1
18, 26963.jpg,1,822,372,48,92,-1,-1,-1,-1
18, 26963.jpg,2,594,319,44,129,-1,-1,-1,-1
18, 26963.jpg,4,424,421,41,89,-1,-1,-1,-1
18, 26963.jpg,5,449,343,43,80,-1,-1,-1,-1
18, 26963.jpg,6,802,438,65,107,-1,-1,-1,-1
18, 26963.jpg,7,878,307,49,74,-1,-1,-1,-1
18, 26963.jpg,8,577,408,42,100,-1,-1,-1,-1
18, 26963.jpg,9,670,348,48,88,-1,-1,-1,-1
18, 26963.jpg,11,643,312,39,103,-1,-1,-1,-1
18, 26963.jpg,12,339,355,38,92,-1,-1,-1,-1
18, 26963.jpg,13,842,344,47,84,-1,-1,-1,-1
19, 26964.jpg,1,826,369,49,94,-1,-1,-1,-1
19, 26964.jpg,2,598,323,41,124,-1,-1,-1,-1
19, 26964.jpg,4,428,421,42,89,-1,-1,-1,-1
19, 26964.jpg,5,455,344,42,81,-1,-1,-1,-1
19, 26964.jpg,6,802,437,65,106,-1,-1,-1,-1
19, 26964.jpg,7,879,308,48,72,-1,-1,-1,-1
19, 26964.jpg,8,583,413,40,94,-1,-1,-1,-1
19, 26964.jpg,9,659,336,53,98,-1,-1,-1,-1
19, 26964.jpg,11,644,310,40,105,-1,-1,-1,-1
19, 26964.jpg,12,340,355,38,91,-1,-1,-1,-1
20, 26965.jpg,1,830,367,51,94,-1,-1,-1,-1
20, 26965.jpg,2,603,325,39,117,-1,-1,-1,-1
20, 26965.jpg,4,432,422,43,88,-1,-1,-1,-1
20, 26965.jpg,5,461,346,41,81,-1,-1,-1,-1
20, 26965.jpg,6,800,438,65,103,-1,-1,-1,-1
20, 26965.jpg,7,878,310,46,71,-1,-1,-1,-1
20, 26965.jpg,8,589,413,40,93,-1,-1,-1,-1
20, 26965.jpg,9,663,329,54,104,-1,-1,-1,-1
20, 26965.jpg,11,654,312,38,102,-1,-1,-1,-1
20, 26965.jpg,12,343,355,38,92,-1,-1,-1,-1
21, 26966.jpg,1,831,365,51,95,-1,-1,-1,-1
21, 26966.jpg,2,609,329,36,108,-1,-1,-1,-1
21, 26966.jpg,4,436,422,43,87,-1,-1,-1,-1
21, 26966.jpg,5,467,348,42,82,-1,-1,-1,-1
21, 26966.jpg,6,796,437,69,105,-1,-1,-1,-1
21, 26966.jpg,7,876,312,44,70,-1,-1,-1,-1
21, 26966.jpg,8,594,415,40,94,-1,-1,-1,-1
21, 26966.jpg,9,669,324,51,100,-1,-1,-1,-1
21, 26966.jpg,11,652,307,40,106,-1,-1,-1,-1
21, 26966.jpg,12,345,355,38,93,-1,-1,-1,-1
22, 26967.jpg,1,829,367,53,95,-1,-1,-1,-1
22, 26967.jpg,2,612,330,35,103,-1,-1,-1,-1
22, 26967.jpg,4,439,423,43,87,-1,-1,-1,-1
22, 26967.jpg,5,471,350,42,83,-1,-1,-1,-1
22, 26967.jpg,6,790,433,73,108,-1,-1,-1,-1
22, 26967.jpg,7,875,314,43,68,-1,-1,-1,-1
22, 26967.jpg,8,599,413,41,97,-1,-1,-1,-1
22, 26967.jpg,9,667,322,54,104,-1,-1,-1,-1
22, 26967.jpg,11,654,305,40,107,-1,-1,-1,-1
22, 26967.jpg,12,347,356,38,93,-1,-1,-1,-1
23, 26968.jpg,1,833,363,54,97,-1,-1,-1,-1
23, 26968.jpg,2,616,333,36,111,-1,-1,-1,-1
23, 26968.jpg,4,440,424,44,88,-1,-1,-1,-1
23, 26968.jpg,5,477,353,41,82,-1,-1,-1,-1
23, 26968.jpg,6,780,429,75,109,-1,-1,-1,-1
23, 26968.jpg,7,874,312,44,72,-1,-1,-1,-1
23, 26968.jpg,8,604,414,40,94,-1,-1,-1,-1
23, 26968.jpg,9,667,320,55,105,-1,-1,-1,-1
23, 26968.jpg,12,349,357,38,92,-1,-1,-1,-1
24, 26969.jpg,1,833,366,53,94,-1,-1,-1,-1
24, 26969.jpg,2,618,339,35,109,-1,-1,-1,-1
24, 26969.jpg,4,442,425,43,85,-1,-1,-1,-1
24, 26969.jpg,5,482,356,39,80,-1,-1,-1,-1
24, 26969.jpg,6,769,423,77,112,-1,-1,-1,-1
24, 26969.jpg,7,872,311,44,71,-1,-1,-1,-1
24, 26969.jpg,8,608,416,38,89,-1,-1,-1,-1
24, 26969.jpg,9,668,320,54,103,-1,-1,-1,-1
24, 26969.jpg,12,352,358,37,92,-1,-1,-1,-1
25, 26970.jpg,1,827,371,53,94,-1,-1,-1,-1
25, 26970.jpg,2,620,341,36,108,-1,-1,-1,-1
25, 26970.jpg,4,444,426,44,84,-1,-1,-1,-1
25, 26970.jpg,5,485,356,38,80,-1,-1,-1,-1
25, 26970.jpg,6,763,422,74,110,-1,-1,-1,-1
25, 26970.jpg,7,870,310,44,72,-1,-1,-1,-1
25, 26970.jpg,8,612,420,36,84,-1,-1,-1,-1
25, 26970.jpg,9,669,322,52,98,-1,-1,-1,-1
25, 26970.jpg,10,621,365,33,84,-1,-1,-1,-1
25, 26970.jpg,12,354,359,36,90,-1,-1,-1,-1
25, 26970.jpg,13,852,351,48,89,-1,-1,-1,-1
26, 26971.jpg,1,816,382,50,89,-1,-1,-1,-1
26, 26971.jpg,2,623,340,36,109,-1,-1,-1,-1
26, 26971.jpg,4,447,427,43,82,-1,-1,-1,-1
26, 26971.jpg,5,487,354,38,81,-1,-1,-1,-1
26, 26971.jpg,6,760,423,69,105,-1,-1,-1,-1
26, 26971.jpg,7,869,310,44,73,-1,-1,-1,-1
26, 26971.jpg,8,615,423,36,84,-1,-1,-1,-1
26, 26971.jpg,9,670,327,49,92,-1,-1,-1,-1
26, 26971.jpg,10,624,365,32,84,-1,-1,-1,-1
26, 26971.jpg,12,355,358,36,90,-1,-1,-1,-1
26, 26971.jpg,13,852,354,47,89,-1,-1,-1,-1
27, 26972.jpg,1,823,379,52,92,-1,-1,-1,-1
27, 26972.jpg,2,627,357,31,93,-1,-1,-1,-1
27, 26972.jpg,4,448,429,44,80,-1,-1,-1,-1
27, 26972.jpg,5,489,353,38,80,-1,-1,-1,-1
27, 26972.jpg,6,756,426,66,102,-1,-1,-1,-1
27, 26972.jpg,7,868,311,44,73,-1,-1,-1,-1
27, 26972.jpg,8,618,423,36,87,-1,-1,-1,-1
27, 26972.jpg,9,672,329,46,88,-1,-1,-1,-1
27, 26972.jpg,11,631,312,31,83,-1,-1,-1,-1
27, 26972.jpg,12,359,357,36,89,-1,-1,-1,-1
27, 26972.jpg,13,851,356,46,91,-1,-1,-1,-1
28, 26973.jpg,1,815,387,50,90,-1,-1,-1,-1
28, 26973.jpg,2,630,365,29,89,-1,-1,-1,-1
28, 26973.jpg,4,450,431,43,78,-1,-1,-1,-1
28, 26973.jpg,5,491,352,38,81,-1,-1,-1,-1
28, 26973.jpg,6,749,427,64,101,-1,-1,-1,-1
28, 26973.jpg,7,867,311,44,73,-1,-1,-1,-1
28, 26973.jpg,8,620,426,37,90,-1,-1,-1,-1
28, 26973.jpg,9,670,330,47,90,-1,-1,-1,-1
28, 26973.jpg,11,628,309,31,84,-1,-1,-1,-1
28, 26973.jpg,12,360,356,36,89,-1,-1,-1,-1
28, 26973.jpg,13,857,347,40,80,-1,-1,-1,-1
29, 26974.jpg,1,813,391,49,90,-1,-1,-1,-1
29, 26974.jpg,2,632,369,29,86,-1,-1,-1,-1
29, 26974.jpg,4,452,431,45,81,-1,-1,-1,-1
29, 26974.jpg,5,493,352,38,81,-1,-1,-1,-1
29, 26974.jpg,6,741,428,63,100,-1,-1,-1,-1
29, 26974.jpg,7,859,323,43,73,-1,-1,-1,-1
29, 26974.jpg,8,623,425,38,91,-1,-1,-1,-1
29, 26974.jpg,9,670,331,46,92,-1,-1,-1,-1
29, 26974.jpg,10,627,333,40,107,-1,-1,-1,-1
29, 26974.jpg,11,627,308,31,83,-1,-1,-1,-1
29, 26974.jpg,12,361,354,36,89,-1,-1,-1,-1
29, 26974.jpg,13,853,355,41,83,-1,-1,-1,-1
30, 26975.jpg,1,812,393,49,91,-1,-1,-1,-1
30, 26975.jpg,2,632,375,32,95,-1,-1,-1,-1
30, 26975.jpg,4,453,433,44,79,-1,-1,-1,-1
30, 26975.jpg,5,494,351,38,79,-1,-1,-1,-1
30, 26975.jpg,6,736,424,63,103,-1,-1,-1,-1
30, 26975.jpg,7,856,321,43,75,-1,-1,-1,-1
30, 26975.jpg,8,627,422,37,91,-1,-1,-1,-1
30, 26975.jpg,9,670,329,45,94,-1,-1,-1,-1
30, 26975.jpg,10,629,330,41,108,-1,-1,-1,-1
30, 26975.jpg,12,361,353,37,89,-1,-1,-1,-1
30, 26975.jpg,13,854,346,43,91,-1,-1,-1,-1
31, 26976.jpg,1,813,395,48,92,-1,-1,-1,-1
31, 26976.jpg,2,633,377,33,98,-1,-1,-1,-1
31, 26976.jpg,4,453,434,45,79,-1,-1,-1,-1
31, 26976.jpg,5,494,351,38,77,-1,-1,-1,-1
31, 26976.jpg,6,733,423,64,104,-1,-1,-1,-1
31, 26976.jpg,7,855,321,42,75,-1,-1,-1,-1
31, 26976.jpg,8,630,423,38,91,-1,-1,-1,-1
31, 26976.jpg,9,670,327,46,97,-1,-1,-1,-1
31, 26976.jpg,10,632,317,36,97,-1,-1,-1,-1
31, 26976.jpg,12,362,352,37,89,-1,-1,-1,-1
31, 26976.jpg,13,853,343,45,95,-1,-1,-1,-1
32, 26977.jpg,1,813,398,48,91,-1,-1,-1,-1
32, 26977.jpg,2,636,377,30,89,-1,-1,-1,-1
32, 26977.jpg,4,453,433,47,81,-1,-1,-1,-1
32, 26977.jpg,5,496,353,38,72,-1,-1,-1,-1
32, 26977.jpg,6,730,419,68,110,-1,-1,-1,-1
32, 26977.jpg,7,853,320,41,76,-1,-1,-1,-1
32, 26977.jpg,9,673,326,46,101,-1,-1,-1,-1
32, 26977.jpg,10,634,314,36,97,-1,-1,-1,-1
32, 26977.jpg,12,362,351,39,90,-1,-1,-1,-1
32, 26977.jpg,13,848,359,43,88,-1,-1,-1,-1
33, 26978.jpg,1,812,399,49,95,-1,-1,-1,-1
33, 26978.jpg,2,637,380,29,84,-1,-1,-1,-1
33, 26978.jpg,4,454,433,48,84,-1,-1,-1,-1
33, 26978.jpg,5,495,353,38,69,-1,-1,-1,-1
33, 26978.jpg,6,729,411,70,116,-1,-1,-1,-1
33, 26978.jpg,7,851,327,43,80,-1,-1,-1,-1
33, 26978.jpg,8,634,437,34,81,-1,-1,-1,-1
33, 26978.jpg,9,676,328,44,100,-1,-1,-1,-1
33, 26978.jpg,10,636,313,35,98,-1,-1,-1,-1
33, 26978.jpg,12,362,352,40,90,-1,-1,-1,-1
33, 26978.jpg,13,848,360,43,88,-1,-1,-1,-1
34, 26979.jpg,1,815,401,47,92,-1,-1,-1,-1
34, 26979.jpg,2,639,383,29,83,-1,-1,-1,-1
34, 26979.jpg,4,453,432,51,88,-1,-1,-1,-1
34, 26979.jpg,5,494,354,38,65,-1,-1,-1,-1
34, 26979.jpg,6,728,403,73,122,-1,-1,-1,-1
34, 26979.jpg,7,849,323,44,84,-1,-1,-1,-1
34, 26979.jpg,8,637,425,36,89,-1,-1,-1,-1
34, 26979.jpg,9,678,330,44,103,-1,-1,-1,-1
34, 26979.jpg,10,640,316,33,91,-1,-1,-1,-1
34, 26979.jpg,12,362,355,40,87,-1,-1,-1,-1
34, 26979.jpg,13,841,366,47,97,-1,-1,-1,-1
35, 26980.jpg,1,815,402,46,91,-1,-1,-1,-1
35, 26980.jpg,2,641,381,35,100,-1,-1,-1,-1
35, 26980.jpg,4,451,433,52,87,-1,-1,-1,-1
35, 26980.jpg,5,496,354,40,64,-1,-1,-1,-1
35, 26980.jpg,6,727,398,72,121,-1,-1,-1,-1
35, 26980.jpg,7,850,321,46,88,-1,-1,-1,-1
35, 26980.jpg,8,640,425,37,90,-1,-1,-1,-1
35, 26980.jpg,9,680,334,43,103,-1,-1,-1,-1
35, 26980.jpg,10,642,319,32,88,-1,-1,-1,-1
35, 26980.jpg,12,362,357,40,85,-1,-1,-1,-1
35, 26980.jpg,13,840,368,47,98,-1,-1,-1,-1
36, 26981.jpg,1,815,405,43,88,-1,-1,-1,-1
36, 26981.jpg,2,642,359,37,110,-1,-1,-1,-1
36, 26981.jpg,4,446,432,53,89,-1,-1,-1,-1
36, 26981.jpg,5,494,352,41,66,-1,-1,-1,-1
36, 26981.jpg,6,728,393,69,119,-1,-1,-1,-1
36, 26981.jpg,7,849,321,46,89,-1,-1,-1,-1
36, 26981.jpg,9,680,341,40,98,-1,-1,-1,-1
36, 26981.jpg,10,644,316,32,89,-1,-1,-1,-1
36, 26981.jpg,12,362,359,40,83,-1,-1,-1,-1
36, 26981.jpg,13,846,355,47,99,-1,-1,-1,-1
37, 26982.jpg,1,814,408,43,86,-1,-1,-1,-1
37, 26982.jpg,2,644,379,35,103,-1,-1,-1,-1
37, 26982.jpg,4,442,434,51,89,-1,-1,-1,-1
37, 26982.jpg,5,492,350,44,67,-1,-1,-1,-1
37, 26982.jpg,6,728,386,68,119,-1,-1,-1,-1
37, 26982.jpg,7,851,329,41,81,-1,-1,-1,-1
37, 26982.jpg,9,684,337,36,91,-1,-1,-1,-1
37, 26982.jpg,10,647,322,33,92,-1,-1,-1,-1
37, 26982.jpg,12,361,360,41,81,-1,-1,-1,-1
37, 26982.jpg,13,839,375,44,90,-1,-1,-1,-1
38, 26983.jpg,1,819,406,41,84,-1,-1,-1,-1
38, 26983.jpg,2,644,379,35,104,-1,-1,-1,-1
38, 26983.jpg,4,437,434,52,91,-1,-1,-1,-1
38, 26983.jpg,5,488,349,47,69,-1,-1,-1,-1
38, 26983.jpg,6,725,379,71,124,-1,-1,-1,-1
38, 26983.jpg,7,849,330,42,81,-1,-1,-1,-1
38, 26983.jpg,9,687,333,34,86,-1,-1,-1,-1
38, 26983.jpg,10,648,326,32,88,-1,-1,-1,-1
38, 26983.jpg,12,361,360,41,80,-1,-1,-1,-1
38, 26983.jpg,13,842,363,45,94,-1,-1,-1,-1
39, 26984.jpg,1,819,408,41,83,-1,-1,-1,-1
39, 26984.jpg,2,646,381,35,105,-1,-1,-1,-1
39, 26984.jpg,4,433,433,52,93,-1,-1,-1,-1
39, 26984.jpg,5,483,347,47,70,-1,-1,-1,-1
39, 26984.jpg,6,724,371,70,127,-1,-1,-1,-1
39, 26984.jpg,7,849,332,40,78,-1,-1,-1,-1
39, 26984.jpg,8,645,432,37,91,-1,-1,-1,-1
39, 26984.jpg,9,688,331,33,87,-1,-1,-1,-1
39, 26984.jpg,10,651,335,28,80,-1,-1,-1,-1
39, 26984.jpg,12,359,357,44,84,-1,-1,-1,-1
39, 26984.jpg,13,835,380,45,90,-1,-1,-1,-1
40, 26985.jpg,1,820,406,41,83,-1,-1,-1,-1
40, 26985.jpg,2,648,399,37,112,-1,-1,-1,-1
40, 26985.jpg,4,428,430,55,96,-1,-1,-1,-1
40, 26985.jpg,5,478,346,47,69,-1,-1,-1,-1
40, 26985.jpg,6,722,367,68,127,-1,-1,-1,-1
40, 26985.jpg,7,848,333,40,79,-1,-1,-1,-1
40, 26985.jpg,8,647,433,38,91,-1,-1,-1,-1
40, 26985.jpg,9,690,331,34,91,-1,-1,-1,-1
40, 26985.jpg,10,653,335,28,80,-1,-1,-1,-1
40, 26985.jpg,11,644,346,35,101,-1,-1,-1,-1
40, 26985.jpg,12,356,357,45,84,-1,-1,-1,-1
40, 26985.jpg,13,843,374,43,87,-1,-1,-1,-1
