2, 13847.jpg,1,385,343,75,63,-1,-1,-1,-1
2, 13847.jpg,3,962,372,83,53,-1,-1,-1,-1
2, 13847.jpg,5,582,311,52,101,-1,-1,-1,-1
2, 13847.jpg,6,676,350,62,101,-1,-1,-1,-1
2, 13847.jpg,7,780,398,46,87,-1,-1,-1,-1
2, 13847.jpg,8,700,452,58,104,-1,-1,-1,-1
2, 13847.jpg,9,251,342,45,109,-1,-1,-1,-1
2, 13847.jpg,10,588,416,68,109,-1,-1,-1,-1
2, 13847.jpg,11,391,420,67,114,-1,-1,-1,-1
3, 13848.jpg,1,382,340,78,66,-1,-1,-1,-1
3, 13848.jpg,3,960,373,81,51,-1,-1,-1,-1
3, 13848.jpg,5,578,308,49,95,-1,-1,-1,-1
3, 13848.jpg,6,676,346,65,106,-1,-1,-1,-1
3, 13848.jpg,7,781,396,46,87,-1,-1,-1,-1
3, 13848.jpg,8,696,452,59,105,-1,-1,-1,-1
3, 13848.jpg,9,251,344,45,106,-1,-1,-1,-1
3, 13848.jpg,10,588,416,67,109,-1,-1,-1,-1
3, 13848.jpg,11,394,418,67,116,-1,-1,-1,-1
4, 13849.jpg,1,381,338,81,68,-1,-1,-1,-1
4, 13849.jpg,3,963,371,83,53,-1,-1,-1,-1
4, 13849.jpg,5,576,307,49,94,-1,-1,-1,-1
4, 13849.jpg,6,685,343,64,105,-1,-1,-1,-1
4, 13849.jpg,7,784,392,46,87,-1,-1,-1,-1
4, 13849.jpg,8,693,455,59,103,-1,-1,-1,-1
4, 13849.jpg,9,251,346,45,104,-1,-1,-1,-1
4, 13849.jpg,10,588,420,65,106,-1,-1,-1,-1
4, 13849.jpg,11,395,417,68,118,-1,-1,-1,-1
5, 13850.jpg,1,375,333,85,73,-1,-1,-1,-1
5, 13850.jpg,3,956,373,82,53,-1,-1,-1,-1
5, 13850.jpg,5,581,320,56,107,-1,-1,-1,-1
5, 13850.jpg,6,678,342,65,106,-1,-1,-1,-1
5, 13850.jpg,7,784,388,47,87,-1,-1,-1,-1
5, 13850.jpg,8,693,456,58,101,-1,-1,-1,-1
5, 13850.jpg,9,252,348,45,103,-1,-1,-1,-1
5, 13850.jpg,10,585,419,66,107,-1,-1,-1,-1
5, 13850.jpg,11,396,415,67,120,-1,-1,-1,-1
5, 13850.jpg,13,35,301,46,82,-1,-1,-1,-1
6, 13851.jpg,1,371,330,89,76,-1,-1,-1,-1
6, 13851.jpg,3,948,372,84,54,-1,-1,-1,-1
6, 13851.jpg,5,583,323,56,110,-1,-1,-1,-1
6, 13851.jpg,6,677,339,67,111,-1,-1,-1,-1
6, 13851.jpg,7,785,386,46,87,-1,-1,-1,-1
6, 13851.jpg,8,693,457,59,101,-1,-1,-1,-1
6, 13851.jpg,9,251,349,47,102,-1,-1,-1,-1
6, 13851.jpg,10,583,415,68,111,-1,-1,-1,-1
6, 13851.jpg,11,397,414,66,120,-1,-1,-1,-1
6, 13851.jpg,13,35,300,46,83,-1,-1,-1,-1
7, 13852.jpg,1,369,327,90,80,-1,-1,-1,-1
7, 13852.jpg,3,940,370,86,56,-1,-1,-1,-1
7, 13852.jpg,5,574,315,53,103,-1,-1,-1,-1
7, 13852.jpg,6,689,340,58,99,-1,-1,-1,-1
7, 13852.jpg,7,785,385,47,87,-1,-1,-1,-1
7, 13852.jpg,8,693,458,60,99,-1,-1,-1,-1
7, 13852.jpg,9,250,349,48,101,-1,-1,-1,-1
7, 13852.jpg,10,581,412,70,114,-1,-1,-1,-1
7, 13852.jpg,11,399,413,64,119,-1,-1,-1,-1
8, 13853.jpg,1,367,325,92,82,-1,-1,-1,-1
8, 13853.jpg,3,935,368,85,57,-1,-1,-1,-1
8, 13853.jpg,5,571,322,55,110,-1,-1,-1,-1
8, 13853.jpg,6,691,339,57,98,-1,-1,-1,-1
8, 13853.jpg,7,785,386,48,86,-1,-1,-1,-1
8, 13853.jpg,8,692,457,62,100,-1,-1,-1,-1
8, 13853.jpg,9,249,350,49,100,-1,-1,-1,-1
8, 13853.jpg,10,581,413,67,112,-1,-1,-1,-1
8, 13853.jpg,11,400,412,63,119,-1,-1,-1,-1
9, 13854.jpg,1,366,324,92,83,-1,-1,-1,-1
9, 13854.jpg,3,932,365,85,59,-1,-1,-1,-1
9, 13854.jpg,5,565,322,60,120,-1,-1,-1,-1
9, 13854.jpg,7,786,386,49,86,-1,-1,-1,-1
9, 13854.jpg,8,691,456,64,102,-1,-1,-1,-1
9, 13854.jpg,9,249,350,50,101,-1,-1,-1,-1
9, 13854.jpg,10,581,414,66,109,-1,-1,-1,-1
9, 13854.jpg,11,401,410,63,120,-1,-1,-1,-1
9, 13854.jpg,17,665,367,45,109,-1,-1,-1,-1
10, 13855.jpg,1,367,322,91,85,-1,-1,-1,-1
10, 13855.jpg,3,931,364,84,60,-1,-1,-1,-1
10, 13855.jpg,5,563,327,59,120,-1,-1,-1,-1
10, 13855.jpg,6,698,332,44,75,-1,-1,-1,-1
10, 13855.jpg,7,786,387,51,85,-1,-1,-1,-1
10, 13855.jpg,8,691,454,66,103,-1,-1,-1,-1
10, 13855.jpg,9,248,350,52,101,-1,-1,-1,-1
10, 13855.jpg,10,583,415,64,105,-1,-1,-1,-1
10, 13855.jpg,11,403,408,61,120,-1,-1,-1,-1
10, 13855.jpg,17,665,369,45,108,-1,-1,-1,-1
11, 13856.jpg,1,369,321,89,87,-1,-1,-1,-1
11, 13856.jpg,3,929,360,87,64,-1,-1,-1,-1
11, 13856.jpg,5,561,326,60,123,-1,-1,-1,-1
11, 13856.jpg,6,704,316,40,71,-1,-1,-1,-1
11, 13856.jpg,7,788,385,53,86,-1,-1,-1,-1
11, 13856.jpg,8,691,452,68,105,-1,-1,-1,-1
11, 13856.jpg,9,248,350,53,101,-1,-1,-1,-1
11, 13856.jpg,10,586,415,62,104,-1,-1,-1,-1
11, 13856.jpg,11,405,407,59,119,-1,-1,-1,-1
11, 13856.jpg,17,680,361,44,106,-1,-1,-1,-1
12, 13857.jpg,1,372,322,85,85,-1,-1,-1,-1
12, 13857.jpg,3,929,358,85,66,-1,-1,-1,-1
12, 13857.jpg,5,561,331,58,118,-1,-1,-1,-1
12, 13857.jpg,6,706,313,39,69,-1,-1,-1,-1
12, 13857.jpg,7,789,383,56,88,-1,-1,-1,-1
12, 13857.jpg,8,692,450,71,108,-1,-1,-1,-1
12, 13857.jpg,9,249,350,54,102,-1,-1,-1,-1
12, 13857.jpg,10,589,415,61,103,-1,-1,-1,-1
12, 13857.jpg,11,406,407,56,116,-1,-1,-1,-1
12, 13857.jpg,17,674,368,44,105,-1,-1,-1,-1
12, 13857.jpg,19,572,309,40,89,-1,-1,-1,-1
13, 13858.jpg,1,373,322,83,86,-1,-1,-1,-1
13, 13858.jpg,3,927,353,87,70,-1,-1,-1,-1
13, 13858.jpg,5,562,334,55,113,-1,-1,-1,-1
13, 13858.jpg,6,708,309,37,66,-1,-1,-1,-1
13, 13858.jpg,7,791,383,58,90,-1,-1,-1,-1
13, 13858.jpg,8,697,448,72,109,-1,-1,-1,-1
13, 13858.jpg,9,250,349,54,104,-1,-1,-1,-1
13, 13858.jpg,10,593,414,60,104,-1,-1,-1,-1
13, 13858.jpg,11,411,405,54,113,-1,-1,-1,-1
13, 13858.jpg,17,673,372,43,105,-1,-1,-1,-1
13, 13858.jpg,19,573,310,40,89,-1,-1,-1,-1
14, 13859.jpg,1,374,321,81,87,-1,-1,-1,-1
14, 13859.jpg,3,926,350,88,73,-1,-1,-1,-1
14, 13859.jpg,5,560,356,48,97,-1,-1,-1,-1
14, 13859.jpg,6,717,312,40,70,-1,-1,-1,-1
14, 13859.jpg,7,793,382,59,90,-1,-1,-1,-1
14, 13859.jpg,8,703,446,71,111,-1,-1,-1,-1
14, 13859.jpg,9,250,349,54,105,-1,-1,-1,-1
14, 13859.jpg,10,595,415,58,102,-1,-1,-1,-1
14, 13859.jpg,11,413,401,53,116,-1,-1,-1,-1
14, 13859.jpg,17,676,377,41,100,-1,-1,-1,-1
14, 13859.jpg,19,573,312,39,87,-1,-1,-1,-1
14, 13859.jpg,20,712,331,42,91,-1,-1,-1,-1
15, 13860.jpg,1,375,320,77,87,-1,-1,-1,-1
15, 13860.jpg,3,926,347,86,76,-1,-1,-1,-1
15, 13860.jpg,5,558,361,48,96,-1,-1,-1,-1
15, 13860.jpg,6,723,312,40,71,-1,-1,-1,-1
15, 13860.jpg,7,797,381,60,92,-1,-1,-1,-1
15, 13860.jpg,8,709,441,73,117,-1,-1,-1,-1
15, 13860.jpg,9,250,350,55,105,-1,-1,-1,-1
15, 13860.jpg,10,596,417,56,100,-1,-1,-1,-1
15, 13860.jpg,11,414,400,53,115,-1,-1,-1,-1
15, 13860.jpg,17,678,375,42,103,-1,-1,-1,-1
15, 13860.jpg,19,575,317,39,86,-1,-1,-1,-1
15, 13860.jpg,20,706,343,42,89,-1,-1,-1,-1
16, 13861.jpg,1,376,319,75,88,-1,-1,-1,-1
16, 13861.jpg,3,926,344,84,78,-1,-1,-1,-1
16, 13861.jpg,5,565,343,48,97,-1,-1,-1,-1
16, 13861.jpg,6,720,320,48,84,-1,-1,-1,-1
16, 13861.jpg,7,800,374,65,99,-1,-1,-1,-1
16, 13861.jpg,8,715,440,70,118,-1,-1,-1,-1
16, 13861.jpg,9,251,349,55,107,-1,-1,-1,-1
16, 13861.jpg,10,597,418,54,99,-1,-1,-1,-1
16, 13861.jpg,11,416,398,52,116,-1,-1,-1,-1
16, 13861.jpg,17,679,373,43,106,-1,-1,-1,-1
16, 13861.jpg,19,575,319,39,85,-1,-1,-1,-1
16, 13861.jpg,20,704,347,44,93,-1,-1,-1,-1
17, 13862.jpg,1,376,318,73,89,-1,-1,-1,-1
17, 13862.jpg,3,925,341,83,81,-1,-1,-1,-1
17, 13862.jpg,5,567,336,47,96,-1,-1,-1,-1
17, 13862.jpg,6,718,321,53,93,-1,-1,-1,-1
17, 13862.jpg,7,805,370,65,102,-1,-1,-1,-1
17, 13862.jpg,8,719,437,69,121,-1,-1,-1,-1
17, 13862.jpg,9,250,350,56,108,-1,-1,-1,-1
17, 13862.jpg,10,596,419,54,99,-1,-1,-1,-1
17, 13862.jpg,11,418,398,51,115,-1,-1,-1,-1
17, 13862.jpg,17,678,373,42,105,-1,-1,-1,-1
18, 13863.jpg,1,376,317,72,90,-1,-1,-1,-1
18, 13863.jpg,3,925,340,81,83,-1,-1,-1,-1
18, 13863.jpg,5,565,364,38,80,-1,-1,-1,-1
18, 13863.jpg,6,714,323,56,99,-1,-1,-1,-1
18, 13863.jpg,7,810,371,62,101,-1,-1,-1,-1
18, 13863.jpg,8,724,437,68,122,-1,-1,-1,-1
18, 13863.jpg,9,250,352,55,107,-1,-1,-1,-1
18, 13863.jpg,10,595,419,53,101,-1,-1,-1,-1
18, 13863.jpg,11,419,399,51,113,-1,-1,-1,-1
18, 13863.jpg,17,678,373,41,104,-1,-1,-1,-1
18, 13863.jpg,19,575,315,40,88,-1,-1,-1,-1
19, 13864.jpg,1,376,316,70,91,-1,-1,-1,-1
19, 13864.jpg,3,924,336,82,87,-1,-1,-1,-1
19, 13864.jpg,5,560,381,32,66,-1,-1,-1,-1
19, 13864.jpg,6,706,331,56,100,-1,-1,-1,-1
19, 13864.jpg,7,817,372,59,97,-1,-1,-1,-1
19, 13864.jpg,8,730,439,66,122,-1,-1,-1,-1
19, 13864.jpg,9,249,353,55,105,-1,-1,-1,-1
19, 13864.jpg,10,595,420,52,101,-1,-1,-1,-1
19, 13864.jpg,11,421,400,49,112,-1,-1,-1,-1
19, 13864.jpg,17,681,375,39,102,-1,-1,-1,-1
19, 13864.jpg,19,575,313,41,90,-1,-1,-1,-1
20, 13865.jpg,1,376,316,68,91,-1,-1,-1,-1
20, 13865.jpg,3,923,334,81,90,-1,-1,-1,-1
20, 13865.jpg,5,559,387,30,62,-1,-1,-1,-1
20, 13865.jpg,6,708,331,56,102,-1,-1,-1,-1
20, 13865.jpg,7,823,373,57,97,-1,-1,-1,-1
20, 13865.jpg,8,734,439,66,123,-1,-1,-1,-1
20, 13865.jpg,9,248,354,54,104,-1,-1,-1,-1
20, 13865.jpg,10,595,421,50,100,-1,-1,-1,-1
20, 13865.jpg,11,421,400,50,111,-1,-1,-1,-1
20, 13865.jpg,17,686,380,39,96,-1,-1,-1,-1
20, 13865.jpg,19,567,326,45,99,-1,-1,-1,-1
20, 13865.jpg,21,725,305,56,81,-1,-1,-1,-1
21, 13866.jpg,1,375,316,67,94,-1,-1,-1,-1
21, 13866.jpg,3,922,331,80,95,-1,-1,-1,-1
21, 13866.jpg,7,829,374,54,95,-1,-1,-1,-1
21, 13866.jpg,8,741,443,64,119,-1,-1,-1,-1
21, 13866.jpg,9,244,353,56,107,-1,-1,-1,-1
21, 13866.jpg,10,596,422,48,98,-1,-1,-1,-1
21, 13866.jpg,11,422,402,50,110,-1,-1,-1,-1
21, 13866.jpg,17,688,385,38,91,-1,-1,-1,-1
21, 13866.jpg,19,572,314,44,96,-1,-1,-1,-1
21, 13866.jpg,21,723,305,59,86,-1,-1,-1,-1
22, 13867.jpg,1,375,316,66,94,-1,-1,-1,-1
22, 13867.jpg,3,919,330,79,96,-1,-1,-1,-1
22, 13867.jpg,5,553,378,38,76,-1,-1,-1,-1
22, 13867.jpg,6,708,332,55,100,-1,-1,-1,-1
22, 13867.jpg,7,834,371,52,95,-1,-1,-1,-1
22, 13867.jpg,8,745,445,63,118,-1,-1,-1,-1
22, 13867.jpg,9,242,353,55,107,-1,-1,-1,-1
22, 13867.jpg,10,595,424,46,96,-1,-1,-1,-1
22, 13867.jpg,11,422,402,50,110,-1,-1,-1,-1
22, 13867.jpg,17,689,389,37,86,-1,-1,-1,-1
22, 13867.jpg,19,574,310,44,96,-1,-1,-1,-1
22, 13867.jpg,21,724,300,58,85,-1,-1,-1,-1
23, 13868.jpg,1,376,316,63,94,-1,-1,-1,-1
23, 13868.jpg,3,918,329,77,98,-1,-1,-1,-1
23, 13868.jpg,5,552,376,40,77,-1,-1,-1,-1
23, 13868.jpg,6,709,332,56,102,-1,-1,-1,-1
23, 13868.jpg,7,837,369,53,97,-1,-1,-1,-1
23, 13868.jpg,8,748,447,64,116,-1,-1,-1,-1
23, 13868.jpg,9,239,356,54,104,-1,-1,-1,-1
23, 13868.jpg,10,593,425,45,97,-1,-1,-1,-1
23, 13868.jpg,11,422,402,50,109,-1,-1,-1,-1
23, 13868.jpg,17,688,389,38,88,-1,-1,-1,-1
23, 13868.jpg,19,575,309,44,97,-1,-1,-1,-1
23, 13868.jpg,21,721,301,60,89,-1,-1,-1,-1
24, 13869.jpg,1,377,317,61,91,-1,-1,-1,-1
24, 13869.jpg,3,917,330,73,97,-1,-1,-1,-1
24, 13869.jpg,5,553,379,39,74,-1,-1,-1,-1
24, 13869.jpg,6,719,316,53,100,-1,-1,-1,-1
24, 13869.jpg,7,841,367,54,102,-1,-1,-1,-1
24, 13869.jpg,8,750,449,65,116,-1,-1,-1,-1
24, 13869.jpg,9,236,357,52,102,-1,-1,-1,-1
24, 13869.jpg,10,592,426,45,99,-1,-1,-1,-1
24, 13869.jpg,11,420,402,51,109,-1,-1,-1,-1
24, 13869.jpg,17,687,386,40,90,-1,-1,-1,-1
24, 13869.jpg,19,576,310,44,96,-1,-1,-1,-1
24, 13869.jpg,21,720,299,62,91,-1,-1,-1,-1
25, 13870.jpg,1,379,320,58,88,-1,-1,-1,-1
25, 13870.jpg,3,916,332,69,96,-1,-1,-1,-1
25, 13870.jpg,5,553,377,41,76,-1,-1,-1,-1
25, 13870.jpg,6,714,328,51,98,-1,-1,-1,-1
25, 13870.jpg,7,845,371,52,99,-1,-1,-1,-1
25, 13870.jpg,8,752,451,65,115,-1,-1,-1,-1
25, 13870.jpg,9,234,359,50,99,-1,-1,-1,-1
25, 13870.jpg,10,591,427,45,99,-1,-1,-1,-1
25, 13870.jpg,11,419,402,52,109,-1,-1,-1,-1
25, 13870.jpg,17,686,384,41,93,-1,-1,-1,-1
25, 13870.jpg,19,577,311,44,95,-1,-1,-1,-1
25, 13870.jpg,21,725,297,55,82,-1,-1,-1,-1
26, 13871.jpg,1,378,321,58,88,-1,-1,-1,-1
26, 13871.jpg,3,914,333,67,97,-1,-1,-1,-1
26, 13871.jpg,5,558,376,43,78,-1,-1,-1,-1
26, 13871.jpg,6,713,332,49,96,-1,-1,-1,-1
26, 13871.jpg,7,850,378,49,93,-1,-1,-1,-1
26, 13871.jpg,8,753,452,65,114,-1,-1,-1,-1
26, 13871.jpg,9,233,360,49,100,-1,-1,-1,-1
26, 13871.jpg,10,591,427,45,99,-1,-1,-1,-1
26, 13871.jpg,11,418,402,52,109,-1,-1,-1,-1
26, 13871.jpg,17,685,382,43,97,-1,-1,-1,-1
26, 13871.jpg,19,580,314,43,93,-1,-1,-1,-1
26, 13871.jpg,21,731,295,54,83,-1,-1,-1,-1
27, 13872.jpg,1,379,322,56,85,-1,-1,-1,-1
27, 13872.jpg,3,913,335,65,97,-1,-1,-1,-1
27, 13872.jpg,5,561,378,43,81,-1,-1,-1,-1
27, 13872.jpg,6,723,318,48,98,-1,-1,-1,-1
27, 13872.jpg,7,854,386,46,86,-1,-1,-1,-1
27, 13872.jpg,8,754,454,65,112,-1,-1,-1,-1
27, 13872.jpg,9,231,360,49,102,-1,-1,-1,-1
27, 13872.jpg,10,592,427,44,98,-1,-1,-1,-1
27, 13872.jpg,11,416,401,54,111,-1,-1,-1,-1
27, 13872.jpg,17,684,380,45,101,-1,-1,-1,-1
27, 13872.jpg,19,580,317,43,91,-1,-1,-1,-1
27, 13872.jpg,21,731,293,55,84,-1,-1,-1,-1
28, 13873.jpg,1,378,323,56,86,-1,-1,-1,-1
28, 13873.jpg,3,914,338,60,95,-1,-1,-1,-1
28, 13873.jpg,5,561,380,43,81,-1,-1,-1,-1
28, 13873.jpg,6,718,325,48,99,-1,-1,-1,-1
28, 13873.jpg,7,857,394,43,77,-1,-1,-1,-1
28, 13873.jpg,8,754,454,65,111,-1,-1,-1,-1
28, 13873.jpg,9,229,362,50,102,-1,-1,-1,-1
28, 13873.jpg,10,591,426,45,102,-1,-1,-1,-1
28, 13873.jpg,11,416,401,54,111,-1,-1,-1,-1
28, 13873.jpg,17,684,381,45,100,-1,-1,-1,-1
28, 13873.jpg,19,581,318,43,91,-1,-1,-1,-1
28, 13873.jpg,20,576,349,48,99,-1,-1,-1,-1
28, 13873.jpg,21,735,297,54,86,-1,-1,-1,-1
29, 13874.jpg,1,377,323,54,84,-1,-1,-1,-1
29, 13874.jpg,3,913,340,58,92,-1,-1,-1,-1
29, 13874.jpg,6,726,316,47,96,-1,-1,-1,-1
29, 13874.jpg,7,858,398,41,73,-1,-1,-1,-1
29, 13874.jpg,8,754,454,66,112,-1,-1,-1,-1
29, 13874.jpg,9,225,362,49,104,-1,-1,-1,-1
29, 13874.jpg,10,591,427,45,102,-1,-1,-1,-1
29, 13874.jpg,11,416,402,55,109,-1,-1,-1,-1
29, 13874.jpg,17,685,379,45,103,-1,-1,-1,-1
29, 13874.jpg,20,571,344,49,103,-1,-1,-1,-1
29, 13874.jpg,21,735,296,55,86,-1,-1,-1,-1
30, 13875.jpg,1,374,323,55,86,-1,-1,-1,-1
30, 13875.jpg,3,911,340,58,94,-1,-1,-1,-1
30, 13875.jpg,6,720,324,46,98,-1,-1,-1,-1
30, 13875.jpg,7,861,402,40,71,-1,-1,-1,-1
30, 13875.jpg,8,753,453,68,115,-1,-1,-1,-1
30, 13875.jpg,9,222,364,50,105,-1,-1,-1,-1
30, 13875.jpg,10,591,429,45,100,-1,-1,-1,-1
30, 13875.jpg,11,416,402,55,109,-1,-1,-1,-1
30, 13875.jpg,17,686,377,45,105,-1,-1,-1,-1
30, 13875.jpg,20,570,355,45,94,-1,-1,-1,-1
30, 13875.jpg,21,740,300,51,82,-1,-1,-1,-1
31, 13876.jpg,1,373,322,56,88,-1,-1,-1,-1
31, 13876.jpg,3,910,341,56,94,-1,-1,-1,-1
31, 13876.jpg,6,718,327,45,97,-1,-1,-1,-1
31, 13876.jpg,7,864,408,39,67,-1,-1,-1,-1
31, 13876.jpg,8,752,453,68,116,-1,-1,-1,-1
31, 13876.jpg,9,219,365,51,107,-1,-1,-1,-1
31, 13876.jpg,10,591,431,45,99,-1,-1,-1,-1
31, 13876.jpg,11,416,402,56,110,-1,-1,-1,-1
31, 13876.jpg,17,687,377,44,104,-1,-1,-1,-1
31, 13876.jpg,19,579,323,42,88,-1,-1,-1,-1
31, 13876.jpg,20,571,375,41,84,-1,-1,-1,-1
31, 13876.jpg,21,743,304,48,79,-1,-1,-1,-1
32, 13877.jpg,1,373,323,55,87,-1,-1,-1,-1
32, 13877.jpg,3,907,341,55,97,-1,-1,-1,-1
32, 13877.jpg,5,572,356,53,102,-1,-1,-1,-1
32, 13877.jpg,6,718,327,46,98,-1,-1,-1,-1
32, 13877.jpg,7,866,411,40,65,-1,-1,-1,-1
32, 13877.jpg,8,752,454,68,117,-1,-1,-1,-1
32, 13877.jpg,9,217,366,52,108,-1,-1,-1,-1
32, 13877.jpg,10,592,434,44,98,-1,-1,-1,-1
32, 13877.jpg,11,416,403,57,108,-1,-1,-1,-1
32, 13877.jpg,13,19,293,46,89,-1,-1,-1,-1
32, 13877.jpg,17,694,365,47,111,-1,-1,-1,-1
32, 13877.jpg,19,579,324,42,88,-1,-1,-1,-1
32, 13877.jpg,20,564,379,41,83,-1,-1,-1,-1
32, 13877.jpg,21,734,307,50,82,-1,-1,-1,-1
33, 13878.jpg,1,371,323,56,89,-1,-1,-1,-1
33, 13878.jpg,3,905,340,55,99,-1,-1,-1,-1
33, 13878.jpg,5,573,355,54,104,-1,-1,-1,-1
33, 13878.jpg,6,717,331,43,94,-1,-1,-1,-1
33, 13878.jpg,7,869,413,40,63,-1,-1,-1,-1
33, 13878.jpg,8,750,454,69,119,-1,-1,-1,-1
33, 13878.jpg,9,215,367,53,109,-1,-1,-1,-1
33, 13878.jpg,10,593,435,45,99,-1,-1,-1,-1
33, 13878.jpg,11,416,404,57,108,-1,-1,-1,-1
33, 13878.jpg,13,20,293,46,89,-1,-1,-1,-1
33, 13878.jpg,17,695,360,48,114,-1,-1,-1,-1
33, 13878.jpg,19,576,325,42,84,-1,-1,-1,-1
33, 13878.jpg,21,741,306,46,79,-1,-1,-1,-1
34, 13879.jpg,1,369,323,56,90,-1,-1,-1,-1
34, 13879.jpg,3,904,340,54,100,-1,-1,-1,-1
34, 13879.jpg,5,579,372,50,98,-1,-1,-1,-1
34, 13879.jpg,6,717,331,43,94,-1,-1,-1,-1
34, 13879.jpg,7,871,414,39,62,-1,-1,-1,-1
34, 13879.jpg,8,746,453,69,119,-1,-1,-1,-1
34, 13879.jpg,9,211,370,54,110,-1,-1,-1,-1
34, 13879.jpg,10,595,436,44,99,-1,-1,-1,-1
34, 13879.jpg,11,416,406,57,107,-1,-1,-1,-1
34, 13879.jpg,13,21,292,45,90,-1,-1,-1,-1
34, 13879.jpg,17,700,352,47,108,-1,-1,-1,-1
34, 13879.jpg,19,574,325,43,86,-1,-1,-1,-1
34, 13879.jpg,21,743,305,45,79,-1,-1,-1,-1
35, 13880.jpg,1,367,323,55,91,-1,-1,-1,-1
35, 13880.jpg,3,903,340,53,100,-1,-1,-1,-1
35, 13880.jpg,5,583,378,49,95,-1,-1,-1,-1
35, 13880.jpg,7,871,413,40,63,-1,-1,-1,-1
35, 13880.jpg,8,744,452,69,121,-1,-1,-1,-1
35, 13880.jpg,9,213,371,53,107,-1,-1,-1,-1
35, 13880.jpg,10,597,438,44,98,-1,-1,-1,-1
35, 13880.jpg,11,417,407,57,107,-1,-1,-1,-1
35, 13880.jpg,13,22,292,45,91,-1,-1,-1,-1
35, 13880.jpg,17,703,347,47,110,-1,-1,-1,-1
35, 13880.jpg,19,571,324,44,88,-1,-1,-1,-1
35, 13880.jpg,21,743,303,45,81,-1,-1,-1,-1
36, 13881.jpg,1,366,323,54,91,-1,-1,-1,-1
36, 13881.jpg,3,903,341,51,98,-1,-1,-1,-1
36, 13881.jpg,5,586,381,48,94,-1,-1,-1,-1
36, 13881.jpg,7,869,410,42,65,-1,-1,-1,-1
36, 13881.jpg,8,740,448,70,124,-1,-1,-1,-1
36, 13881.jpg,9,213,373,54,106,-1,-1,-1,-1
36, 13881.jpg,10,597,440,44,97,-1,-1,-1,-1
36, 13881.jpg,11,417,408,57,106,-1,-1,-1,-1
36, 13881.jpg,13,23,293,45,91,-1,-1,-1,-1
36, 13881.jpg,17,713,339,42,97,-1,-1,-1,-1
36, 13881.jpg,19,569,324,44,88,-1,-1,-1,-1
36, 13881.jpg,21,743,302,45,81,-1,-1,-1,-1
37, 13882.jpg,1,363,322,55,93,-1,-1,-1,-1
37, 13882.jpg,3,904,342,48,96,-1,-1,-1,-1
37, 13882.jpg,5,585,381,49,100,-1,-1,-1,-1
37, 13882.jpg,6,732,316,44,96,-1,-1,-1,-1
37, 13882.jpg,7,868,408,43,67,-1,-1,-1,-1
37, 13882.jpg,8,739,447,70,124,-1,-1,-1,-1
37, 13882.jpg,9,211,375,53,105,-1,-1,-1,-1
37, 13882.jpg,10,601,441,44,99,-1,-1,-1,-1
37, 13882.jpg,11,418,408,58,106,-1,-1,-1,-1
37, 13882.jpg,13,24,294,45,91,-1,-1,-1,-1
37, 13882.jpg,17,707,347,45,105,-1,-1,-1,-1
37, 13882.jpg,19,567,322,44,89,-1,-1,-1,-1
37, 13882.jpg,21,744,302,44,81,-1,-1,-1,-1
38, 13883.jpg,1,360,322,56,94,-1,-1,-1,-1
38, 13883.jpg,3,902,343,48,94,-1,-1,-1,-1
38, 13883.jpg,5,587,384,50,103,-1,-1,-1,-1
38, 13883.jpg,6,734,315,44,96,-1,-1,-1,-1
38, 13883.jpg,7,868,405,45,70,-1,-1,-1,-1
38, 13883.jpg,8,736,445,69,122,-1,-1,-1,-1
38, 13883.jpg,9,208,376,54,105,-1,-1,-1,-1
38, 13883.jpg,10,603,445,43,95,-1,-1,-1,-1
38, 13883.jpg,11,420,409,58,107,-1,-1,-1,-1
38, 13883.jpg,13,24,294,46,91,-1,-1,-1,-1
38, 13883.jpg,17,706,348,46,106,-1,-1,-1,-1
38, 13883.jpg,19,563,321,46,90,-1,-1,-1,-1
38, 13883.jpg,21,744,302,44,80,-1,-1,-1,-1
39, 13884.jpg,1,358,322,56,96,-1,-1,-1,-1
39, 13884.jpg,3,893,358,47,90,-1,-1,-1,-1
39, 13884.jpg,5,589,387,49,101,-1,-1,-1,-1
39, 13884.jpg,7,868,403,46,72,-1,-1,-1,-1
39, 13884.jpg,8,734,444,66,119,-1,-1,-1,-1
39, 13884.jpg,9,210,377,53,103,-1,-1,-1,-1
39, 13884.jpg,10,605,448,42,92,-1,-1,-1,-1
39, 13884.jpg,11,423,408,58,108,-1,-1,-1,-1
39, 13884.jpg,17,716,344,41,93,-1,-1,-1,-1
39, 13884.jpg,19,562,319,48,95,-1,-1,-1,-1
39, 13884.jpg,21,743,302,44,81,-1,-1,-1,-1
40, 13885.jpg,1,357,323,55,94,-1,-1,-1,-1
40, 13885.jpg,3,899,350,47,93,-1,-1,-1,-1
40, 13885.jpg,5,593,388,49,102,-1,-1,-1,-1
40, 13885.jpg,7,868,401,46,72,-1,-1,-1,-1
40, 13885.jpg,8,732,447,62,113,-1,-1,-1,-1
40, 13885.jpg,9,211,378,52,104,-1,-1,-1,-1
40, 13885.jpg,10,608,450,41,91,-1,-1,-1,-1
40, 13885.jpg,11,426,409,57,105,-1,-1,-1,-1
40, 13885.jpg,17,718,342,40,92,-1,-1,-1,-1
40, 13885.jpg,19,562,319,48,97,-1,-1,-1,-1
40, 13885.jpg,21,743,302,44,81,-1,-1,-1,-1
40, 13885.jpg,24,700,366,47,106,-1,-1,-1,-1
