2, 18612.jpg,1,628,341,45,116,-1,-1,-1,-1
2, 18612.jpg,3,790,368,52,98,-1,-1,-1,-1
2, 18612.jpg,4,324,311,42,86,-1,-1,-1,-1
2, 18612.jpg,5,102,345,45,109,-1,-1,-1,-1
2, 18612.jpg,6,919,356,39,114,-1,-1,-1,-1
2, 18612.jpg,7,567,332,39,109,-1,-1,-1,-1
2, 18612.jpg,8,452,352,55,77,-1,-1,-1,-1
2, 18612.jpg,9,220,430,61,106,-1,-1,-1,-1
2, 18612.jpg,10,287,372,43,82,-1,-1,-1,-1
2, 18612.jpg,11,1001,312,55,90,-1,-1,-1,-1
3, 18613.jpg,1,637,340,46,116,-1,-1,-1,-1
3, 18613.jpg,3,802,368,52,99,-1,-1,-1,-1
3, 18613.jpg,4,330,307,42,87,-1,-1,-1,-1
3, 18613.jpg,5,111,345,44,107,-1,-1,-1,-1
3, 18613.jpg,6,928,357,39,113,-1,-1,-1,-1
3, 18613.jpg,7,575,335,39,107,-1,-1,-1,-1
3, 18613.jpg,8,455,352,57,79,-1,-1,-1,-1
3, 18613.jpg,9,225,427,61,108,-1,-1,-1,-1
3, 18613.jpg,10,297,370,41,79,-1,-1,-1,-1
3, 18613.jpg,11,1004,314,57,91,-1,-1,-1,-1
4, 18614.jpg,1,668,337,45,116,-1,-1,-1,-1
4, 18614.jpg,3,811,365,53,102,-1,-1,-1,-1
4, 18614.jpg,4,336,304,43,88,-1,-1,-1,-1
4, 18614.jpg,5,117,343,46,110,-1,-1,-1,-1
4, 18614.jpg,6,936,358,39,114,-1,-1,-1,-1
4, 18614.jpg,7,580,339,37,103,-1,-1,-1,-1
4, 18614.jpg,8,463,353,54,76,-1,-1,-1,-1
4, 18614.jpg,9,230,427,61,106,-1,-1,-1,-1
4, 18614.jpg,10,306,369,39,76,-1,-1,-1,-1
4, 18614.jpg,11,1009,315,57,91,-1,-1,-1,-1
5, 18615.jpg,1,679,334,48,122,-1,-1,-1,-1
5, 18615.jpg,3,821,367,50,99,-1,-1,-1,-1
5, 18615.jpg,4,343,300,44,89,-1,-1,-1,-1
5, 18615.jpg,5,125,343,45,109,-1,-1,-1,-1
5, 18615.jpg,6,945,359,38,112,-1,-1,-1,-1
5, 18615.jpg,7,589,342,37,102,-1,-1,-1,-1
5, 18615.jpg,8,469,353,54,76,-1,-1,-1,-1
5, 18615.jpg,9,237,426,60,106,-1,-1,-1,-1
5, 18615.jpg,10,318,369,39,74,-1,-1,-1,-1
5, 18615.jpg,11,1015,317,56,91,-1,-1,-1,-1
6, 18616.jpg,1,691,331,45,119,-1,-1,-1,-1
6, 18616.jpg,3,830,366,51,103,-1,-1,-1,-1
6, 18616.jpg,4,348,295,46,94,-1,-1,-1,-1
6, 18616.jpg,5,131,341,45,110,-1,-1,-1,-1
6, 18616.jpg,6,952,357,39,115,-1,-1,-1,-1
6, 18616.jpg,7,596,345,36,102,-1,-1,-1,-1
6, 18616.jpg,8,472,352,55,78,-1,-1,-1,-1
6, 18616.jpg,9,242,424,60,107,-1,-1,-1,-1
6, 18616.jpg,10,329,373,36,69,-1,-1,-1,-1
6, 18616.jpg,11,1019,318,55,90,-1,-1,-1,-1
7, 18617.jpg,1,694,335,46,120,-1,-1,-1,-1
7, 18617.jpg,3,837,367,50,103,-1,-1,-1,-1
7, 18617.jpg,4,355,292,47,96,-1,-1,-1,-1
7, 18617.jpg,5,135,337,46,113,-1,-1,-1,-1
7, 18617.jpg,6,960,356,40,117,-1,-1,-1,-1
7, 18617.jpg,7,601,345,37,104,-1,-1,-1,-1
7, 18617.jpg,8,478,351,56,79,-1,-1,-1,-1
7, 18617.jpg,9,247,422,60,107,-1,-1,-1,-1
7, 18617.jpg,10,337,375,36,67,-1,-1,-1,-1
7, 18617.jpg,11,1022,319,54,89,-1,-1,-1,-1
7, 18617.jpg,13,661,339,46,119,-1,-1,-1,-1
8, 18618.jpg,1,702,335,40,106,-1,-1,-1,-1
8, 18618.jpg,3,846,368,49,104,-1,-1,-1,-1
8, 18618.jpg,4,359,289,48,98,-1,-1,-1,-1
8, 18618.jpg,5,141,336,47,115,-1,-1,-1,-1
8, 18618.jpg,6,966,356,41,118,-1,-1,-1,-1
8, 18618.jpg,7,606,347,38,108,-1,-1,-1,-1
8, 18618.jpg,8,482,350,58,82,-1,-1,-1,-1
8, 18618.jpg,9,252,421,60,108,-1,-1,-1,-1
8, 18618.jpg,10,345,376,36,65,-1,-1,-1,-1
8, 18618.jpg,11,1023,320,54,90,-1,-1,-1,-1
8, 18618.jpg,13,671,340,45,117,-1,-1,-1,-1
9, 18619.jpg,1,709,326,37,99,-1,-1,-1,-1
9, 18619.jpg,3,853,370,48,103,-1,-1,-1,-1
9, 18619.jpg,4,367,288,46,94,-1,-1,-1,-1
9, 18619.jpg,5,146,336,47,113,-1,-1,-1,-1
9, 18619.jpg,6,973,355,41,119,-1,-1,-1,-1
9, 18619.jpg,7,612,349,38,110,-1,-1,-1,-1
9, 18619.jpg,8,485,348,59,85,-1,-1,-1,-1
9, 18619.jpg,9,257,421,59,107,-1,-1,-1,-1
9, 18619.jpg,10,350,378,36,63,-1,-1,-1,-1
9, 18619.jpg,11,1025,319,53,92,-1,-1,-1,-1
9, 18619.jpg,13,679,339,47,119,-1,-1,-1,-1
10, 18620.jpg,1,712,324,36,98,-1,-1,-1,-1
10, 18620.jpg,3,859,372,49,105,-1,-1,-1,-1
10, 18620.jpg,4,375,287,44,91,-1,-1,-1,-1
10, 18620.jpg,5,151,335,47,114,-1,-1,-1,-1
10, 18620.jpg,6,978,356,41,118,-1,-1,-1,-1
10, 18620.jpg,7,619,350,39,112,-1,-1,-1,-1
10, 18620.jpg,8,489,346,61,87,-1,-1,-1,-1
10, 18620.jpg,9,261,421,59,108,-1,-1,-1,-1
10, 18620.jpg,10,356,378,36,63,-1,-1,-1,-1
10, 18620.jpg,11,1025,318,54,94,-1,-1,-1,-1
10, 18620.jpg,13,682,343,45,115,-1,-1,-1,-1
11, 18621.jpg,1,715,324,33,89,-1,-1,-1,-1
11, 18621.jpg,3,863,372,50,109,-1,-1,-1,-1
11, 18621.jpg,4,379,287,43,89,-1,-1,-1,-1
11, 18621.jpg,5,156,336,48,116,-1,-1,-1,-1
11, 18621.jpg,6,983,355,42,120,-1,-1,-1,-1
11, 18621.jpg,7,623,351,39,111,-1,-1,-1,-1
11, 18621.jpg,8,492,345,61,89,-1,-1,-1,-1
11, 18621.jpg,9,263,420,60,109,-1,-1,-1,-1
11, 18621.jpg,10,363,376,36,65,-1,-1,-1,-1
11, 18621.jpg,11,1025,317,54,95,-1,-1,-1,-1
11, 18621.jpg,13,680,341,45,116,-1,-1,-1,-1
12, 18622.jpg,1,710,325,33,90,-1,-1,-1,-1
12, 18622.jpg,3,867,373,52,110,-1,-1,-1,-1
12, 18622.jpg,4,386,287,41,86,-1,-1,-1,-1
12, 18622.jpg,5,160,339,49,116,-1,-1,-1,-1
12, 18622.jpg,6,991,357,40,116,-1,-1,-1,-1
12, 18622.jpg,7,627,352,38,109,-1,-1,-1,-1
12, 18622.jpg,8,493,345,61,91,-1,-1,-1,-1
12, 18622.jpg,9,265,419,60,110,-1,-1,-1,-1
12, 18622.jpg,10,367,377,36,63,-1,-1,-1,-1
12, 18622.jpg,11,1024,316,54,95,-1,-1,-1,-1
12, 18622.jpg,13,692,345,45,113,-1,-1,-1,-1
13, 18623.jpg,1,718,322,31,85,-1,-1,-1,-1
13, 18623.jpg,3,871,374,52,110,-1,-1,-1,-1
13, 18623.jpg,4,391,287,40,84,-1,-1,-1,-1
13, 18623.jpg,5,164,342,49,115,-1,-1,-1,-1
13, 18623.jpg,6,994,356,42,117,-1,-1,-1,-1
13, 18623.jpg,7,631,351,37,109,-1,-1,-1,-1
13, 18623.jpg,8,493,346,61,91,-1,-1,-1,-1
13, 18623.jpg,9,269,419,59,110,-1,-1,-1,-1
13, 18623.jpg,10,370,376,36,63,-1,-1,-1,-1
13, 18623.jpg,11,1025,316,54,94,-1,-1,-1,-1
13, 18623.jpg,13,697,343,47,116,-1,-1,-1,-1
14, 18624.jpg,1,723,318,29,79,-1,-1,-1,-1
14, 18624.jpg,3,874,376,52,109,-1,-1,-1,-1
14, 18624.jpg,4,394,285,40,84,-1,-1,-1,-1
14, 18624.jpg,5,168,345,50,113,-1,-1,-1,-1
14, 18624.jpg,6,999,358,41,115,-1,-1,-1,-1
14, 18624.jpg,7,635,349,39,112,-1,-1,-1,-1
14, 18624.jpg,8,496,346,58,91,-1,-1,-1,-1
14, 18624.jpg,9,273,419,57,109,-1,-1,-1,-1
14, 18624.jpg,10,372,371,39,67,-1,-1,-1,-1
14, 18624.jpg,11,1026,316,54,94,-1,-1,-1,-1
14, 18624.jpg,13,694,342,46,115,-1,-1,-1,-1
15, 18625.jpg,1,729,317,27,75,-1,-1,-1,-1
15, 18625.jpg,3,878,377,52,107,-1,-1,-1,-1
15, 18625.jpg,4,398,283,42,84,-1,-1,-1,-1
15, 18625.jpg,5,171,348,49,111,-1,-1,-1,-1
15, 18625.jpg,6,1013,345,40,108,-1,-1,-1,-1
15, 18625.jpg,7,639,350,39,111,-1,-1,-1,-1
15, 18625.jpg,8,496,346,58,93,-1,-1,-1,-1
15, 18625.jpg,9,274,417,56,110,-1,-1,-1,-1
15, 18625.jpg,10,376,367,41,72,-1,-1,-1,-1
15, 18625.jpg,11,1028,316,54,95,-1,-1,-1,-1
15, 18625.jpg,13,706,350,44,110,-1,-1,-1,-1
16, 18626.jpg,3,881,376,53,109,-1,-1,-1,-1
16, 18626.jpg,4,403,280,43,87,-1,-1,-1,-1
16, 18626.jpg,5,174,349,49,111,-1,-1,-1,-1
16, 18626.jpg,6,1010,351,43,114,-1,-1,-1,-1
16, 18626.jpg,7,642,350,39,113,-1,-1,-1,-1
16, 18626.jpg,8,498,346,58,97,-1,-1,-1,-1
16, 18626.jpg,9,274,414,56,113,-1,-1,-1,-1
16, 18626.jpg,10,379,362,43,77,-1,-1,-1,-1
16, 18626.jpg,11,1024,319,49,87,-1,-1,-1,-1
16, 18626.jpg,13,712,351,46,112,-1,-1,-1,-1
16, 18626.jpg,16,718,329,32,97,-1,-1,-1,-1
17, 18627.jpg,3,884,378,52,106,-1,-1,-1,-1
17, 18627.jpg,4,407,278,44,85,-1,-1,-1,-1
17, 18627.jpg,5,177,350,49,112,-1,-1,-1,-1
17, 18627.jpg,6,1011,350,44,117,-1,-1,-1,-1
17, 18627.jpg,7,645,350,40,114,-1,-1,-1,-1
17, 18627.jpg,8,500,345,58,99,-1,-1,-1,-1
17, 18627.jpg,9,274,412,57,115,-1,-1,-1,-1
17, 18627.jpg,10,381,358,45,79,-1,-1,-1,-1
17, 18627.jpg,11,1018,318,49,89,-1,-1,-1,-1
17, 18627.jpg,13,714,349,47,114,-1,-1,-1,-1
17, 18627.jpg,16,722,319,31,93,-1,-1,-1,-1
18, 18628.jpg,3,888,378,50,104,-1,-1,-1,-1
18, 18628.jpg,4,410,274,46,90,-1,-1,-1,-1
18, 18628.jpg,5,182,349,50,113,-1,-1,-1,-1
18, 18628.jpg,6,1015,357,41,110,-1,-1,-1,-1
18, 18628.jpg,7,648,351,42,117,-1,-1,-1,-1
18, 18628.jpg,8,504,344,58,103,-1,-1,-1,-1
18, 18628.jpg,9,275,411,57,117,-1,-1,-1,-1
18, 18628.jpg,10,383,354,45,82,-1,-1,-1,-1
18, 18628.jpg,11,1016,320,45,83,-1,-1,-1,-1
18, 18628.jpg,13,709,338,48,114,-1,-1,-1,-1
18, 18628.jpg,16,725,316,30,91,-1,-1,-1,-1
19, 18629.jpg,3,893,379,49,103,-1,-1,-1,-1
19, 18629.jpg,4,418,272,45,86,-1,-1,-1,-1
19, 18629.jpg,5,187,351,50,111,-1,-1,-1,-1
19, 18629.jpg,6,1019,359,41,109,-1,-1,-1,-1
19, 18629.jpg,7,650,353,43,118,-1,-1,-1,-1
19, 18629.jpg,8,507,343,58,105,-1,-1,-1,-1
19, 18629.jpg,9,275,411,57,119,-1,-1,-1,-1
19, 18629.jpg,10,384,351,46,84,-1,-1,-1,-1
19, 18629.jpg,11,1018,324,41,77,-1,-1,-1,-1
19, 18629.jpg,13,711,337,50,117,-1,-1,-1,-1
20, 18630.jpg,3,897,378,49,106,-1,-1,-1,-1
20, 18630.jpg,4,424,270,45,84,-1,-1,-1,-1
20, 18630.jpg,5,192,353,49,108,-1,-1,-1,-1
20, 18630.jpg,6,1023,355,42,113,-1,-1,-1,-1
20, 18630.jpg,7,652,357,43,117,-1,-1,-1,-1
20, 18630.jpg,8,510,343,56,105,-1,-1,-1,-1
20, 18630.jpg,9,275,412,58,121,-1,-1,-1,-1
20, 18630.jpg,10,388,351,45,83,-1,-1,-1,-1
20, 18630.jpg,11,1018,324,42,80,-1,-1,-1,-1
20, 18630.jpg,13,715,327,48,114,-1,-1,-1,-1
21, 18631.jpg,3,903,379,46,105,-1,-1,-1,-1
21, 18631.jpg,4,433,268,43,81,-1,-1,-1,-1
21, 18631.jpg,5,199,356,47,104,-1,-1,-1,-1
21, 18631.jpg,6,1024,348,46,119,-1,-1,-1,-1
21, 18631.jpg,7,654,360,42,115,-1,-1,-1,-1
21, 18631.jpg,8,513,340,57,111,-1,-1,-1,-1
21, 18631.jpg,9,276,415,57,121,-1,-1,-1,-1
21, 18631.jpg,10,391,349,45,84,-1,-1,-1,-1
21, 18631.jpg,11,1018,325,42,79,-1,-1,-1,-1
21, 18631.jpg,13,719,330,47,110,-1,-1,-1,-1
22, 18632.jpg,3,906,378,46,106,-1,-1,-1,-1
22, 18632.jpg,4,437,266,44,82,-1,-1,-1,-1
22, 18632.jpg,5,204,359,47,101,-1,-1,-1,-1
22, 18632.jpg,6,1023,342,46,115,-1,-1,-1,-1
22, 18632.jpg,7,659,361,42,114,-1,-1,-1,-1
22, 18632.jpg,8,515,339,56,111,-1,-1,-1,-1
22, 18632.jpg,9,277,418,55,121,-1,-1,-1,-1
22, 18632.jpg,10,393,348,45,82,-1,-1,-1,-1
22, 18632.jpg,13,724,318,45,106,-1,-1,-1,-1
23, 18633.jpg,3,909,378,47,108,-1,-1,-1,-1
23, 18633.jpg,4,442,265,42,78,-1,-1,-1,-1
23, 18633.jpg,5,207,361,47,98,-1,-1,-1,-1
23, 18633.jpg,6,1028,348,48,118,-1,-1,-1,-1
23, 18633.jpg,7,660,361,43,114,-1,-1,-1,-1
23, 18633.jpg,8,517,338,56,111,-1,-1,-1,-1
23, 18633.jpg,9,276,420,55,123,-1,-1,-1,-1
23, 18633.jpg,10,393,346,45,81,-1,-1,-1,-1
23, 18633.jpg,11,1006,319,49,92,-1,-1,-1,-1
23, 18633.jpg,13,722,316,46,109,-1,-1,-1,-1
24, 18634.jpg,3,913,381,46,108,-1,-1,-1,-1
24, 18634.jpg,4,446,265,42,77,-1,-1,-1,-1
24, 18634.jpg,5,210,362,48,96,-1,-1,-1,-1
24, 18634.jpg,6,1025,344,51,120,-1,-1,-1,-1
24, 18634.jpg,7,660,361,44,114,-1,-1,-1,-1
24, 18634.jpg,8,518,338,56,113,-1,-1,-1,-1
24, 18634.jpg,9,276,423,53,119,-1,-1,-1,-1
24, 18634.jpg,10,393,344,44,80,-1,-1,-1,-1
24, 18634.jpg,11,1004,318,50,94,-1,-1,-1,-1
24, 18634.jpg,13,721,310,40,95,-1,-1,-1,-1
24, 18634.jpg,16,731,359,39,114,-1,-1,-1,-1
24, 18634.jpg,18,36,274,45,95,-1,-1,-1,-1
25, 18635.jpg,3,915,383,44,106,-1,-1,-1,-1
25, 18635.jpg,4,451,267,40,74,-1,-1,-1,-1
25, 18635.jpg,5,213,363,50,96,-1,-1,-1,-1
25, 18635.jpg,6,1031,351,50,118,-1,-1,-1,-1
25, 18635.jpg,7,661,362,45,112,-1,-1,-1,-1
25, 18635.jpg,8,520,339,55,112,-1,-1,-1,-1
25, 18635.jpg,9,273,425,52,120,-1,-1,-1,-1
25, 18635.jpg,10,392,344,43,78,-1,-1,-1,-1
25, 18635.jpg,11,1000,318,51,97,-1,-1,-1,-1
25, 18635.jpg,13,726,313,38,91,-1,-1,-1,-1
25, 18635.jpg,16,730,360,41,122,-1,-1,-1,-1
25, 18635.jpg,18,36,274,46,94,-1,-1,-1,-1
26, 18636.jpg,3,916,384,44,105,-1,-1,-1,-1
26, 18636.jpg,4,453,267,41,74,-1,-1,-1,-1
26, 18636.jpg,5,216,365,51,93,-1,-1,-1,-1
26, 18636.jpg,6,1034,354,50,115,-1,-1,-1,-1
26, 18636.jpg,7,662,363,44,111,-1,-1,-1,-1
26, 18636.jpg,8,518,339,56,113,-1,-1,-1,-1
26, 18636.jpg,9,271,428,51,118,-1,-1,-1,-1
26, 18636.jpg,10,391,343,43,78,-1,-1,-1,-1
26, 18636.jpg,11,995,321,50,96,-1,-1,-1,-1
26, 18636.jpg,13,729,311,37,88,-1,-1,-1,-1
26, 18636.jpg,16,729,349,38,112,-1,-1,-1,-1
26, 18636.jpg,18,37,274,45,94,-1,-1,-1,-1
27, 18637.jpg,3,917,386,42,103,-1,-1,-1,-1
27, 18637.jpg,4,456,268,40,72,-1,-1,-1,-1
27, 18637.jpg,5,217,366,53,93,-1,-1,-1,-1
27, 18637.jpg,6,1035,353,51,117,-1,-1,-1,-1
27, 18637.jpg,7,662,365,44,108,-1,-1,-1,-1
27, 18637.jpg,8,516,341,54,111,-1,-1,-1,-1
27, 18637.jpg,9,267,430,52,121,-1,-1,-1,-1
27, 18637.jpg,10,389,342,44,79,-1,-1,-1,-1
27, 18637.jpg,11,992,325,47,93,-1,-1,-1,-1
27, 18637.jpg,16,731,368,38,110,-1,-1,-1,-1
27, 18637.jpg,18,37,274,45,94,-1,-1,-1,-1
28, 18638.jpg,3,916,386,43,107,-1,-1,-1,-1
28, 18638.jpg,4,457,268,41,72,-1,-1,-1,-1
28, 18638.jpg,5,218,365,56,94,-1,-1,-1,-1
28, 18638.jpg,6,1036,355,50,114,-1,-1,-1,-1
28, 18638.jpg,7,661,366,45,109,-1,-1,-1,-1
28, 18638.jpg,8,514,340,55,115,-1,-1,-1,-1
28, 18638.jpg,9,264,433,52,119,-1,-1,-1,-1
28, 18638.jpg,10,388,343,44,79,-1,-1,-1,-1
28, 18638.jpg,11,989,328,46,91,-1,-1,-1,-1
28, 18638.jpg,16,733,372,37,111,-1,-1,-1,-1
28, 18638.jpg,18,36,275,46,93,-1,-1,-1,-1
29, 18639.jpg,3,916,387,43,108,-1,-1,-1,-1
29, 18639.jpg,4,457,267,42,74,-1,-1,-1,-1
29, 18639.jpg,5,219,364,60,98,-1,-1,-1,-1
29, 18639.jpg,6,1036,356,50,113,-1,-1,-1,-1
29, 18639.jpg,7,659,368,44,106,-1,-1,-1,-1
29, 18639.jpg,8,514,344,53,113,-1,-1,-1,-1
29, 18639.jpg,9,259,436,51,118,-1,-1,-1,-1
29, 18639.jpg,10,384,341,45,82,-1,-1,-1,-1
29, 18639.jpg,11,984,328,45,90,-1,-1,-1,-1
29, 18639.jpg,13,723,323,42,99,-1,-1,-1,-1
29, 18639.jpg,16,728,372,39,116,-1,-1,-1,-1
29, 18639.jpg,18,35,275,45,93,-1,-1,-1,-1
30, 18640.jpg,3,915,388,44,109,-1,-1,-1,-1
30, 18640.jpg,4,458,265,44,74,-1,-1,-1,-1
30, 18640.jpg,5,222,363,61,98,-1,-1,-1,-1
30, 18640.jpg,6,1034,357,51,113,-1,-1,-1,-1
30, 18640.jpg,7,658,369,43,105,-1,-1,-1,-1
30, 18640.jpg,8,513,347,52,112,-1,-1,-1,-1
30, 18640.jpg,9,256,438,51,117,-1,-1,-1,-1
30, 18640.jpg,10,379,341,47,83,-1,-1,-1,-1
30, 18640.jpg,11,979,330,43,88,-1,-1,-1,-1
30, 18640.jpg,13,722,316,37,87,-1,-1,-1,-1
30, 18640.jpg,16,725,361,36,103,-1,-1,-1,-1
30, 18640.jpg,18,34,275,45,93,-1,-1,-1,-1
31, 18641.jpg,3,913,390,44,109,-1,-1,-1,-1
31, 18641.jpg,4,459,267,45,73,-1,-1,-1,-1
31, 18641.jpg,5,228,364,61,95,-1,-1,-1,-1
31, 18641.jpg,6,1034,358,51,111,-1,-1,-1,-1
31, 18641.jpg,7,656,367,44,107,-1,-1,-1,-1
31, 18641.jpg,8,513,352,48,106,-1,-1,-1,-1
31, 18641.jpg,9,253,440,50,116,-1,-1,-1,-1
31, 18641.jpg,10,374,338,50,87,-1,-1,-1,-1
31, 18641.jpg,11,972,330,45,88,-1,-1,-1,-1
31, 18641.jpg,13,720,337,38,91,-1,-1,-1,-1
31, 18641.jpg,16,727,378,35,100,-1,-1,-1,-1
31, 18641.jpg,18,33,276,45,93,-1,-1,-1,-1
32, 18642.jpg,3,912,392,44,109,-1,-1,-1,-1
32, 18642.jpg,4,464,268,43,70,-1,-1,-1,-1
32, 18642.jpg,5,232,363,62,96,-1,-1,-1,-1
32, 18642.jpg,6,1033,359,51,109,-1,-1,-1,-1
32, 18642.jpg,7,654,365,45,109,-1,-1,-1,-1
32, 18642.jpg,8,513,357,46,104,-1,-1,-1,-1
32, 18642.jpg,9,249,443,51,114,-1,-1,-1,-1
32, 18642.jpg,10,373,336,50,87,-1,-1,-1,-1
32, 18642.jpg,11,965,330,46,89,-1,-1,-1,-1
32, 18642.jpg,13,718,320,35,82,-1,-1,-1,-1
32, 18642.jpg,16,726,388,34,96,-1,-1,-1,-1
32, 18642.jpg,18,33,277,45,92,-1,-1,-1,-1
33, 18643.jpg,3,911,394,45,108,-1,-1,-1,-1
33, 18643.jpg,4,467,265,46,74,-1,-1,-1,-1
33, 18643.jpg,5,236,363,63,94,-1,-1,-1,-1
33, 18643.jpg,6,1033,358,51,109,-1,-1,-1,-1
33, 18643.jpg,7,652,362,46,111,-1,-1,-1,-1
33, 18643.jpg,8,512,362,45,100,-1,-1,-1,-1
33, 18643.jpg,9,246,445,52,116,-1,-1,-1,-1
33, 18643.jpg,10,371,332,51,89,-1,-1,-1,-1
33, 18643.jpg,11,961,331,45,88,-1,-1,-1,-1
33, 18643.jpg,13,714,323,39,92,-1,-1,-1,-1
33, 18643.jpg,16,723,387,36,101,-1,-1,-1,-1
34, 18644.jpg,3,909,395,44,106,-1,-1,-1,-1
34, 18644.jpg,4,470,264,46,74,-1,-1,-1,-1
34, 18644.jpg,5,239,360,66,97,-1,-1,-1,-1
34, 18644.jpg,6,1033,358,51,108,-1,-1,-1,-1
34, 18644.jpg,7,650,356,48,117,-1,-1,-1,-1
34, 18644.jpg,8,511,365,45,98,-1,-1,-1,-1
34, 18644.jpg,9,244,448,51,115,-1,-1,-1,-1
34, 18644.jpg,10,371,330,50,88,-1,-1,-1,-1
34, 18644.jpg,11,955,332,45,86,-1,-1,-1,-1
34, 18644.jpg,13,712,332,40,95,-1,-1,-1,-1
34, 18644.jpg,16,720,387,37,102,-1,-1,-1,-1
35, 18645.jpg,3,909,397,43,103,-1,-1,-1,-1
35, 18645.jpg,4,471,263,46,74,-1,-1,-1,-1
35, 18645.jpg,5,241,358,67,98,-1,-1,-1,-1
35, 18645.jpg,6,1033,359,50,106,-1,-1,-1,-1
35, 18645.jpg,7,648,349,49,122,-1,-1,-1,-1
35, 18645.jpg,8,510,366,44,98,-1,-1,-1,-1
35, 18645.jpg,9,244,453,49,111,-1,-1,-1,-1
35, 18645.jpg,10,369,328,51,89,-1,-1,-1,-1
35, 18645.jpg,11,949,332,45,85,-1,-1,-1,-1
35, 18645.jpg,13,709,326,42,97,-1,-1,-1,-1
35, 18645.jpg,16,718,387,37,101,-1,-1,-1,-1
35, 18645.jpg,18,27,278,43,88,-1,-1,-1,-1
36, 18646.jpg,3,907,396,43,104,-1,-1,-1,-1
36, 18646.jpg,4,473,262,47,76,-1,-1,-1,-1
36, 18646.jpg,5,243,357,68,97,-1,-1,-1,-1
36, 18646.jpg,6,1033,359,49,104,-1,-1,-1,-1
36, 18646.jpg,7,647,343,51,128,-1,-1,-1,-1
36, 18646.jpg,8,509,367,44,98,-1,-1,-1,-1
36, 18646.jpg,9,243,460,48,107,-1,-1,-1,-1
36, 18646.jpg,10,367,325,53,91,-1,-1,-1,-1
36, 18646.jpg,11,943,335,44,82,-1,-1,-1,-1
36, 18646.jpg,13,710,315,36,85,-1,-1,-1,-1
36, 18646.jpg,16,717,388,37,105,-1,-1,-1,-1
36, 18646.jpg,18,24,277,44,89,-1,-1,-1,-1
37, 18647.jpg,3,905,397,42,101,-1,-1,-1,-1
37, 18647.jpg,4,475,262,47,77,-1,-1,-1,-1
37, 18647.jpg,5,246,353,70,99,-1,-1,-1,-1
37, 18647.jpg,6,1032,359,48,103,-1,-1,-1,-1
37, 18647.jpg,7,645,336,50,129,-1,-1,-1,-1
37, 18647.jpg,8,509,368,44,98,-1,-1,-1,-1
37, 18647.jpg,9,240,466,49,107,-1,-1,-1,-1
37, 18647.jpg,10,368,322,52,89,-1,-1,-1,-1
37, 18647.jpg,11,936,335,44,83,-1,-1,-1,-1
37, 18647.jpg,13,706,328,41,98,-1,-1,-1,-1
37, 18647.jpg,16,711,382,43,122,-1,-1,-1,-1
37, 18647.jpg,18,23,277,43,88,-1,-1,-1,-1
38, 18648.jpg,3,903,398,41,98,-1,-1,-1,-1
38, 18648.jpg,4,479,262,46,77,-1,-1,-1,-1
38, 18648.jpg,5,253,351,71,100,-1,-1,-1,-1
38, 18648.jpg,6,1032,359,47,103,-1,-1,-1,-1
38, 18648.jpg,7,644,334,48,125,-1,-1,-1,-1
38, 18648.jpg,8,508,371,43,97,-1,-1,-1,-1
38, 18648.jpg,9,237,471,50,105,-1,-1,-1,-1
38, 18648.jpg,10,366,319,52,90,-1,-1,-1,-1
38, 18648.jpg,11,931,336,43,81,-1,-1,-1,-1
38, 18648.jpg,13,702,317,39,92,-1,-1,-1,-1
38, 18648.jpg,16,710,389,40,114,-1,-1,-1,-1
39, 18649.jpg,3,901,399,41,98,-1,-1,-1,-1
39, 18649.jpg,4,481,263,46,76,-1,-1,-1,-1
39, 18649.jpg,5,260,351,70,101,-1,-1,-1,-1
39, 18649.jpg,6,1031,359,47,104,-1,-1,-1,-1
39, 18649.jpg,7,642,328,48,127,-1,-1,-1,-1
39, 18649.jpg,8,509,375,44,95,-1,-1,-1,-1
39, 18649.jpg,9,223,483,50,101,-1,-1,-1,-1
39, 18649.jpg,10,367,318,51,90,-1,-1,-1,-1
39, 18649.jpg,11,926,338,42,79,-1,-1,-1,-1
39, 18649.jpg,13,700,310,38,92,-1,-1,-1,-1
39, 18649.jpg,16,702,367,45,129,-1,-1,-1,-1
40, 18650.jpg,3,900,400,40,96,-1,-1,-1,-1
40, 18650.jpg,4,485,262,45,76,-1,-1,-1,-1
40, 18650.jpg,5,266,350,70,102,-1,-1,-1,-1
40, 18650.jpg,6,1030,360,47,103,-1,-1,-1,-1
40, 18650.jpg,7,641,327,46,121,-1,-1,-1,-1
40, 18650.jpg,8,509,378,43,91,-1,-1,-1,-1
40, 18650.jpg,9,222,486,52,98,-1,-1,-1,-1
40, 18650.jpg,10,366,317,51,89,-1,-1,-1,-1
40, 18650.jpg,11,923,339,41,77,-1,-1,-1,-1
40, 18650.jpg,13,698,307,37,90,-1,-1,-1,-1
40, 18650.jpg,16,699,372,45,131,-1,-1,-1,-1
