2, 21907.jpg,1,641,423,33,86,-1,-1,-1,-1
2, 21907.jpg,3,548,370,57,110,-1,-1,-1,-1
2, 21907.jpg,4,472,255,47,83,-1,-1,-1,-1
2, 21907.jpg,5,267,466,98,110,-1,-1,-1,-1
2, 21907.jpg,6,947,343,44,98,-1,-1,-1,-1
2, 21907.jpg,7,739,330,50,84,-1,-1,-1,-1
2, 21907.jpg,8,630,287,35,81,-1,-1,-1,-1
2, 21907.jpg,9,351,392,46,97,-1,-1,-1,-1
2, 21907.jpg,10,300,337,69,104,-1,-1,-1,-1
2, 21907.jpg,11,830,396,47,95,-1,-1,-1,-1
3, 21908.jpg,1,637,422,36,92,-1,-1,-1,-1
3, 21908.jpg,3,546,368,58,111,-1,-1,-1,-1
3, 21908.jpg,4,471,253,50,90,-1,-1,-1,-1
3, 21908.jpg,5,272,466,97,109,-1,-1,-1,-1
3, 21908.jpg,6,946,343,43,96,-1,-1,-1,-1
3, 21908.jpg,7,735,327,54,90,-1,-1,-1,-1
3, 21908.jpg,8,628,288,34,82,-1,-1,-1,-1
3, 21908.jpg,9,348,389,48,100,-1,-1,-1,-1
3, 21908.jpg,10,305,335,66,100,-1,-1,-1,-1
3, 21908.jpg,11,834,395,46,93,-1,-1,-1,-1
3, 21908.jpg,12,625,344,42,116,-1,-1,-1,-1
4, 21909.jpg,1,635,422,37,93,-1,-1,-1,-1
4, 21909.jpg,3,548,370,57,110,-1,-1,-1,-1
4, 21909.jpg,4,472,255,51,94,-1,-1,-1,-1
4, 21909.jpg,5,275,468,96,108,-1,-1,-1,-1
4, 21909.jpg,6,944,341,44,97,-1,-1,-1,-1
4, 21909.jpg,7,733,324,54,91,-1,-1,-1,-1
4, 21909.jpg,8,623,285,37,89,-1,-1,-1,-1
4, 21909.jpg,9,349,387,48,100,-1,-1,-1,-1
4, 21909.jpg,10,310,334,65,96,-1,-1,-1,-1
4, 21909.jpg,11,835,393,47,94,-1,-1,-1,-1
4, 21909.jpg,12,623,347,38,104,-1,-1,-1,-1
5, 21910.jpg,1,632,420,39,96,-1,-1,-1,-1
5, 21910.jpg,3,544,368,59,116,-1,-1,-1,-1
5, 21910.jpg,4,474,256,51,95,-1,-1,-1,-1
5, 21910.jpg,5,278,464,99,111,-1,-1,-1,-1
5, 21910.jpg,6,941,338,45,99,-1,-1,-1,-1
5, 21910.jpg,7,730,321,53,90,-1,-1,-1,-1
5, 21910.jpg,8,619,286,37,87,-1,-1,-1,-1
5, 21910.jpg,9,352,386,47,97,-1,-1,-1,-1
5, 21910.jpg,10,320,336,63,93,-1,-1,-1,-1
5, 21910.jpg,11,834,391,49,98,-1,-1,-1,-1
5, 21910.jpg,12,619,343,38,101,-1,-1,-1,-1
6, 21911.jpg,1,629,419,40,97,-1,-1,-1,-1
6, 21911.jpg,3,540,365,63,125,-1,-1,-1,-1
6, 21911.jpg,4,476,262,49,90,-1,-1,-1,-1
6, 21911.jpg,5,282,461,99,114,-1,-1,-1,-1
6, 21911.jpg,6,939,337,45,101,-1,-1,-1,-1
6, 21911.jpg,7,727,317,53,91,-1,-1,-1,-1
6, 21911.jpg,8,618,289,36,82,-1,-1,-1,-1
6, 21911.jpg,9,346,370,51,104,-1,-1,-1,-1
6, 21911.jpg,10,325,340,60,89,-1,-1,-1,-1
6, 21911.jpg,11,833,391,51,100,-1,-1,-1,-1
6, 21911.jpg,12,616,338,38,101,-1,-1,-1,-1
7, 21912.jpg,1,626,422,39,96,-1,-1,-1,-1
7, 21912.jpg,3,536,364,66,131,-1,-1,-1,-1
7, 21912.jpg,4,479,268,45,84,-1,-1,-1,-1
7, 21912.jpg,5,287,459,99,117,-1,-1,-1,-1
7, 21912.jpg,6,937,337,45,100,-1,-1,-1,-1
7, 21912.jpg,7,724,314,53,91,-1,-1,-1,-1
7, 21912.jpg,8,619,292,33,73,-1,-1,-1,-1
7, 21912.jpg,9,347,369,50,103,-1,-1,-1,-1
7, 21912.jpg,10,336,340,55,82,-1,-1,-1,-1
7, 21912.jpg,11,832,391,52,100,-1,-1,-1,-1
7, 21912.jpg,12,613,334,38,102,-1,-1,-1,-1
8, 21913.jpg,1,626,426,40,93,-1,-1,-1,-1
8, 21913.jpg,3,534,366,65,134,-1,-1,-1,-1
8, 21913.jpg,4,479,270,45,83,-1,-1,-1,-1
8, 21913.jpg,5,291,455,99,123,-1,-1,-1,-1
8, 21913.jpg,6,935,336,45,100,-1,-1,-1,-1
8, 21913.jpg,7,725,314,50,86,-1,-1,-1,-1
8, 21913.jpg,8,616,295,34,69,-1,-1,-1,-1
8, 21913.jpg,9,348,365,52,107,-1,-1,-1,-1
8, 21913.jpg,10,343,343,54,82,-1,-1,-1,-1
8, 21913.jpg,11,832,390,52,101,-1,-1,-1,-1
8, 21913.jpg,12,608,324,41,108,-1,-1,-1,-1
9, 21914.jpg,1,626,428,41,92,-1,-1,-1,-1
9, 21914.jpg,3,533,369,63,135,-1,-1,-1,-1
9, 21914.jpg,4,480,269,46,85,-1,-1,-1,-1
9, 21914.jpg,5,294,451,97,124,-1,-1,-1,-1
9, 21914.jpg,6,933,336,46,99,-1,-1,-1,-1
9, 21914.jpg,7,726,313,49,84,-1,-1,-1,-1
9, 21914.jpg,8,610,299,34,69,-1,-1,-1,-1
9, 21914.jpg,9,353,374,48,100,-1,-1,-1,-1
9, 21914.jpg,10,349,344,52,79,-1,-1,-1,-1
9, 21914.jpg,11,834,391,51,99,-1,-1,-1,-1
9, 21914.jpg,12,603,330,38,100,-1,-1,-1,-1
10, 21915.jpg,1,627,429,43,91,-1,-1,-1,-1
10, 21915.jpg,3,531,374,63,136,-1,-1,-1,-1
10, 21915.jpg,4,478,269,47,85,-1,-1,-1,-1
10, 21915.jpg,5,298,448,97,127,-1,-1,-1,-1
10, 21915.jpg,6,931,335,47,100,-1,-1,-1,-1
10, 21915.jpg,7,725,312,49,85,-1,-1,-1,-1
10, 21915.jpg,8,598,296,37,74,-1,-1,-1,-1
10, 21915.jpg,9,351,357,47,98,-1,-1,-1,-1
10, 21915.jpg,11,835,391,50,99,-1,-1,-1,-1
10, 21915.jpg,12,596,321,41,107,-1,-1,-1,-1
11, 21916.jpg,1,627,427,48,94,-1,-1,-1,-1
11, 21916.jpg,3,529,385,60,135,-1,-1,-1,-1
11, 21916.jpg,4,475,267,47,88,-1,-1,-1,-1
11, 21916.jpg,5,303,445,94,127,-1,-1,-1,-1
11, 21916.jpg,6,929,335,49,103,-1,-1,-1,-1
11, 21916.jpg,7,726,312,46,81,-1,-1,-1,-1
11, 21916.jpg,8,592,301,38,78,-1,-1,-1,-1
11, 21916.jpg,9,356,370,46,95,-1,-1,-1,-1
11, 21916.jpg,11,836,393,49,98,-1,-1,-1,-1
11, 21916.jpg,12,593,318,40,107,-1,-1,-1,-1
12, 21917.jpg,1,627,428,51,91,-1,-1,-1,-1
12, 21917.jpg,3,526,389,60,136,-1,-1,-1,-1
12, 21917.jpg,4,470,262,51,94,-1,-1,-1,-1
12, 21917.jpg,5,305,444,92,128,-1,-1,-1,-1
12, 21917.jpg,6,928,336,49,104,-1,-1,-1,-1
12, 21917.jpg,7,722,312,47,81,-1,-1,-1,-1
12, 21917.jpg,8,586,299,36,75,-1,-1,-1,-1
12, 21917.jpg,9,356,368,46,95,-1,-1,-1,-1
12, 21917.jpg,10,350,340,63,97,-1,-1,-1,-1
12, 21917.jpg,11,836,394,49,97,-1,-1,-1,-1
12, 21917.jpg,12,589,319,36,97,-1,-1,-1,-1
13, 21918.jpg,1,627,429,54,90,-1,-1,-1,-1
13, 21918.jpg,3,528,403,53,124,-1,-1,-1,-1
13, 21918.jpg,4,465,255,55,102,-1,-1,-1,-1
13, 21918.jpg,5,308,447,88,124,-1,-1,-1,-1
13, 21918.jpg,6,927,338,49,104,-1,-1,-1,-1
13, 21918.jpg,7,720,311,47,81,-1,-1,-1,-1
13, 21918.jpg,8,581,300,37,75,-1,-1,-1,-1
13, 21918.jpg,9,357,375,46,94,-1,-1,-1,-1
13, 21918.jpg,10,354,340,63,98,-1,-1,-1,-1
13, 21918.jpg,11,835,395,49,94,-1,-1,-1,-1
13, 21918.jpg,12,583,312,37,101,-1,-1,-1,-1
14, 21919.jpg,1,624,428,59,92,-1,-1,-1,-1
14, 21919.jpg,3,528,411,50,120,-1,-1,-1,-1
14, 21919.jpg,4,463,248,57,108,-1,-1,-1,-1
14, 21919.jpg,5,312,449,82,120,-1,-1,-1,-1
14, 21919.jpg,6,928,341,46,99,-1,-1,-1,-1
14, 21919.jpg,7,719,310,46,81,-1,-1,-1,-1
14, 21919.jpg,9,357,378,45,89,-1,-1,-1,-1
14, 21919.jpg,10,354,329,59,92,-1,-1,-1,-1
14, 21919.jpg,11,837,398,49,91,-1,-1,-1,-1
14, 21919.jpg,12,579,308,38,101,-1,-1,-1,-1
15, 21920.jpg,1,622,426,63,94,-1,-1,-1,-1
15, 21920.jpg,3,526,415,51,120,-1,-1,-1,-1
15, 21920.jpg,4,460,243,56,107,-1,-1,-1,-1
15, 21920.jpg,5,314,450,78,117,-1,-1,-1,-1
15, 21920.jpg,6,927,341,45,96,-1,-1,-1,-1
15, 21920.jpg,7,716,308,48,85,-1,-1,-1,-1
15, 21920.jpg,8,570,296,36,77,-1,-1,-1,-1
15, 21920.jpg,9,358,378,44,88,-1,-1,-1,-1
15, 21920.jpg,10,356,334,57,92,-1,-1,-1,-1
15, 21920.jpg,11,838,400,50,89,-1,-1,-1,-1
15, 21920.jpg,12,575,304,37,101,-1,-1,-1,-1
15, 21920.jpg,13,522,381,39,117,-1,-1,-1,-1
16, 21921.jpg,1,619,424,66,96,-1,-1,-1,-1
16, 21921.jpg,3,518,400,54,129,-1,-1,-1,-1
16, 21921.jpg,4,458,239,55,105,-1,-1,-1,-1
16, 21921.jpg,5,317,451,76,117,-1,-1,-1,-1
16, 21921.jpg,6,925,342,46,94,-1,-1,-1,-1
16, 21921.jpg,7,713,305,51,89,-1,-1,-1,-1
16, 21921.jpg,8,565,296,36,78,-1,-1,-1,-1
16, 21921.jpg,9,357,374,46,94,-1,-1,-1,-1
16, 21921.jpg,10,353,323,54,91,-1,-1,-1,-1
16, 21921.jpg,11,838,401,51,87,-1,-1,-1,-1
16, 21921.jpg,12,567,281,36,97,-1,-1,-1,-1
16, 21921.jpg,13,514,383,37,113,-1,-1,-1,-1
17, 21922.jpg,1,618,422,70,101,-1,-1,-1,-1
17, 21922.jpg,3,518,401,51,124,-1,-1,-1,-1
17, 21922.jpg,4,458,235,54,104,-1,-1,-1,-1
17, 21922.jpg,5,318,452,74,114,-1,-1,-1,-1
17, 21922.jpg,6,922,339,48,98,-1,-1,-1,-1
17, 21922.jpg,7,714,302,51,90,-1,-1,-1,-1
17, 21922.jpg,9,356,373,47,96,-1,-1,-1,-1
17, 21922.jpg,10,353,317,52,92,-1,-1,-1,-1
17, 21922.jpg,11,837,401,54,88,-1,-1,-1,-1
17, 21922.jpg,12,564,287,41,112,-1,-1,-1,-1
17, 21922.jpg,13,510,383,39,117,-1,-1,-1,-1
18, 21923.jpg,1,616,420,73,104,-1,-1,-1,-1
18, 21923.jpg,3,516,402,51,125,-1,-1,-1,-1
18, 21923.jpg,4,456,231,52,101,-1,-1,-1,-1
18, 21923.jpg,5,319,452,73,114,-1,-1,-1,-1
18, 21923.jpg,6,920,337,49,100,-1,-1,-1,-1
18, 21923.jpg,7,717,300,49,89,-1,-1,-1,-1
18, 21923.jpg,9,356,372,47,96,-1,-1,-1,-1
18, 21923.jpg,10,352,334,51,90,-1,-1,-1,-1
18, 21923.jpg,11,835,399,56,89,-1,-1,-1,-1
18, 21923.jpg,12,562,285,41,117,-1,-1,-1,-1
18, 21923.jpg,13,497,380,38,115,-1,-1,-1,-1
19, 21924.jpg,1,617,418,75,109,-1,-1,-1,-1
19, 21924.jpg,3,517,392,52,133,-1,-1,-1,-1
19, 21924.jpg,4,456,231,50,98,-1,-1,-1,-1
19, 21924.jpg,5,320,452,71,113,-1,-1,-1,-1
19, 21924.jpg,6,920,336,49,100,-1,-1,-1,-1
19, 21924.jpg,7,718,296,50,91,-1,-1,-1,-1
19, 21924.jpg,9,355,370,46,95,-1,-1,-1,-1
19, 21924.jpg,10,352,323,50,90,-1,-1,-1,-1
19, 21924.jpg,11,831,395,59,93,-1,-1,-1,-1
19, 21924.jpg,12,561,283,40,118,-1,-1,-1,-1
19, 21924.jpg,13,493,380,39,114,-1,-1,-1,-1
20, 21925.jpg,1,621,417,74,110,-1,-1,-1,-1
20, 21925.jpg,3,515,393,52,134,-1,-1,-1,-1
20, 21925.jpg,4,455,229,50,100,-1,-1,-1,-1
20, 21925.jpg,5,319,452,70,113,-1,-1,-1,-1
20, 21925.jpg,6,920,334,50,101,-1,-1,-1,-1
20, 21925.jpg,7,721,295,48,91,-1,-1,-1,-1
20, 21925.jpg,9,350,342,54,116,-1,-1,-1,-1
20, 21925.jpg,10,353,321,50,90,-1,-1,-1,-1
20, 21925.jpg,11,829,392,62,96,-1,-1,-1,-1
20, 21925.jpg,12,560,274,41,123,-1,-1,-1,-1
20, 21925.jpg,13,499,384,42,121,-1,-1,-1,-1
21, 21926.jpg,1,624,415,73,111,-1,-1,-1,-1
21, 21926.jpg,3,511,391,48,128,-1,-1,-1,-1
21, 21926.jpg,4,456,227,50,103,-1,-1,-1,-1
21, 21926.jpg,5,319,451,68,112,-1,-1,-1,-1
21, 21926.jpg,6,920,331,50,103,-1,-1,-1,-1
21, 21926.jpg,7,724,293,48,90,-1,-1,-1,-1
21, 21926.jpg,9,349,332,55,119,-1,-1,-1,-1
21, 21926.jpg,11,828,388,62,99,-1,-1,-1,-1
21, 21926.jpg,12,556,261,44,131,-1,-1,-1,-1
21, 21926.jpg,13,495,385,42,119,-1,-1,-1,-1
22, 21927.jpg,1,631,415,70,109,-1,-1,-1,-1
22, 21927.jpg,3,505,390,49,128,-1,-1,-1,-1
22, 21927.jpg,4,454,216,54,115,-1,-1,-1,-1
22, 21927.jpg,5,318,451,66,110,-1,-1,-1,-1
22, 21927.jpg,6,920,331,51,105,-1,-1,-1,-1
22, 21927.jpg,7,726,291,47,91,-1,-1,-1,-1
22, 21927.jpg,9,347,322,58,130,-1,-1,-1,-1
22, 21927.jpg,11,827,385,63,99,-1,-1,-1,-1
22, 21927.jpg,12,552,253,45,133,-1,-1,-1,-1
22, 21927.jpg,13,491,385,43,122,-1,-1,-1,-1
23, 21928.jpg,1,636,414,67,106,-1,-1,-1,-1
23, 21928.jpg,3,492,386,49,126,-1,-1,-1,-1
23, 21928.jpg,4,454,210,55,121,-1,-1,-1,-1
23, 21928.jpg,5,312,448,66,112,-1,-1,-1,-1
23, 21928.jpg,6,919,328,49,104,-1,-1,-1,-1
23, 21928.jpg,7,727,290,48,91,-1,-1,-1,-1
23, 21928.jpg,9,346,318,59,132,-1,-1,-1,-1
23, 21928.jpg,10,351,326,48,87,-1,-1,-1,-1
23, 21928.jpg,11,827,382,62,98,-1,-1,-1,-1
23, 21928.jpg,12,550,250,44,130,-1,-1,-1,-1
24, 21929.jpg,1,641,414,66,104,-1,-1,-1,-1
24, 21929.jpg,3,498,392,48,126,-1,-1,-1,-1
24, 21929.jpg,4,455,220,50,110,-1,-1,-1,-1
24, 21929.jpg,5,308,444,67,115,-1,-1,-1,-1
24, 21929.jpg,6,919,328,48,100,-1,-1,-1,-1
24, 21929.jpg,7,729,289,47,91,-1,-1,-1,-1
24, 21929.jpg,10,351,348,47,86,-1,-1,-1,-1
24, 21929.jpg,11,827,381,61,96,-1,-1,-1,-1
24, 21929.jpg,12,545,245,44,128,-1,-1,-1,-1
24, 21929.jpg,13,476,376,42,120,-1,-1,-1,-1
25, 21930.jpg,1,644,414,67,103,-1,-1,-1,-1
25, 21930.jpg,3,490,389,49,128,-1,-1,-1,-1
25, 21930.jpg,4,454,227,47,106,-1,-1,-1,-1
25, 21930.jpg,5,304,439,67,117,-1,-1,-1,-1
25, 21930.jpg,6,920,326,49,102,-1,-1,-1,-1
25, 21930.jpg,7,730,289,47,89,-1,-1,-1,-1
25, 21930.jpg,10,350,353,46,88,-1,-1,-1,-1
25, 21930.jpg,11,828,381,61,93,-1,-1,-1,-1
25, 21930.jpg,12,545,246,42,121,-1,-1,-1,-1
25, 21930.jpg,13,472,373,41,118,-1,-1,-1,-1
26, 21931.jpg,1,648,416,67,97,-1,-1,-1,-1
26, 21931.jpg,3,487,390,49,129,-1,-1,-1,-1
26, 21931.jpg,4,452,229,48,108,-1,-1,-1,-1
26, 21931.jpg,5,301,437,65,116,-1,-1,-1,-1
26, 21931.jpg,6,919,323,49,103,-1,-1,-1,-1
26, 21931.jpg,7,733,289,45,85,-1,-1,-1,-1
26, 21931.jpg,10,348,349,45,87,-1,-1,-1,-1
26, 21931.jpg,11,828,382,61,90,-1,-1,-1,-1
26, 21931.jpg,12,546,248,39,114,-1,-1,-1,-1
26, 21931.jpg,13,467,372,42,119,-1,-1,-1,-1
26, 21931.jpg,14,351,307,35,80,-1,-1,-1,-1
27, 21932.jpg,1,653,416,70,96,-1,-1,-1,-1
27, 21932.jpg,3,485,392,48,126,-1,-1,-1,-1
27, 21932.jpg,4,449,231,48,109,-1,-1,-1,-1
27, 21932.jpg,5,294,435,64,114,-1,-1,-1,-1
27, 21932.jpg,6,919,322,51,107,-1,-1,-1,-1
27, 21932.jpg,7,735,288,43,81,-1,-1,-1,-1
27, 21932.jpg,10,347,346,42,83,-1,-1,-1,-1
27, 21932.jpg,11,827,381,60,87,-1,-1,-1,-1
27, 21932.jpg,12,542,246,40,113,-1,-1,-1,-1
27, 21932.jpg,13,467,373,41,115,-1,-1,-1,-1
27, 21932.jpg,14,347,305,37,82,-1,-1,-1,-1
28, 21933.jpg,1,656,416,73,94,-1,-1,-1,-1
28, 21933.jpg,3,486,394,47,123,-1,-1,-1,-1
28, 21933.jpg,4,448,233,49,111,-1,-1,-1,-1
28, 21933.jpg,5,290,434,62,113,-1,-1,-1,-1
28, 21933.jpg,6,918,323,51,106,-1,-1,-1,-1
28, 21933.jpg,7,736,286,44,79,-1,-1,-1,-1
28, 21933.jpg,10,344,348,44,85,-1,-1,-1,-1
28, 21933.jpg,11,827,382,59,84,-1,-1,-1,-1
28, 21933.jpg,12,539,249,38,110,-1,-1,-1,-1
28, 21933.jpg,13,462,371,41,116,-1,-1,-1,-1
28, 21933.jpg,14,344,310,38,85,-1,-1,-1,-1
29, 21934.jpg,1,654,416,74,91,-1,-1,-1,-1
29, 21934.jpg,3,477,389,47,125,-1,-1,-1,-1
29, 21934.jpg,4,446,235,51,115,-1,-1,-1,-1
29, 21934.jpg,5,283,434,62,111,-1,-1,-1,-1
29, 21934.jpg,6,918,324,51,104,-1,-1,-1,-1
29, 21934.jpg,7,735,284,45,78,-1,-1,-1,-1
29, 21934.jpg,10,342,345,46,87,-1,-1,-1,-1
29, 21934.jpg,11,826,384,58,80,-1,-1,-1,-1
29, 21934.jpg,12,540,257,37,103,-1,-1,-1,-1
29, 21934.jpg,13,459,370,39,112,-1,-1,-1,-1
29, 21934.jpg,14,339,300,39,87,-1,-1,-1,-1
30, 21935.jpg,1,650,417,75,87,-1,-1,-1,-1
30, 21935.jpg,3,476,391,46,123,-1,-1,-1,-1
30, 21935.jpg,4,444,239,52,115,-1,-1,-1,-1
30, 21935.jpg,5,278,433,61,111,-1,-1,-1,-1
30, 21935.jpg,6,920,330,48,97,-1,-1,-1,-1
30, 21935.jpg,7,733,284,47,80,-1,-1,-1,-1
30, 21935.jpg,10,340,348,45,82,-1,-1,-1,-1
30, 21935.jpg,11,822,387,56,75,-1,-1,-1,-1
30, 21935.jpg,12,528,258,37,99,-1,-1,-1,-1
30, 21935.jpg,13,450,368,40,116,-1,-1,-1,-1
30, 21935.jpg,14,335,295,39,86,-1,-1,-1,-1
31, 21936.jpg,1,645,416,78,89,-1,-1,-1,-1
31, 21936.jpg,3,473,391,46,123,-1,-1,-1,-1
31, 21936.jpg,4,442,252,46,103,-1,-1,-1,-1
31, 21936.jpg,5,273,433,62,112,-1,-1,-1,-1
31, 21936.jpg,6,917,332,48,96,-1,-1,-1,-1
31, 21936.jpg,7,735,284,47,79,-1,-1,-1,-1
31, 21936.jpg,8,501,253,47,106,-1,-1,-1,-1
31, 21936.jpg,10,336,349,45,80,-1,-1,-1,-1
31, 21936.jpg,11,817,386,57,76,-1,-1,-1,-1
31, 21936.jpg,12,531,266,35,96,-1,-1,-1,-1
31, 21936.jpg,13,451,372,41,117,-1,-1,-1,-1
31, 21936.jpg,14,332,289,38,85,-1,-1,-1,-1
32, 21937.jpg,1,639,416,83,91,-1,-1,-1,-1
32, 21937.jpg,3,460,385,47,126,-1,-1,-1,-1
32, 21937.jpg,4,439,258,46,101,-1,-1,-1,-1
32, 21937.jpg,5,267,432,61,110,-1,-1,-1,-1
32, 21937.jpg,6,915,338,46,88,-1,-1,-1,-1
32, 21937.jpg,7,733,283,47,80,-1,-1,-1,-1
32, 21937.jpg,8,484,259,49,102,-1,-1,-1,-1
32, 21937.jpg,9,329,314,40,88,-1,-1,-1,-1
32, 21937.jpg,10,333,352,44,76,-1,-1,-1,-1
32, 21937.jpg,11,810,385,60,76,-1,-1,-1,-1
32, 21937.jpg,12,527,271,36,94,-1,-1,-1,-1
32, 21937.jpg,13,446,368,38,113,-1,-1,-1,-1
32, 21937.jpg,14,329,286,39,87,-1,-1,-1,-1
33, 21938.jpg,1,634,412,87,94,-1,-1,-1,-1
33, 21938.jpg,3,454,385,48,129,-1,-1,-1,-1
33, 21938.jpg,4,436,263,46,99,-1,-1,-1,-1
33, 21938.jpg,5,261,429,64,114,-1,-1,-1,-1
33, 21938.jpg,6,910,341,44,83,-1,-1,-1,-1
33, 21938.jpg,7,731,281,48,82,-1,-1,-1,-1
33, 21938.jpg,8,479,257,50,103,-1,-1,-1,-1
33, 21938.jpg,9,321,284,42,94,-1,-1,-1,-1
33, 21938.jpg,10,328,353,46,76,-1,-1,-1,-1
33, 21938.jpg,11,804,382,62,79,-1,-1,-1,-1
33, 21938.jpg,12,513,268,38,96,-1,-1,-1,-1
33, 21938.jpg,13,442,367,38,113,-1,-1,-1,-1
34, 21939.jpg,1,629,409,91,98,-1,-1,-1,-1
34, 21939.jpg,3,448,387,47,126,-1,-1,-1,-1
34, 21939.jpg,4,431,263,47,103,-1,-1,-1,-1
34, 21939.jpg,5,255,425,66,120,-1,-1,-1,-1
34, 21939.jpg,6,903,345,44,78,-1,-1,-1,-1
34, 21939.jpg,7,730,279,48,82,-1,-1,-1,-1
34, 21939.jpg,8,483,260,46,102,-1,-1,-1,-1
34, 21939.jpg,9,317,278,40,92,-1,-1,-1,-1
34, 21939.jpg,10,321,352,47,77,-1,-1,-1,-1
34, 21939.jpg,11,796,379,66,84,-1,-1,-1,-1
34, 21939.jpg,12,517,273,38,93,-1,-1,-1,-1
34, 21939.jpg,13,438,368,37,108,-1,-1,-1,-1
35, 21940.jpg,1,625,406,94,103,-1,-1,-1,-1
35, 21940.jpg,3,443,392,44,119,-1,-1,-1,-1
35, 21940.jpg,4,426,262,48,106,-1,-1,-1,-1
35, 21940.jpg,5,246,424,66,120,-1,-1,-1,-1
35, 21940.jpg,6,893,348,47,75,-1,-1,-1,-1
35, 21940.jpg,7,730,278,46,81,-1,-1,-1,-1
35, 21940.jpg,8,481,262,44,102,-1,-1,-1,-1
35, 21940.jpg,9,309,275,39,91,-1,-1,-1,-1
35, 21940.jpg,10,313,348,50,82,-1,-1,-1,-1
35, 21940.jpg,11,787,376,70,89,-1,-1,-1,-1
35, 21940.jpg,12,519,273,38,94,-1,-1,-1,-1
35, 21940.jpg,13,434,368,37,107,-1,-1,-1,-1
36, 21941.jpg,1,621,403,96,108,-1,-1,-1,-1
36, 21941.jpg,3,438,391,45,121,-1,-1,-1,-1
36, 21941.jpg,4,418,259,49,107,-1,-1,-1,-1
36, 21941.jpg,5,237,420,67,124,-1,-1,-1,-1
36, 21941.jpg,6,882,349,52,77,-1,-1,-1,-1
36, 21941.jpg,7,729,276,45,79,-1,-1,-1,-1
36, 21941.jpg,8,476,258,44,107,-1,-1,-1,-1
36, 21941.jpg,9,304,273,38,91,-1,-1,-1,-1
36, 21941.jpg,10,304,347,50,81,-1,-1,-1,-1
36, 21941.jpg,11,779,373,73,93,-1,-1,-1,-1
36, 21941.jpg,12,519,272,38,96,-1,-1,-1,-1
37, 21942.jpg,1,621,400,95,109,-1,-1,-1,-1
37, 21942.jpg,3,430,385,49,130,-1,-1,-1,-1
37, 21942.jpg,4,412,260,48,105,-1,-1,-1,-1
37, 21942.jpg,5,229,417,67,127,-1,-1,-1,-1
37, 21942.jpg,6,879,357,48,65,-1,-1,-1,-1
37, 21942.jpg,7,729,274,46,79,-1,-1,-1,-1
37, 21942.jpg,8,474,260,42,104,-1,-1,-1,-1
37, 21942.jpg,9,296,272,40,97,-1,-1,-1,-1
37, 21942.jpg,10,295,346,51,82,-1,-1,-1,-1
37, 21942.jpg,11,772,372,75,95,-1,-1,-1,-1
37, 21942.jpg,12,517,268,40,100,-1,-1,-1,-1
38, 21943.jpg,1,624,400,92,110,-1,-1,-1,-1
38, 21943.jpg,3,425,386,47,127,-1,-1,-1,-1
38, 21943.jpg,4,404,255,50,108,-1,-1,-1,-1
38, 21943.jpg,5,221,416,65,125,-1,-1,-1,-1
38, 21943.jpg,6,877,363,47,59,-1,-1,-1,-1
38, 21943.jpg,7,727,273,48,79,-1,-1,-1,-1
38, 21943.jpg,8,469,260,42,105,-1,-1,-1,-1
38, 21943.jpg,9,291,295,39,94,-1,-1,-1,-1
38, 21943.jpg,10,291,346,51,82,-1,-1,-1,-1
38, 21943.jpg,11,764,370,77,100,-1,-1,-1,-1
38, 21943.jpg,12,516,266,39,99,-1,-1,-1,-1
39, 21944.jpg,1,626,399,91,112,-1,-1,-1,-1
39, 21944.jpg,3,418,381,49,132,-1,-1,-1,-1
39, 21944.jpg,4,397,253,51,109,-1,-1,-1,-1
39, 21944.jpg,5,214,413,65,128,-1,-1,-1,-1
39, 21944.jpg,6,869,365,49,55,-1,-1,-1,-1
39, 21944.jpg,7,726,271,50,81,-1,-1,-1,-1
39, 21944.jpg,8,467,262,40,105,-1,-1,-1,-1
39, 21944.jpg,9,286,280,39,96,-1,-1,-1,-1
39, 21944.jpg,10,275,335,51,84,-1,-1,-1,-1
39, 21944.jpg,11,759,368,78,102,-1,-1,-1,-1
39, 21944.jpg,12,514,266,40,100,-1,-1,-1,-1
40, 21945.jpg,1,626,398,88,114,-1,-1,-1,-1
40, 21945.jpg,3,413,379,49,135,-1,-1,-1,-1
40, 21945.jpg,4,389,255,50,109,-1,-1,-1,-1
40, 21945.jpg,5,208,411,64,129,-1,-1,-1,-1
40, 21945.jpg,6,864,366,52,53,-1,-1,-1,-1
40, 21945.jpg,7,724,270,52,82,-1,-1,-1,-1
40, 21945.jpg,8,465,266,38,103,-1,-1,-1,-1
40, 21945.jpg,9,279,279,38,94,-1,-1,-1,-1
40, 21945.jpg,10,270,334,51,84,-1,-1,-1,-1
40, 21945.jpg,11,755,369,77,102,-1,-1,-1,-1
40, 21945.jpg,12,515,265,38,97,-1,-1,-1,-1
