2, 19607.jpg,2,869,550,49,140,-1,-1,-1,-1
2, 19607.jpg,5,1292,762,128,181,-1,-1,-1,-1
2, 19607.jpg,6,514,574,68,107,-1,-1,-1,-1
2, 19607.jpg,7,1201,571,62,143,-1,-1,-1,-1
2, 19607.jpg,8,1419,608,99,114,-1,-1,-1,-1
2, 19607.jpg,9,953,557,55,139,-1,-1,-1,-1
2, 19607.jpg,10,446,624,71,125,-1,-1,-1,-1
2, 19607.jpg,11,538,707,74,141,-1,-1,-1,-1
3, 19608.jpg,2,871,550,48,136,-1,-1,-1,-1
3, 19608.jpg,5,1295,760,128,180,-1,-1,-1,-1
3, 19608.jpg,6,519,576,66,103,-1,-1,-1,-1
3, 19608.jpg,7,1171,590,64,144,-1,-1,-1,-1
3, 19608.jpg,8,1423,610,97,112,-1,-1,-1,-1
3, 19608.jpg,9,960,556,56,140,-1,-1,-1,-1
3, 19608.jpg,10,446,624,69,123,-1,-1,-1,-1
3, 19608.jpg,11,542,706,73,140,-1,-1,-1,-1
3, 19608.jpg,12,868,652,57,156,-1,-1,-1,-1
4, 19609.jpg,2,873,548,46,130,-1,-1,-1,-1
4, 19609.jpg,5,1296,761,128,181,-1,-1,-1,-1
4, 19609.jpg,6,521,576,67,106,-1,-1,-1,-1
4, 19609.jpg,7,1162,596,63,142,-1,-1,-1,-1
4, 19609.jpg,8,1420,611,96,110,-1,-1,-1,-1
4, 19609.jpg,9,963,557,56,140,-1,-1,-1,-1
4, 19609.jpg,10,446,627,68,118,-1,-1,-1,-1
4, 19609.jpg,11,550,706,74,141,-1,-1,-1,-1
4, 19609.jpg,12,876,604,61,165,-1,-1,-1,-1
5, 19610.jpg,5,1298,758,130,184,-1,-1,-1,-1
5, 19610.jpg,6,524,576,67,105,-1,-1,-1,-1
5, 19610.jpg,7,1158,594,65,143,-1,-1,-1,-1
5, 19610.jpg,8,1414,611,96,110,-1,-1,-1,-1
5, 19610.jpg,9,967,557,57,143,-1,-1,-1,-1
5, 19610.jpg,10,446,627,69,117,-1,-1,-1,-1
5, 19610.jpg,11,556,707,73,140,-1,-1,-1,-1
5, 19610.jpg,12,887,567,56,152,-1,-1,-1,-1
5, 19610.jpg,15,110,505,64,130,-1,-1,-1,-1
6, 19611.jpg,5,1297,757,131,188,-1,-1,-1,-1
6, 19611.jpg,6,526,575,68,108,-1,-1,-1,-1
6, 19611.jpg,7,1149,600,65,144,-1,-1,-1,-1
6, 19611.jpg,8,1408,608,97,112,-1,-1,-1,-1
6, 19611.jpg,9,975,561,57,142,-1,-1,-1,-1
6, 19611.jpg,10,448,628,69,117,-1,-1,-1,-1
6, 19611.jpg,11,560,706,72,140,-1,-1,-1,-1
6, 19611.jpg,12,890,572,56,151,-1,-1,-1,-1
6, 19611.jpg,15,112,505,64,130,-1,-1,-1,-1
6, 19611.jpg,16,1243,554,70,120,-1,-1,-1,-1
7, 19612.jpg,5,1304,757,130,188,-1,-1,-1,-1
7, 19612.jpg,6,532,574,66,105,-1,-1,-1,-1
7, 19612.jpg,8,1404,608,99,113,-1,-1,-1,-1
7, 19612.jpg,9,982,561,57,143,-1,-1,-1,-1
7, 19612.jpg,10,449,625,71,121,-1,-1,-1,-1
7, 19612.jpg,11,563,706,72,138,-1,-1,-1,-1
7, 19612.jpg,12,893,561,55,148,-1,-1,-1,-1
7, 19612.jpg,15,121,504,63,128,-1,-1,-1,-1
7, 19612.jpg,16,1268,556,76,128,-1,-1,-1,-1
8, 19613.jpg,2,897,587,56,156,-1,-1,-1,-1
8, 19613.jpg,5,1302,760,132,190,-1,-1,-1,-1
8, 19613.jpg,6,533,572,67,108,-1,-1,-1,-1
8, 19613.jpg,8,1404,613,98,111,-1,-1,-1,-1
8, 19613.jpg,9,988,561,57,144,-1,-1,-1,-1
8, 19613.jpg,10,450,624,70,120,-1,-1,-1,-1
8, 19613.jpg,11,566,706,72,138,-1,-1,-1,-1
8, 19613.jpg,12,898,546,54,145,-1,-1,-1,-1
8, 19613.jpg,15,123,500,65,131,-1,-1,-1,-1
8, 19613.jpg,16,1289,559,77,129,-1,-1,-1,-1
8, 19613.jpg,18,1175,553,94,130,-1,-1,-1,-1
9, 19614.jpg,2,903,570,58,159,-1,-1,-1,-1
9, 19614.jpg,5,1301,761,131,190,-1,-1,-1,-1
9, 19614.jpg,6,537,570,66,110,-1,-1,-1,-1
9, 19614.jpg,7,1132,573,65,143,-1,-1,-1,-1
9, 19614.jpg,8,1404,614,99,110,-1,-1,-1,-1
9, 19614.jpg,9,992,560,58,146,-1,-1,-1,-1
9, 19614.jpg,10,450,622,71,122,-1,-1,-1,-1
9, 19614.jpg,11,570,704,71,139,-1,-1,-1,-1
9, 19614.jpg,15,127,499,64,131,-1,-1,-1,-1
9, 19614.jpg,16,1298,560,78,129,-1,-1,-1,-1
9, 19614.jpg,18,1197,535,85,115,-1,-1,-1,-1
10, 19615.jpg,2,903,588,53,140,-1,-1,-1,-1
10, 19615.jpg,5,1307,765,125,184,-1,-1,-1,-1
10, 19615.jpg,6,541,568,66,110,-1,-1,-1,-1
10, 19615.jpg,7,1125,572,62,137,-1,-1,-1,-1
10, 19615.jpg,8,1399,615,103,112,-1,-1,-1,-1
10, 19615.jpg,9,992,555,61,152,-1,-1,-1,-1
10, 19615.jpg,10,449,621,72,123,-1,-1,-1,-1
10, 19615.jpg,11,574,702,73,142,-1,-1,-1,-1
10, 19615.jpg,12,898,530,49,132,-1,-1,-1,-1
10, 19615.jpg,15,131,498,64,132,-1,-1,-1,-1
10, 19615.jpg,16,1308,560,77,127,-1,-1,-1,-1
10, 19615.jpg,18,1202,530,86,114,-1,-1,-1,-1
11, 19616.jpg,2,903,577,57,149,-1,-1,-1,-1
11, 19616.jpg,5,1306,767,124,183,-1,-1,-1,-1
11, 19616.jpg,6,544,568,66,110,-1,-1,-1,-1
11, 19616.jpg,7,1120,571,60,135,-1,-1,-1,-1
11, 19616.jpg,8,1394,615,104,112,-1,-1,-1,-1
11, 19616.jpg,9,995,547,63,160,-1,-1,-1,-1
11, 19616.jpg,10,451,620,71,123,-1,-1,-1,-1
11, 19616.jpg,11,578,702,72,142,-1,-1,-1,-1
11, 19616.jpg,12,901,518,48,127,-1,-1,-1,-1
11, 19616.jpg,15,134,499,64,131,-1,-1,-1,-1
11, 19616.jpg,16,1318,556,79,131,-1,-1,-1,-1
11, 19616.jpg,18,1209,527,87,114,-1,-1,-1,-1
12, 19617.jpg,2,908,597,51,128,-1,-1,-1,-1
12, 19617.jpg,5,1305,768,122,179,-1,-1,-1,-1
12, 19617.jpg,6,546,567,66,111,-1,-1,-1,-1
12, 19617.jpg,7,1116,572,60,130,-1,-1,-1,-1
12, 19617.jpg,8,1387,619,102,112,-1,-1,-1,-1
12, 19617.jpg,9,999,534,68,175,-1,-1,-1,-1
12, 19617.jpg,10,451,620,72,125,-1,-1,-1,-1
12, 19617.jpg,11,582,704,71,140,-1,-1,-1,-1
12, 19617.jpg,12,908,521,47,122,-1,-1,-1,-1
12, 19617.jpg,15,138,499,63,129,-1,-1,-1,-1
12, 19617.jpg,16,1323,552,79,134,-1,-1,-1,-1
12, 19617.jpg,18,1203,528,85,111,-1,-1,-1,-1
13, 19618.jpg,2,912,601,50,126,-1,-1,-1,-1
13, 19618.jpg,5,1310,768,121,176,-1,-1,-1,-1
13, 19618.jpg,6,549,568,65,110,-1,-1,-1,-1
13, 19618.jpg,7,1109,569,62,133,-1,-1,-1,-1
13, 19618.jpg,8,1381,622,96,109,-1,-1,-1,-1
13, 19618.jpg,9,1003,526,69,180,-1,-1,-1,-1
13, 19618.jpg,10,449,619,73,128,-1,-1,-1,-1
13, 19618.jpg,11,585,704,71,139,-1,-1,-1,-1
13, 19618.jpg,12,907,517,51,132,-1,-1,-1,-1
13, 19618.jpg,15,143,500,63,129,-1,-1,-1,-1
13, 19618.jpg,16,1334,550,77,132,-1,-1,-1,-1
13, 19618.jpg,18,1199,529,84,110,-1,-1,-1,-1
14, 19619.jpg,2,918,602,49,118,-1,-1,-1,-1
14, 19619.jpg,5,1305,765,123,177,-1,-1,-1,-1
14, 19619.jpg,6,554,569,63,108,-1,-1,-1,-1
14, 19619.jpg,7,1102,568,64,133,-1,-1,-1,-1
14, 19619.jpg,8,1358,596,108,125,-1,-1,-1,-1
14, 19619.jpg,9,1007,520,69,181,-1,-1,-1,-1
14, 19619.jpg,10,451,619,73,129,-1,-1,-1,-1
14, 19619.jpg,11,588,704,70,139,-1,-1,-1,-1
14, 19619.jpg,12,909,515,53,136,-1,-1,-1,-1
14, 19619.jpg,16,1344,549,78,133,-1,-1,-1,-1
14, 19619.jpg,18,1197,531,83,108,-1,-1,-1,-1
15, 19620.jpg,2,920,611,51,119,-1,-1,-1,-1
15, 19620.jpg,5,1306,768,121,169,-1,-1,-1,-1
15, 19620.jpg,6,557,570,62,107,-1,-1,-1,-1
15, 19620.jpg,7,1095,563,70,138,-1,-1,-1,-1
15, 19620.jpg,8,1361,616,97,114,-1,-1,-1,-1
15, 19620.jpg,9,1013,517,68,179,-1,-1,-1,-1
15, 19620.jpg,10,451,620,74,130,-1,-1,-1,-1
15, 19620.jpg,11,591,704,70,137,-1,-1,-1,-1
15, 19620.jpg,12,913,516,52,132,-1,-1,-1,-1
15, 19620.jpg,16,1349,549,71,123,-1,-1,-1,-1
15, 19620.jpg,18,1196,530,83,105,-1,-1,-1,-1
16, 19621.jpg,2,922,615,50,115,-1,-1,-1,-1
16, 19621.jpg,5,1307,768,120,168,-1,-1,-1,-1
16, 19621.jpg,6,560,570,62,109,-1,-1,-1,-1
16, 19621.jpg,7,1092,553,76,149,-1,-1,-1,-1
16, 19621.jpg,8,1360,623,94,112,-1,-1,-1,-1
16, 19621.jpg,9,1021,519,64,165,-1,-1,-1,-1
16, 19621.jpg,10,453,621,75,130,-1,-1,-1,-1
16, 19621.jpg,11,595,705,69,135,-1,-1,-1,-1
16, 19621.jpg,12,918,517,50,125,-1,-1,-1,-1
16, 19621.jpg,16,1359,550,72,126,-1,-1,-1,-1
16, 19621.jpg,18,1192,524,91,114,-1,-1,-1,-1
17, 19622.jpg,2,927,618,50,113,-1,-1,-1,-1
17, 19622.jpg,6,564,567,63,111,-1,-1,-1,-1
17, 19622.jpg,7,1091,543,82,160,-1,-1,-1,-1
17, 19622.jpg,8,1338,581,127,157,-1,-1,-1,-1
17, 19622.jpg,9,1024,505,68,177,-1,-1,-1,-1
17, 19622.jpg,10,457,620,74,131,-1,-1,-1,-1
17, 19622.jpg,11,599,704,69,136,-1,-1,-1,-1
17, 19622.jpg,12,921,516,51,126,-1,-1,-1,-1
17, 19622.jpg,16,1358,547,73,129,-1,-1,-1,-1
17, 19622.jpg,18,1184,516,96,119,-1,-1,-1,-1
18, 19623.jpg,2,931,622,49,111,-1,-1,-1,-1
18, 19623.jpg,6,568,565,63,113,-1,-1,-1,-1
18, 19623.jpg,7,1090,530,85,168,-1,-1,-1,-1
18, 19623.jpg,8,1335,583,125,154,-1,-1,-1,-1
18, 19623.jpg,9,1029,507,67,173,-1,-1,-1,-1
18, 19623.jpg,10,459,622,72,128,-1,-1,-1,-1
18, 19623.jpg,11,602,704,71,138,-1,-1,-1,-1
18, 19623.jpg,12,928,518,50,123,-1,-1,-1,-1
18, 19623.jpg,16,1367,551,69,124,-1,-1,-1,-1
18, 19623.jpg,18,1173,505,104,128,-1,-1,-1,-1
18, 19623.jpg,22,912,648,58,152,-1,-1,-1,-1
19, 19624.jpg,5,1273,767,105,152,-1,-1,-1,-1
19, 19624.jpg,6,573,565,64,113,-1,-1,-1,-1
19, 19624.jpg,7,1091,517,87,174,-1,-1,-1,-1
19, 19624.jpg,8,1315,603,110,135,-1,-1,-1,-1
19, 19624.jpg,9,1034,511,65,169,-1,-1,-1,-1
19, 19624.jpg,10,464,620,73,129,-1,-1,-1,-1
19, 19624.jpg,11,607,703,71,139,-1,-1,-1,-1
19, 19624.jpg,12,930,519,54,132,-1,-1,-1,-1
19, 19624.jpg,16,1375,551,69,123,-1,-1,-1,-1
19, 19624.jpg,18,1162,498,108,133,-1,-1,-1,-1
19, 19624.jpg,22,916,657,54,143,-1,-1,-1,-1
20, 19625.jpg,5,1264,768,101,149,-1,-1,-1,-1
20, 19625.jpg,6,577,566,63,111,-1,-1,-1,-1
20, 19625.jpg,7,1093,514,83,167,-1,-1,-1,-1
20, 19625.jpg,8,1313,595,119,141,-1,-1,-1,-1
20, 19625.jpg,9,1042,511,65,172,-1,-1,-1,-1
20, 19625.jpg,10,467,621,72,129,-1,-1,-1,-1
20, 19625.jpg,11,611,703,70,138,-1,-1,-1,-1
20, 19625.jpg,12,930,530,65,162,-1,-1,-1,-1
20, 19625.jpg,16,1381,558,75,132,-1,-1,-1,-1
20, 19625.jpg,18,1138,503,112,137,-1,-1,-1,-1
20, 19625.jpg,22,921,661,52,139,-1,-1,-1,-1
21, 19626.jpg,5,1261,774,110,168,-1,-1,-1,-1
21, 19626.jpg,6,580,564,64,113,-1,-1,-1,-1
21, 19626.jpg,7,1089,509,84,170,-1,-1,-1,-1
21, 19626.jpg,8,1327,591,117,138,-1,-1,-1,-1
21, 19626.jpg,9,1049,519,64,168,-1,-1,-1,-1
21, 19626.jpg,10,470,621,71,129,-1,-1,-1,-1
21, 19626.jpg,11,615,703,70,137,-1,-1,-1,-1
21, 19626.jpg,12,939,527,55,134,-1,-1,-1,-1
21, 19626.jpg,16,1390,563,73,128,-1,-1,-1,-1
21, 19626.jpg,18,1127,501,112,138,-1,-1,-1,-1
21, 19626.jpg,22,929,659,54,141,-1,-1,-1,-1
22, 19627.jpg,5,1246,765,103,158,-1,-1,-1,-1
22, 19627.jpg,6,585,562,65,116,-1,-1,-1,-1
22, 19627.jpg,7,1077,509,83,163,-1,-1,-1,-1
22, 19627.jpg,8,1298,606,116,135,-1,-1,-1,-1
22, 19627.jpg,9,1055,517,64,170,-1,-1,-1,-1
22, 19627.jpg,10,475,624,68,125,-1,-1,-1,-1
22, 19627.jpg,11,621,702,70,138,-1,-1,-1,-1
22, 19627.jpg,12,943,526,57,142,-1,-1,-1,-1
22, 19627.jpg,16,1399,567,73,129,-1,-1,-1,-1
22, 19627.jpg,18,1119,502,111,134,-1,-1,-1,-1
22, 19627.jpg,22,933,656,55,145,-1,-1,-1,-1
23, 19628.jpg,5,1231,758,102,153,-1,-1,-1,-1
23, 19628.jpg,6,590,560,66,118,-1,-1,-1,-1
23, 19628.jpg,7,1073,514,85,161,-1,-1,-1,-1
23, 19628.jpg,8,1289,616,107,127,-1,-1,-1,-1
23, 19628.jpg,10,478,624,68,125,-1,-1,-1,-1
23, 19628.jpg,11,625,701,71,139,-1,-1,-1,-1
23, 19628.jpg,12,952,524,57,142,-1,-1,-1,-1
23, 19628.jpg,16,1409,569,73,127,-1,-1,-1,-1
23, 19628.jpg,18,1115,504,108,128,-1,-1,-1,-1
23, 19628.jpg,22,940,656,55,146,-1,-1,-1,-1
24, 19629.jpg,5,1218,748,110,163,-1,-1,-1,-1
24, 19629.jpg,6,595,559,66,119,-1,-1,-1,-1
24, 19629.jpg,7,1061,535,83,161,-1,-1,-1,-1
24, 19629.jpg,8,1284,621,102,126,-1,-1,-1,-1
24, 19629.jpg,10,483,623,68,127,-1,-1,-1,-1
24, 19629.jpg,11,629,701,71,139,-1,-1,-1,-1
24, 19629.jpg,12,958,523,59,149,-1,-1,-1,-1
24, 19629.jpg,16,1415,566,73,131,-1,-1,-1,-1
24, 19629.jpg,18,1089,496,112,133,-1,-1,-1,-1
24, 19629.jpg,22,946,658,55,146,-1,-1,-1,-1
25, 19630.jpg,5,1208,742,119,176,-1,-1,-1,-1
25, 19630.jpg,6,603,559,64,116,-1,-1,-1,-1
25, 19630.jpg,7,1063,551,78,153,-1,-1,-1,-1
25, 19630.jpg,8,1284,626,99,124,-1,-1,-1,-1
25, 19630.jpg,10,492,622,66,126,-1,-1,-1,-1
25, 19630.jpg,11,633,700,71,139,-1,-1,-1,-1
25, 19630.jpg,12,964,522,57,145,-1,-1,-1,-1
25, 19630.jpg,16,1419,562,73,132,-1,-1,-1,-1
25, 19630.jpg,18,1081,496,103,125,-1,-1,-1,-1
25, 19630.jpg,22,951,658,58,153,-1,-1,-1,-1
26, 19631.jpg,5,1207,743,116,174,-1,-1,-1,-1
26, 19631.jpg,6,610,558,64,116,-1,-1,-1,-1
26, 19631.jpg,7,1067,564,73,144,-1,-1,-1,-1
26, 19631.jpg,8,1282,624,96,125,-1,-1,-1,-1
26, 19631.jpg,10,498,625,64,122,-1,-1,-1,-1
26, 19631.jpg,11,638,699,70,136,-1,-1,-1,-1
26, 19631.jpg,12,966,519,58,146,-1,-1,-1,-1
26, 19631.jpg,16,1425,559,75,137,-1,-1,-1,-1
26, 19631.jpg,18,1074,493,102,125,-1,-1,-1,-1
26, 19631.jpg,22,956,662,57,151,-1,-1,-1,-1
27, 19632.jpg,5,1205,746,117,176,-1,-1,-1,-1
27, 19632.jpg,6,616,553,64,120,-1,-1,-1,-1
27, 19632.jpg,7,1077,571,67,137,-1,-1,-1,-1
27, 19632.jpg,8,1277,620,96,130,-1,-1,-1,-1
27, 19632.jpg,9,1115,491,51,132,-1,-1,-1,-1
27, 19632.jpg,10,503,624,64,123,-1,-1,-1,-1
27, 19632.jpg,11,644,698,71,138,-1,-1,-1,-1
27, 19632.jpg,12,975,516,58,150,-1,-1,-1,-1
27, 19632.jpg,16,1432,557,74,137,-1,-1,-1,-1
27, 19632.jpg,22,960,661,61,158,-1,-1,-1,-1
28, 19633.jpg,5,1205,748,112,171,-1,-1,-1,-1
28, 19633.jpg,6,621,551,64,121,-1,-1,-1,-1
28, 19633.jpg,7,1085,578,65,130,-1,-1,-1,-1
28, 19633.jpg,8,1274,616,96,133,-1,-1,-1,-1
28, 19633.jpg,9,1126,495,51,123,-1,-1,-1,-1
28, 19633.jpg,10,512,620,64,124,-1,-1,-1,-1
28, 19633.jpg,11,649,696,72,142,-1,-1,-1,-1
28, 19633.jpg,12,980,514,59,150,-1,-1,-1,-1
28, 19633.jpg,16,1438,555,74,139,-1,-1,-1,-1
28, 19633.jpg,22,965,664,60,155,-1,-1,-1,-1
29, 19634.jpg,5,1199,748,105,164,-1,-1,-1,-1
29, 19634.jpg,6,630,550,62,118,-1,-1,-1,-1
29, 19634.jpg,7,1096,579,65,128,-1,-1,-1,-1
29, 19634.jpg,8,1266,613,100,140,-1,-1,-1,-1
29, 19634.jpg,9,1147,495,55,128,-1,-1,-1,-1
29, 19634.jpg,10,518,619,65,126,-1,-1,-1,-1
29, 19634.jpg,11,652,694,73,144,-1,-1,-1,-1
29, 19634.jpg,12,984,513,59,152,-1,-1,-1,-1
29, 19634.jpg,16,1446,555,72,139,-1,-1,-1,-1
29, 19634.jpg,22,972,673,57,144,-1,-1,-1,-1
30, 19635.jpg,5,1194,741,103,167,-1,-1,-1,-1
30, 19635.jpg,6,637,548,61,119,-1,-1,-1,-1
30, 19635.jpg,7,1107,582,68,132,-1,-1,-1,-1
30, 19635.jpg,8,1263,608,102,148,-1,-1,-1,-1
30, 19635.jpg,9,1159,491,58,134,-1,-1,-1,-1
30, 19635.jpg,10,524,620,62,120,-1,-1,-1,-1
30, 19635.jpg,11,655,692,74,146,-1,-1,-1,-1
30, 19635.jpg,12,992,508,60,153,-1,-1,-1,-1
30, 19635.jpg,16,1453,555,73,144,-1,-1,-1,-1
30, 19635.jpg,22,975,676,57,139,-1,-1,-1,-1
31, 19636.jpg,5,1190,734,103,172,-1,-1,-1,-1
31, 19636.jpg,6,643,547,61,120,-1,-1,-1,-1
31, 19636.jpg,7,1115,583,69,132,-1,-1,-1,-1
31, 19636.jpg,8,1263,607,99,146,-1,-1,-1,-1
31, 19636.jpg,9,1170,489,58,133,-1,-1,-1,-1
31, 19636.jpg,10,533,621,62,119,-1,-1,-1,-1
31, 19636.jpg,11,658,690,74,144,-1,-1,-1,-1
31, 19636.jpg,12,998,508,59,150,-1,-1,-1,-1
31, 19636.jpg,16,1459,556,73,145,-1,-1,-1,-1
31, 19636.jpg,22,975,678,59,137,-1,-1,-1,-1
31, 19636.jpg,25,1123,487,58,135,-1,-1,-1,-1
32, 19637.jpg,5,1181,729,104,176,-1,-1,-1,-1
32, 19637.jpg,6,650,547,59,118,-1,-1,-1,-1
32, 19637.jpg,7,1123,593,69,125,-1,-1,-1,-1
32, 19637.jpg,8,1264,608,94,144,-1,-1,-1,-1
32, 19637.jpg,10,540,619,64,121,-1,-1,-1,-1
32, 19637.jpg,11,661,685,74,148,-1,-1,-1,-1
32, 19637.jpg,12,1004,508,59,147,-1,-1,-1,-1
32, 19637.jpg,16,1465,557,73,146,-1,-1,-1,-1
32, 19637.jpg,22,974,678,62,137,-1,-1,-1,-1
32, 19637.jpg,25,1131,482,63,144,-1,-1,-1,-1
33, 19638.jpg,5,1175,726,105,176,-1,-1,-1,-1
33, 19638.jpg,6,654,544,60,121,-1,-1,-1,-1
33, 19638.jpg,7,1129,591,72,130,-1,-1,-1,-1
33, 19638.jpg,8,1262,609,91,144,-1,-1,-1,-1
33, 19638.jpg,10,548,621,62,114,-1,-1,-1,-1
33, 19638.jpg,11,666,680,76,151,-1,-1,-1,-1
33, 19638.jpg,12,1010,505,58,147,-1,-1,-1,-1
33, 19638.jpg,16,1470,560,72,144,-1,-1,-1,-1
33, 19638.jpg,22,972,677,66,138,-1,-1,-1,-1
33, 19638.jpg,25,1152,462,66,149,-1,-1,-1,-1
34, 19639.jpg,5,1171,722,106,176,-1,-1,-1,-1
34, 19639.jpg,6,660,541,61,125,-1,-1,-1,-1
34, 19639.jpg,7,1123,569,74,132,-1,-1,-1,-1
34, 19639.jpg,8,1261,610,86,140,-1,-1,-1,-1
34, 19639.jpg,10,554,619,63,113,-1,-1,-1,-1
34, 19639.jpg,11,670,675,78,155,-1,-1,-1,-1
34, 19639.jpg,12,1016,495,59,152,-1,-1,-1,-1
34, 19639.jpg,16,1474,561,71,143,-1,-1,-1,-1
34, 19639.jpg,22,972,672,71,143,-1,-1,-1,-1
34, 19639.jpg,25,1142,466,69,156,-1,-1,-1,-1
35, 19640.jpg,5,1170,719,108,177,-1,-1,-1,-1
35, 19640.jpg,6,666,540,61,124,-1,-1,-1,-1
35, 19640.jpg,7,1121,548,79,138,-1,-1,-1,-1
35, 19640.jpg,8,1258,610,86,141,-1,-1,-1,-1
35, 19640.jpg,10,562,618,66,115,-1,-1,-1,-1
35, 19640.jpg,11,673,669,77,155,-1,-1,-1,-1
35, 19640.jpg,12,1021,487,59,157,-1,-1,-1,-1
35, 19640.jpg,16,1480,563,68,140,-1,-1,-1,-1
35, 19640.jpg,22,972,666,76,150,-1,-1,-1,-1
35, 19640.jpg,25,1158,453,63,139,-1,-1,-1,-1
36, 19641.jpg,5,1172,714,110,181,-1,-1,-1,-1
36, 19641.jpg,6,674,538,57,120,-1,-1,-1,-1
36, 19641.jpg,7,1110,533,75,131,-1,-1,-1,-1
36, 19641.jpg,8,1256,609,86,145,-1,-1,-1,-1
36, 19641.jpg,10,567,615,68,115,-1,-1,-1,-1
36, 19641.jpg,11,676,664,75,153,-1,-1,-1,-1
36, 19641.jpg,12,1029,481,61,167,-1,-1,-1,-1
36, 19641.jpg,16,1484,566,65,135,-1,-1,-1,-1
36, 19641.jpg,22,972,660,80,153,-1,-1,-1,-1
36, 19641.jpg,25,1168,447,59,127,-1,-1,-1,-1
37, 19642.jpg,5,1170,707,112,185,-1,-1,-1,-1
37, 19642.jpg,6,682,534,57,118,-1,-1,-1,-1
37, 19642.jpg,7,1106,532,72,127,-1,-1,-1,-1
37, 19642.jpg,8,1254,611,87,147,-1,-1,-1,-1
37, 19642.jpg,10,574,611,71,120,-1,-1,-1,-1
37, 19642.jpg,11,678,659,72,149,-1,-1,-1,-1
37, 19642.jpg,12,1035,478,61,173,-1,-1,-1,-1
37, 19642.jpg,16,1487,566,64,133,-1,-1,-1,-1
37, 19642.jpg,22,972,653,81,155,-1,-1,-1,-1
37, 19642.jpg,25,1170,441,61,128,-1,-1,-1,-1
37, 19642.jpg,27,1347,797,75,208,-1,-1,-1,-1
38, 19643.jpg,5,1170,699,114,191,-1,-1,-1,-1
38, 19643.jpg,6,689,530,56,120,-1,-1,-1,-1
38, 19643.jpg,7,1107,528,71,126,-1,-1,-1,-1
38, 19643.jpg,8,1255,608,88,150,-1,-1,-1,-1
38, 19643.jpg,10,584,610,72,118,-1,-1,-1,-1
38, 19643.jpg,11,681,658,68,142,-1,-1,-1,-1
38, 19643.jpg,12,1041,486,59,174,-1,-1,-1,-1
38, 19643.jpg,16,1490,565,63,134,-1,-1,-1,-1
38, 19643.jpg,22,971,647,82,156,-1,-1,-1,-1
38, 19643.jpg,25,1171,435,65,135,-1,-1,-1,-1
38, 19643.jpg,27,1348,796,76,210,-1,-1,-1,-1
38, 19643.jpg,28,1141,568,78,132,-1,-1,-1,-1
39, 19644.jpg,5,1172,692,112,192,-1,-1,-1,-1
39, 19644.jpg,6,698,527,56,117,-1,-1,-1,-1
39, 19644.jpg,7,1119,537,65,113,-1,-1,-1,-1
39, 19644.jpg,8,1258,604,88,151,-1,-1,-1,-1
39, 19644.jpg,10,595,609,74,122,-1,-1,-1,-1
39, 19644.jpg,11,684,656,67,136,-1,-1,-1,-1
39, 19644.jpg,12,1054,507,56,167,-1,-1,-1,-1
39, 19644.jpg,16,1493,562,63,135,-1,-1,-1,-1
39, 19644.jpg,22,970,644,81,155,-1,-1,-1,-1
39, 19644.jpg,25,1169,429,68,140,-1,-1,-1,-1
39, 19644.jpg,28,1151,578,79,135,-1,-1,-1,-1
40, 19645.jpg,5,1176,686,108,191,-1,-1,-1,-1
40, 19645.jpg,6,707,525,53,114,-1,-1,-1,-1
40, 19645.jpg,7,1099,533,74,128,-1,-1,-1,-1
40, 19645.jpg,8,1262,604,85,148,-1,-1,-1,-1
40, 19645.jpg,10,608,606,75,125,-1,-1,-1,-1
40, 19645.jpg,11,688,654,67,135,-1,-1,-1,-1
40, 19645.jpg,12,1060,502,57,174,-1,-1,-1,-1
40, 19645.jpg,16,1497,558,63,135,-1,-1,-1,-1
40, 19645.jpg,22,969,642,79,151,-1,-1,-1,-1
40, 19645.jpg,25,1168,423,70,146,-1,-1,-1,-1
40, 19645.jpg,28,1160,584,80,139,-1,-1,-1,-1
