2, 28857.jpg,2,1289,573,82,154,-1,-1,-1,-1
2, 28857.jpg,4,1358,762,114,166,-1,-1,-1,-1
2, 28857.jpg,5,1247,493,58,149,-1,-1,-1,-1
2, 28857.jpg,7,867,634,53,136,-1,-1,-1,-1
2, 28857.jpg,8,450,563,63,110,-1,-1,-1,-1
2, 28857.jpg,9,372,617,61,139,-1,-1,-1,-1
2, 28857.jpg,10,1032,630,62,172,-1,-1,-1,-1
2, 28857.jpg,11,508,664,86,161,-1,-1,-1,-1
3, 28858.jpg,2,1277,585,83,155,-1,-1,-1,-1
3, 28858.jpg,4,1352,757,116,167,-1,-1,-1,-1
3, 28858.jpg,5,1242,496,61,155,-1,-1,-1,-1
3, 28858.jpg,7,870,625,52,136,-1,-1,-1,-1
3, 28858.jpg,8,451,561,65,113,-1,-1,-1,-1
3, 28858.jpg,9,370,617,59,136,-1,-1,-1,-1
3, 28858.jpg,10,1033,633,62,170,-1,-1,-1,-1
3, 28858.jpg,11,507,665,85,160,-1,-1,-1,-1
4, 28859.jpg,2,1286,578,83,156,-1,-1,-1,-1
4, 28859.jpg,4,1339,757,117,166,-1,-1,-1,-1
4, 28859.jpg,5,1240,499,62,157,-1,-1,-1,-1
4, 28859.jpg,7,871,592,49,126,-1,-1,-1,-1
4, 28859.jpg,8,453,561,66,115,-1,-1,-1,-1
4, 28859.jpg,9,367,617,60,135,-1,-1,-1,-1
4, 28859.jpg,10,1034,633,63,174,-1,-1,-1,-1
4, 28859.jpg,11,507,668,85,158,-1,-1,-1,-1
4, 28859.jpg,13,1237,825,66,197,-1,-1,-1,-1
5, 28860.jpg,2,1275,589,84,157,-1,-1,-1,-1
5, 28860.jpg,4,1328,755,118,164,-1,-1,-1,-1
5, 28860.jpg,5,1242,500,66,163,-1,-1,-1,-1
5, 28860.jpg,7,871,579,51,131,-1,-1,-1,-1
5, 28860.jpg,8,458,561,65,114,-1,-1,-1,-1
5, 28860.jpg,9,364,618,60,135,-1,-1,-1,-1
5, 28860.jpg,10,1037,632,64,174,-1,-1,-1,-1
5, 28860.jpg,11,507,670,85,156,-1,-1,-1,-1
5, 28860.jpg,13,1237,826,65,193,-1,-1,-1,-1
5, 28860.jpg,14,1244,631,56,141,-1,-1,-1,-1
6, 28861.jpg,2,1264,600,80,151,-1,-1,-1,-1
6, 28861.jpg,4,1311,755,115,159,-1,-1,-1,-1
6, 28861.jpg,5,1243,497,67,160,-1,-1,-1,-1
6, 28861.jpg,7,873,573,53,134,-1,-1,-1,-1
6, 28861.jpg,8,461,560,66,116,-1,-1,-1,-1
6, 28861.jpg,9,361,619,60,136,-1,-1,-1,-1
6, 28861.jpg,10,1038,629,65,173,-1,-1,-1,-1
6, 28861.jpg,11,509,674,86,156,-1,-1,-1,-1
6, 28861.jpg,14,1244,633,56,139,-1,-1,-1,-1
6, 28861.jpg,15,881,686,49,141,-1,-1,-1,-1
7, 28862.jpg,2,1260,602,80,149,-1,-1,-1,-1
7, 28862.jpg,4,1306,755,114,159,-1,-1,-1,-1
7, 28862.jpg,5,1234,492,56,129,-1,-1,-1,-1
7, 28862.jpg,7,877,572,52,135,-1,-1,-1,-1
7, 28862.jpg,8,465,560,65,115,-1,-1,-1,-1
7, 28862.jpg,9,360,621,59,132,-1,-1,-1,-1
7, 28862.jpg,10,1040,623,67,176,-1,-1,-1,-1
7, 28862.jpg,11,510,676,85,153,-1,-1,-1,-1
7, 28862.jpg,15,887,690,47,136,-1,-1,-1,-1
8, 28863.jpg,2,1256,606,79,147,-1,-1,-1,-1
8, 28863.jpg,4,1297,754,114,161,-1,-1,-1,-1
8, 28863.jpg,5,1225,491,53,121,-1,-1,-1,-1
8, 28863.jpg,7,881,570,54,137,-1,-1,-1,-1
8, 28863.jpg,8,467,559,66,115,-1,-1,-1,-1
8, 28863.jpg,9,358,624,59,129,-1,-1,-1,-1
8, 28863.jpg,10,1041,622,66,172,-1,-1,-1,-1
8, 28863.jpg,11,512,676,84,151,-1,-1,-1,-1
8, 28863.jpg,15,891,688,48,138,-1,-1,-1,-1
9, 28864.jpg,2,1257,600,82,152,-1,-1,-1,-1
9, 28864.jpg,4,1291,753,113,164,-1,-1,-1,-1
9, 28864.jpg,5,1222,491,53,118,-1,-1,-1,-1
9, 28864.jpg,7,887,569,53,137,-1,-1,-1,-1
9, 28864.jpg,8,470,559,65,114,-1,-1,-1,-1
9, 28864.jpg,9,353,625,61,130,-1,-1,-1,-1
9, 28864.jpg,10,1044,620,65,167,-1,-1,-1,-1
9, 28864.jpg,11,514,676,86,150,-1,-1,-1,-1
9, 28864.jpg,15,889,686,49,138,-1,-1,-1,-1
10, 28865.jpg,2,1263,598,82,151,-1,-1,-1,-1
10, 28865.jpg,4,1285,749,110,166,-1,-1,-1,-1
10, 28865.jpg,5,1215,496,51,114,-1,-1,-1,-1
10, 28865.jpg,7,893,567,54,138,-1,-1,-1,-1
10, 28865.jpg,8,474,558,65,115,-1,-1,-1,-1
10, 28865.jpg,9,349,628,62,128,-1,-1,-1,-1
10, 28865.jpg,10,1046,617,65,164,-1,-1,-1,-1
10, 28865.jpg,11,518,680,84,146,-1,-1,-1,-1
10, 28865.jpg,15,891,686,50,139,-1,-1,-1,-1
11, 28866.jpg,2,1267,597,80,147,-1,-1,-1,-1
11, 28866.jpg,4,1279,742,111,172,-1,-1,-1,-1
11, 28866.jpg,5,1208,497,52,115,-1,-1,-1,-1
11, 28866.jpg,7,897,566,55,140,-1,-1,-1,-1
11, 28866.jpg,8,480,559,63,113,-1,-1,-1,-1
11, 28866.jpg,9,346,632,64,130,-1,-1,-1,-1
11, 28866.jpg,10,1052,613,63,162,-1,-1,-1,-1
11, 28866.jpg,11,523,683,84,145,-1,-1,-1,-1
11, 28866.jpg,15,895,681,54,147,-1,-1,-1,-1
12, 28867.jpg,2,1285,586,80,149,-1,-1,-1,-1
12, 28867.jpg,4,1275,739,111,176,-1,-1,-1,-1
12, 28867.jpg,5,1198,497,56,119,-1,-1,-1,-1
12, 28867.jpg,7,896,563,56,142,-1,-1,-1,-1
12, 28867.jpg,8,487,559,62,111,-1,-1,-1,-1
12, 28867.jpg,9,343,636,64,127,-1,-1,-1,-1
12, 28867.jpg,10,1057,608,62,160,-1,-1,-1,-1
12, 28867.jpg,11,527,686,86,145,-1,-1,-1,-1
12, 28867.jpg,14,1248,626,48,120,-1,-1,-1,-1
12, 28867.jpg,15,897,672,59,158,-1,-1,-1,-1
13, 28868.jpg,2,1294,583,78,150,-1,-1,-1,-1
13, 28868.jpg,4,1271,730,113,186,-1,-1,-1,-1
13, 28868.jpg,5,1191,491,64,133,-1,-1,-1,-1
13, 28868.jpg,7,905,590,57,145,-1,-1,-1,-1
13, 28868.jpg,8,491,559,63,110,-1,-1,-1,-1
13, 28868.jpg,9,345,638,67,131,-1,-1,-1,-1
13, 28868.jpg,10,1066,605,59,156,-1,-1,-1,-1
13, 28868.jpg,11,533,688,86,143,-1,-1,-1,-1
13, 28868.jpg,14,1248,627,48,119,-1,-1,-1,-1
13, 28868.jpg,15,901,666,60,162,-1,-1,-1,-1
14, 28869.jpg,2,1283,595,76,143,-1,-1,-1,-1
14, 28869.jpg,4,1266,724,114,190,-1,-1,-1,-1
14, 28869.jpg,5,1189,490,66,134,-1,-1,-1,-1
14, 28869.jpg,7,908,567,57,143,-1,-1,-1,-1
14, 28869.jpg,8,497,560,64,110,-1,-1,-1,-1
14, 28869.jpg,9,348,643,67,129,-1,-1,-1,-1
14, 28869.jpg,10,1071,601,59,155,-1,-1,-1,-1
14, 28869.jpg,11,539,693,84,137,-1,-1,-1,-1
14, 28869.jpg,14,1249,627,47,116,-1,-1,-1,-1
14, 28869.jpg,15,906,661,60,160,-1,-1,-1,-1
15, 28870.jpg,2,1300,586,80,151,-1,-1,-1,-1
15, 28870.jpg,4,1266,722,104,178,-1,-1,-1,-1
15, 28870.jpg,5,1188,484,71,142,-1,-1,-1,-1
15, 28870.jpg,7,913,557,58,143,-1,-1,-1,-1
15, 28870.jpg,8,503,560,65,112,-1,-1,-1,-1
15, 28870.jpg,9,353,645,66,127,-1,-1,-1,-1
15, 28870.jpg,10,1076,598,58,154,-1,-1,-1,-1
15, 28870.jpg,11,548,696,85,135,-1,-1,-1,-1
15, 28870.jpg,14,1247,619,50,117,-1,-1,-1,-1
15, 28870.jpg,15,911,658,58,155,-1,-1,-1,-1
16, 28871.jpg,2,1303,587,83,154,-1,-1,-1,-1
16, 28871.jpg,4,1267,727,91,159,-1,-1,-1,-1
16, 28871.jpg,5,1186,472,76,152,-1,-1,-1,-1
16, 28871.jpg,7,920,552,57,138,-1,-1,-1,-1
16, 28871.jpg,8,508,559,67,113,-1,-1,-1,-1
16, 28871.jpg,9,359,648,65,122,-1,-1,-1,-1
16, 28871.jpg,10,1081,592,58,157,-1,-1,-1,-1
16, 28871.jpg,11,555,701,84,130,-1,-1,-1,-1
16, 28871.jpg,14,1246,614,51,117,-1,-1,-1,-1
16, 28871.jpg,15,915,654,58,154,-1,-1,-1,-1
17, 28872.jpg,2,1289,593,82,143,-1,-1,-1,-1
17, 28872.jpg,4,1263,727,88,158,-1,-1,-1,-1
17, 28872.jpg,5,1185,466,76,150,-1,-1,-1,-1
17, 28872.jpg,7,931,549,54,133,-1,-1,-1,-1
17, 28872.jpg,8,515,560,66,110,-1,-1,-1,-1
17, 28872.jpg,9,365,650,65,120,-1,-1,-1,-1
17, 28872.jpg,10,1086,587,58,159,-1,-1,-1,-1
17, 28872.jpg,11,558,703,86,127,-1,-1,-1,-1
17, 28872.jpg,14,1246,613,51,114,-1,-1,-1,-1
17, 28872.jpg,15,920,651,57,151,-1,-1,-1,-1
18, 28873.jpg,2,1278,603,80,130,-1,-1,-1,-1
18, 28873.jpg,4,1261,728,84,155,-1,-1,-1,-1
18, 28873.jpg,5,1182,458,77,151,-1,-1,-1,-1
18, 28873.jpg,7,938,549,53,129,-1,-1,-1,-1
18, 28873.jpg,8,522,561,66,108,-1,-1,-1,-1
18, 28873.jpg,9,373,652,64,118,-1,-1,-1,-1
18, 28873.jpg,10,1094,583,57,158,-1,-1,-1,-1
18, 28873.jpg,11,569,705,88,125,-1,-1,-1,-1
18, 28873.jpg,15,924,647,59,154,-1,-1,-1,-1
19, 28874.jpg,2,1303,595,87,138,-1,-1,-1,-1
19, 28874.jpg,4,1259,723,86,164,-1,-1,-1,-1
19, 28874.jpg,5,1182,452,77,149,-1,-1,-1,-1
19, 28874.jpg,7,949,544,55,135,-1,-1,-1,-1
19, 28874.jpg,8,528,561,67,108,-1,-1,-1,-1
19, 28874.jpg,9,377,649,66,121,-1,-1,-1,-1
19, 28874.jpg,10,1101,581,55,155,-1,-1,-1,-1
19, 28874.jpg,11,571,707,88,121,-1,-1,-1,-1
19, 28874.jpg,14,1240,603,55,118,-1,-1,-1,-1
19, 28874.jpg,15,931,648,56,146,-1,-1,-1,-1
20, 28875.jpg,2,1307,595,86,137,-1,-1,-1,-1
20, 28875.jpg,4,1254,717,86,166,-1,-1,-1,-1
20, 28875.jpg,5,1185,447,73,138,-1,-1,-1,-1
20, 28875.jpg,7,959,530,57,143,-1,-1,-1,-1
20, 28875.jpg,8,539,559,67,107,-1,-1,-1,-1
20, 28875.jpg,9,384,643,63,116,-1,-1,-1,-1
20, 28875.jpg,10,1114,577,53,150,-1,-1,-1,-1
20, 28875.jpg,11,584,706,90,120,-1,-1,-1,-1
20, 28875.jpg,14,1242,600,54,115,-1,-1,-1,-1
20, 28875.jpg,15,938,637,57,147,-1,-1,-1,-1
21, 28876.jpg,2,1316,585,91,145,-1,-1,-1,-1
21, 28876.jpg,4,1252,718,81,155,-1,-1,-1,-1
21, 28876.jpg,5,1184,443,76,141,-1,-1,-1,-1
21, 28876.jpg,7,965,517,62,158,-1,-1,-1,-1
21, 28876.jpg,8,547,555,69,111,-1,-1,-1,-1
21, 28876.jpg,9,389,633,70,128,-1,-1,-1,-1
21, 28876.jpg,10,1124,577,51,141,-1,-1,-1,-1
21, 28876.jpg,11,589,707,91,119,-1,-1,-1,-1
21, 28876.jpg,14,1244,598,54,117,-1,-1,-1,-1
21, 28876.jpg,15,942,631,58,146,-1,-1,-1,-1
22, 28877.jpg,2,1322,581,92,148,-1,-1,-1,-1
22, 28877.jpg,4,1250,718,79,150,-1,-1,-1,-1
22, 28877.jpg,5,1180,439,75,140,-1,-1,-1,-1
22, 28877.jpg,7,972,503,62,161,-1,-1,-1,-1
22, 28877.jpg,8,555,553,68,110,-1,-1,-1,-1
22, 28877.jpg,9,393,626,74,136,-1,-1,-1,-1
22, 28877.jpg,10,1131,578,49,133,-1,-1,-1,-1
22, 28877.jpg,11,596,707,92,117,-1,-1,-1,-1
22, 28877.jpg,14,1244,594,55,119,-1,-1,-1,-1
22, 28877.jpg,15,950,627,57,145,-1,-1,-1,-1
23, 28878.jpg,2,1323,578,92,151,-1,-1,-1,-1
23, 28878.jpg,4,1250,714,79,152,-1,-1,-1,-1
23, 28878.jpg,5,1177,424,79,156,-1,-1,-1,-1
23, 28878.jpg,7,976,482,66,178,-1,-1,-1,-1
23, 28878.jpg,8,561,552,67,108,-1,-1,-1,-1
23, 28878.jpg,9,397,620,76,138,-1,-1,-1,-1
23, 28878.jpg,10,1136,576,50,134,-1,-1,-1,-1
23, 28878.jpg,11,600,705,93,116,-1,-1,-1,-1
23, 28878.jpg,14,1243,586,57,123,-1,-1,-1,-1
23, 28878.jpg,15,954,623,57,144,-1,-1,-1,-1
23, 28878.jpg,18,15,888,59,176,-1,-1,-1,-1
23, 28878.jpg,19,1428,591,84,119,-1,-1,-1,-1
24, 28879.jpg,2,1326,576,91,152,-1,-1,-1,-1
24, 28879.jpg,4,1251,711,79,153,-1,-1,-1,-1
24, 28879.jpg,5,1176,423,77,158,-1,-1,-1,-1
24, 28879.jpg,7,982,470,67,183,-1,-1,-1,-1
24, 28879.jpg,8,567,550,68,108,-1,-1,-1,-1
24, 28879.jpg,9,401,620,75,135,-1,-1,-1,-1
24, 28879.jpg,10,1142,578,49,126,-1,-1,-1,-1
24, 28879.jpg,11,608,702,97,119,-1,-1,-1,-1
24, 28879.jpg,14,1243,582,59,128,-1,-1,-1,-1
24, 28879.jpg,15,956,621,57,140,-1,-1,-1,-1
24, 28879.jpg,18,20,885,60,178,-1,-1,-1,-1
24, 28879.jpg,19,1438,593,80,113,-1,-1,-1,-1
25, 28880.jpg,2,1330,575,89,154,-1,-1,-1,-1
25, 28880.jpg,4,1249,703,82,159,-1,-1,-1,-1
25, 28880.jpg,5,1177,428,71,147,-1,-1,-1,-1
25, 28880.jpg,7,992,465,65,177,-1,-1,-1,-1
25, 28880.jpg,8,576,549,67,109,-1,-1,-1,-1
25, 28880.jpg,9,409,618,75,133,-1,-1,-1,-1
25, 28880.jpg,10,1145,578,50,125,-1,-1,-1,-1
25, 28880.jpg,11,616,701,99,117,-1,-1,-1,-1
25, 28880.jpg,14,1244,580,58,126,-1,-1,-1,-1
25, 28880.jpg,15,959,619,57,135,-1,-1,-1,-1
25, 28880.jpg,18,25,889,59,170,-1,-1,-1,-1
25, 28880.jpg,19,1451,595,80,112,-1,-1,-1,-1
26, 28881.jpg,2,1334,573,85,153,-1,-1,-1,-1
26, 28881.jpg,4,1250,700,84,164,-1,-1,-1,-1
26, 28881.jpg,5,1177,439,65,133,-1,-1,-1,-1
26, 28881.jpg,7,1001,459,64,177,-1,-1,-1,-1
26, 28881.jpg,8,581,548,66,107,-1,-1,-1,-1
26, 28881.jpg,9,414,618,74,134,-1,-1,-1,-1
26, 28881.jpg,10,1153,577,50,125,-1,-1,-1,-1
26, 28881.jpg,11,619,697,102,121,-1,-1,-1,-1
26, 28881.jpg,14,1245,577,58,126,-1,-1,-1,-1
26, 28881.jpg,15,960,616,58,132,-1,-1,-1,-1
26, 28881.jpg,18,34,883,61,175,-1,-1,-1,-1
26, 28881.jpg,19,1463,597,78,109,-1,-1,-1,-1
27, 28882.jpg,2,1339,572,80,152,-1,-1,-1,-1
27, 28882.jpg,4,1252,696,83,164,-1,-1,-1,-1
27, 28882.jpg,5,1178,450,61,124,-1,-1,-1,-1
27, 28882.jpg,7,1005,448,66,181,-1,-1,-1,-1
27, 28882.jpg,8,588,548,65,106,-1,-1,-1,-1
27, 28882.jpg,9,420,618,73,134,-1,-1,-1,-1
27, 28882.jpg,10,1159,573,51,127,-1,-1,-1,-1
27, 28882.jpg,11,628,695,102,120,-1,-1,-1,-1
27, 28882.jpg,13,1305,787,78,214,-1,-1,-1,-1
27, 28882.jpg,14,1248,576,56,120,-1,-1,-1,-1
27, 28882.jpg,15,963,615,59,128,-1,-1,-1,-1
27, 28882.jpg,18,39,879,62,178,-1,-1,-1,-1
27, 28882.jpg,19,1476,597,79,111,-1,-1,-1,-1
28, 28883.jpg,2,1342,571,78,152,-1,-1,-1,-1
28, 28883.jpg,4,1254,692,83,164,-1,-1,-1,-1
28, 28883.jpg,5,1178,462,56,109,-1,-1,-1,-1
28, 28883.jpg,7,1014,448,63,173,-1,-1,-1,-1
28, 28883.jpg,8,595,547,65,108,-1,-1,-1,-1
28, 28883.jpg,9,425,620,73,132,-1,-1,-1,-1
28, 28883.jpg,10,1165,574,49,121,-1,-1,-1,-1
28, 28883.jpg,11,636,693,104,121,-1,-1,-1,-1
28, 28883.jpg,14,1252,575,54,117,-1,-1,-1,-1
28, 28883.jpg,15,969,613,59,125,-1,-1,-1,-1
28, 28883.jpg,18,47,878,63,173,-1,-1,-1,-1
28, 28883.jpg,19,1490,598,80,113,-1,-1,-1,-1
29, 28884.jpg,2,1345,570,77,155,-1,-1,-1,-1
29, 28884.jpg,4,1257,697,78,153,-1,-1,-1,-1
29, 28884.jpg,5,1179,469,53,102,-1,-1,-1,-1
29, 28884.jpg,7,1024,450,60,166,-1,-1,-1,-1
29, 28884.jpg,8,605,547,62,105,-1,-1,-1,-1
29, 28884.jpg,9,432,621,72,129,-1,-1,-1,-1
29, 28884.jpg,10,1171,574,50,120,-1,-1,-1,-1
29, 28884.jpg,11,637,689,108,125,-1,-1,-1,-1
29, 28884.jpg,13,1323,782,74,206,-1,-1,-1,-1
29, 28884.jpg,14,1255,572,57,122,-1,-1,-1,-1
29, 28884.jpg,15,976,614,60,121,-1,-1,-1,-1
29, 28884.jpg,18,56,877,64,171,-1,-1,-1,-1
29, 28884.jpg,19,1503,599,78,112,-1,-1,-1,-1
30, 28885.jpg,2,1352,573,72,151,-1,-1,-1,-1
30, 28885.jpg,4,1259,702,75,144,-1,-1,-1,-1
30, 28885.jpg,5,1177,476,53,99,-1,-1,-1,-1
30, 28885.jpg,7,1029,450,62,165,-1,-1,-1,-1
30, 28885.jpg,8,611,547,62,105,-1,-1,-1,-1
30, 28885.jpg,9,440,620,73,131,-1,-1,-1,-1
30, 28885.jpg,10,1177,574,50,120,-1,-1,-1,-1
30, 28885.jpg,11,644,686,111,128,-1,-1,-1,-1
30, 28885.jpg,13,1328,779,74,208,-1,-1,-1,-1
30, 28885.jpg,14,1255,570,60,126,-1,-1,-1,-1
30, 28885.jpg,15,981,614,60,119,-1,-1,-1,-1
30, 28885.jpg,18,62,875,66,172,-1,-1,-1,-1
30, 28885.jpg,19,1514,598,82,118,-1,-1,-1,-1
31, 28886.jpg,2,1357,574,71,151,-1,-1,-1,-1
31, 28886.jpg,4,1256,702,76,142,-1,-1,-1,-1
31, 28886.jpg,5,1174,480,56,102,-1,-1,-1,-1
31, 28886.jpg,7,1035,438,67,177,-1,-1,-1,-1
31, 28886.jpg,8,621,546,62,107,-1,-1,-1,-1
31, 28886.jpg,9,447,623,71,127,-1,-1,-1,-1
31, 28886.jpg,10,1183,575,50,117,-1,-1,-1,-1
31, 28886.jpg,11,648,684,112,131,-1,-1,-1,-1
31, 28886.jpg,14,1259,572,58,121,-1,-1,-1,-1
31, 28886.jpg,15,987,615,59,115,-1,-1,-1,-1
31, 28886.jpg,18,68,874,66,169,-1,-1,-1,-1
31, 28886.jpg,19,1526,599,83,121,-1,-1,-1,-1
32, 28887.jpg,2,1363,580,68,147,-1,-1,-1,-1
32, 28887.jpg,4,1253,700,79,144,-1,-1,-1,-1
32, 28887.jpg,5,1170,483,61,108,-1,-1,-1,-1
32, 28887.jpg,7,1042,441,66,173,-1,-1,-1,-1
32, 28887.jpg,8,628,546,62,108,-1,-1,-1,-1
32, 28887.jpg,9,458,633,64,113,-1,-1,-1,-1
32, 28887.jpg,10,1191,573,51,118,-1,-1,-1,-1
32, 28887.jpg,11,655,682,110,129,-1,-1,-1,-1
32, 28887.jpg,13,1344,784,70,198,-1,-1,-1,-1
32, 28887.jpg,14,1264,572,55,115,-1,-1,-1,-1
32, 28887.jpg,15,995,610,61,119,-1,-1,-1,-1
32, 28887.jpg,18,77,874,68,170,-1,-1,-1,-1
32, 28887.jpg,19,1536,599,86,128,-1,-1,-1,-1
33, 28888.jpg,2,1368,583,67,146,-1,-1,-1,-1
33, 28888.jpg,4,1252,698,83,146,-1,-1,-1,-1
33, 28888.jpg,5,1166,485,68,117,-1,-1,-1,-1
33, 28888.jpg,7,1045,451,63,162,-1,-1,-1,-1
33, 28888.jpg,8,635,546,60,106,-1,-1,-1,-1
33, 28888.jpg,9,466,631,67,116,-1,-1,-1,-1
33, 28888.jpg,10,1199,573,51,117,-1,-1,-1,-1
33, 28888.jpg,11,661,680,112,131,-1,-1,-1,-1
33, 28888.jpg,13,1349,782,70,198,-1,-1,-1,-1
33, 28888.jpg,14,1268,570,56,116,-1,-1,-1,-1
33, 28888.jpg,15,1001,608,64,121,-1,-1,-1,-1
33, 28888.jpg,18,83,871,70,172,-1,-1,-1,-1
33, 28888.jpg,19,1548,601,85,129,-1,-1,-1,-1
34, 28889.jpg,2,1374,585,66,146,-1,-1,-1,-1
34, 28889.jpg,4,1253,702,84,143,-1,-1,-1,-1
34, 28889.jpg,5,1165,492,70,119,-1,-1,-1,-1
34, 28889.jpg,7,1048,441,69,174,-1,-1,-1,-1
34, 28889.jpg,8,640,544,60,107,-1,-1,-1,-1
34, 28889.jpg,9,476,630,69,117,-1,-1,-1,-1
34, 28889.jpg,10,1204,570,54,122,-1,-1,-1,-1
34, 28889.jpg,11,668,679,110,129,-1,-1,-1,-1
34, 28889.jpg,14,1275,567,56,116,-1,-1,-1,-1
34, 28889.jpg,15,1007,603,66,126,-1,-1,-1,-1
34, 28889.jpg,18,87,868,74,177,-1,-1,-1,-1
34, 28889.jpg,19,1561,607,83,126,-1,-1,-1,-1
35, 28890.jpg,2,1378,589,66,147,-1,-1,-1,-1
35, 28890.jpg,4,1254,706,85,139,-1,-1,-1,-1
35, 28890.jpg,5,1169,500,68,114,-1,-1,-1,-1
35, 28890.jpg,7,1054,446,66,166,-1,-1,-1,-1
35, 28890.jpg,8,650,542,59,107,-1,-1,-1,-1
35, 28890.jpg,9,483,633,67,112,-1,-1,-1,-1
35, 28890.jpg,10,1213,570,54,122,-1,-1,-1,-1
35, 28890.jpg,11,677,677,109,129,-1,-1,-1,-1
35, 28890.jpg,14,1281,562,57,119,-1,-1,-1,-1
35, 28890.jpg,15,1015,598,67,129,-1,-1,-1,-1
35, 28890.jpg,18,98,871,72,170,-1,-1,-1,-1
35, 28890.jpg,19,1571,609,82,127,-1,-1,-1,-1
36, 28891.jpg,2,1386,588,65,146,-1,-1,-1,-1
36, 28891.jpg,4,1259,709,86,135,-1,-1,-1,-1
36, 28891.jpg,5,1180,519,74,125,-1,-1,-1,-1
36, 28891.jpg,7,1061,456,63,158,-1,-1,-1,-1
36, 28891.jpg,8,658,540,57,105,-1,-1,-1,-1
36, 28891.jpg,9,489,631,70,114,-1,-1,-1,-1
36, 28891.jpg,10,1220,569,54,121,-1,-1,-1,-1
36, 28891.jpg,11,685,677,108,127,-1,-1,-1,-1
36, 28891.jpg,13,1369,782,69,201,-1,-1,-1,-1
36, 28891.jpg,14,1284,556,58,122,-1,-1,-1,-1
36, 28891.jpg,15,1022,594,68,132,-1,-1,-1,-1
36, 28891.jpg,18,106,869,73,171,-1,-1,-1,-1
36, 28891.jpg,19,1581,611,82,129,-1,-1,-1,-1
37, 28892.jpg,2,1392,587,65,147,-1,-1,-1,-1
37, 28892.jpg,4,1265,709,88,135,-1,-1,-1,-1
37, 28892.jpg,5,1188,533,79,131,-1,-1,-1,-1
37, 28892.jpg,7,1066,457,67,164,-1,-1,-1,-1
37, 28892.jpg,8,665,538,57,106,-1,-1,-1,-1
37, 28892.jpg,9,496,629,73,116,-1,-1,-1,-1
37, 28892.jpg,11,692,678,108,125,-1,-1,-1,-1
37, 28892.jpg,13,1375,781,69,201,-1,-1,-1,-1
37, 28892.jpg,14,1291,551,59,125,-1,-1,-1,-1
37, 28892.jpg,15,1027,592,69,134,-1,-1,-1,-1
37, 28892.jpg,18,111,868,73,171,-1,-1,-1,-1
37, 28892.jpg,19,1590,612,82,132,-1,-1,-1,-1
38, 28893.jpg,2,1397,583,66,151,-1,-1,-1,-1
38, 28893.jpg,4,1267,713,90,131,-1,-1,-1,-1
38, 28893.jpg,5,1186,530,68,108,-1,-1,-1,-1
38, 28893.jpg,7,1072,462,67,160,-1,-1,-1,-1
38, 28893.jpg,8,673,535,57,109,-1,-1,-1,-1
38, 28893.jpg,9,500,628,74,118,-1,-1,-1,-1
38, 28893.jpg,10,1230,552,63,143,-1,-1,-1,-1
38, 28893.jpg,11,699,678,110,126,-1,-1,-1,-1
38, 28893.jpg,14,1298,549,57,123,-1,-1,-1,-1
38, 28893.jpg,15,1032,591,70,136,-1,-1,-1,-1
38, 28893.jpg,18,116,869,74,168,-1,-1,-1,-1
38, 28893.jpg,19,1599,614,79,129,-1,-1,-1,-1
39, 28894.jpg,2,1403,581,65,152,-1,-1,-1,-1
39, 28894.jpg,4,1270,717,88,128,-1,-1,-1,-1
39, 28894.jpg,5,1197,537,78,123,-1,-1,-1,-1
39, 28894.jpg,7,1081,469,67,159,-1,-1,-1,-1
39, 28894.jpg,8,677,532,59,112,-1,-1,-1,-1
39, 28894.jpg,9,507,625,74,119,-1,-1,-1,-1
39, 28894.jpg,10,1237,549,63,145,-1,-1,-1,-1
39, 28894.jpg,11,707,678,109,124,-1,-1,-1,-1
39, 28894.jpg,14,1302,545,57,123,-1,-1,-1,-1
39, 28894.jpg,15,1039,591,69,135,-1,-1,-1,-1
39, 28894.jpg,18,121,866,75,170,-1,-1,-1,-1
39, 28894.jpg,19,1608,616,78,128,-1,-1,-1,-1
40, 28895.jpg,2,1409,579,65,155,-1,-1,-1,-1
40, 28895.jpg,4,1272,718,90,126,-1,-1,-1,-1
40, 28895.jpg,5,1205,542,83,132,-1,-1,-1,-1
40, 28895.jpg,7,1089,467,66,162,-1,-1,-1,-1
40, 28895.jpg,8,681,530,59,116,-1,-1,-1,-1
40, 28895.jpg,9,511,622,75,121,-1,-1,-1,-1
40, 28895.jpg,11,711,679,110,124,-1,-1,-1,-1
40, 28895.jpg,14,1308,543,54,119,-1,-1,-1,-1
40, 28895.jpg,15,1045,593,67,133,-1,-1,-1,-1
40, 28895.jpg,18,127,866,74,167,-1,-1,-1,-1
40, 28895.jpg,19,1615,615,76,129,-1,-1,-1,-1
