2, 19797.jpg,1,122,493,63,129,-1,-1,-1,-1
2, 19797.jpg,2,1100,618,106,141,-1,-1,-1,-1
2, 19797.jpg,3,1164,496,62,128,-1,-1,-1,-1
2, 19797.jpg,4,1209,750,72,164,-1,-1,-1,-1
2, 19797.jpg,5,1041,564,82,116,-1,-1,-1,-1
2, 19797.jpg,6,1343,593,54,129,-1,-1,-1,-1
2, 19797.jpg,7,351,616,85,135,-1,-1,-1,-1
2, 19797.jpg,8,543,552,56,121,-1,-1,-1,-1
2, 19797.jpg,9,1029,653,79,195,-1,-1,-1,-1
2, 19797.jpg,10,875,541,59,133,-1,-1,-1,-1
2, 19797.jpg,11,872,637,86,161,-1,-1,-1,-1
2, 19797.jpg,12,579,662,61,162,-1,-1,-1,-1
3, 19798.jpg,1,120,494,63,128,-1,-1,-1,-1
3, 19798.jpg,2,1107,618,105,139,-1,-1,-1,-1
3, 19798.jpg,3,1169,496,62,124,-1,-1,-1,-1
3, 19798.jpg,4,1219,759,74,166,-1,-1,-1,-1
3, 19798.jpg,5,1033,557,88,123,-1,-1,-1,-1
3, 19798.jpg,6,1346,592,55,130,-1,-1,-1,-1
3, 19798.jpg,7,346,616,87,137,-1,-1,-1,-1
3, 19798.jpg,8,541,553,56,121,-1,-1,-1,-1
3, 19798.jpg,9,1031,652,78,195,-1,-1,-1,-1
3, 19798.jpg,10,871,541,59,132,-1,-1,-1,-1
3, 19798.jpg,11,870,639,85,160,-1,-1,-1,-1
3, 19798.jpg,12,576,663,59,157,-1,-1,-1,-1
4, 19799.jpg,1,119,495,62,127,-1,-1,-1,-1
4, 19799.jpg,2,1107,615,106,143,-1,-1,-1,-1
4, 19799.jpg,3,1177,499,61,121,-1,-1,-1,-1
4, 19799.jpg,4,1217,757,73,160,-1,-1,-1,-1
4, 19799.jpg,5,1029,555,89,125,-1,-1,-1,-1
4, 19799.jpg,6,1350,589,57,132,-1,-1,-1,-1
4, 19799.jpg,7,343,615,87,137,-1,-1,-1,-1
4, 19799.jpg,8,540,555,57,122,-1,-1,-1,-1
4, 19799.jpg,9,1032,654,73,182,-1,-1,-1,-1
4, 19799.jpg,10,868,544,58,129,-1,-1,-1,-1
4, 19799.jpg,11,868,642,85,159,-1,-1,-1,-1
4, 19799.jpg,12,574,663,59,157,-1,-1,-1,-1
5, 19800.jpg,1,117,496,62,127,-1,-1,-1,-1
5, 19800.jpg,2,1112,614,105,143,-1,-1,-1,-1
5, 19800.jpg,3,1182,500,63,122,-1,-1,-1,-1
5, 19800.jpg,4,1219,755,75,162,-1,-1,-1,-1
5, 19800.jpg,5,1023,555,89,125,-1,-1,-1,-1
5, 19800.jpg,6,1352,589,58,130,-1,-1,-1,-1
5, 19800.jpg,7,341,616,86,135,-1,-1,-1,-1
5, 19800.jpg,8,538,557,56,120,-1,-1,-1,-1
5, 19800.jpg,9,1033,654,71,175,-1,-1,-1,-1
5, 19800.jpg,10,869,545,57,129,-1,-1,-1,-1
5, 19800.jpg,11,866,646,79,147,-1,-1,-1,-1
5, 19800.jpg,12,572,664,59,158,-1,-1,-1,-1
6, 19801.jpg,1,115,495,63,129,-1,-1,-1,-1
6, 19801.jpg,2,1115,612,105,145,-1,-1,-1,-1
6, 19801.jpg,3,1190,499,65,122,-1,-1,-1,-1
6, 19801.jpg,4,1220,755,77,164,-1,-1,-1,-1
6, 19801.jpg,5,1016,556,89,124,-1,-1,-1,-1
6, 19801.jpg,6,1353,588,60,132,-1,-1,-1,-1
6, 19801.jpg,7,336,618,85,133,-1,-1,-1,-1
6, 19801.jpg,8,535,559,55,118,-1,-1,-1,-1
6, 19801.jpg,9,1036,658,69,170,-1,-1,-1,-1
6, 19801.jpg,10,867,546,57,128,-1,-1,-1,-1
6, 19801.jpg,11,868,611,80,150,-1,-1,-1,-1
6, 19801.jpg,12,571,666,60,159,-1,-1,-1,-1
7, 19802.jpg,1,113,495,64,129,-1,-1,-1,-1
7, 19802.jpg,2,1116,610,105,149,-1,-1,-1,-1
7, 19802.jpg,3,1198,498,70,123,-1,-1,-1,-1
7, 19802.jpg,4,1220,759,78,159,-1,-1,-1,-1
7, 19802.jpg,5,1006,554,90,126,-1,-1,-1,-1
7, 19802.jpg,6,1355,586,61,132,-1,-1,-1,-1
7, 19802.jpg,7,330,620,82,131,-1,-1,-1,-1
7, 19802.jpg,8,532,561,56,116,-1,-1,-1,-1
7, 19802.jpg,9,1035,659,72,169,-1,-1,-1,-1
7, 19802.jpg,10,866,548,61,136,-1,-1,-1,-1
7, 19802.jpg,11,863,635,81,150,-1,-1,-1,-1
7, 19802.jpg,12,570,666,59,160,-1,-1,-1,-1
8, 19803.jpg,2,1118,609,103,152,-1,-1,-1,-1
8, 19803.jpg,3,1201,501,70,118,-1,-1,-1,-1
8, 19803.jpg,4,1215,756,75,150,-1,-1,-1,-1
8, 19803.jpg,5,999,556,87,123,-1,-1,-1,-1
8, 19803.jpg,6,1356,585,61,130,-1,-1,-1,-1
8, 19803.jpg,7,325,621,81,131,-1,-1,-1,-1
8, 19803.jpg,8,532,561,55,116,-1,-1,-1,-1
8, 19803.jpg,9,1034,660,72,168,-1,-1,-1,-1
8, 19803.jpg,10,863,550,60,133,-1,-1,-1,-1
8, 19803.jpg,11,862,643,82,155,-1,-1,-1,-1
8, 19803.jpg,12,568,667,60,161,-1,-1,-1,-1
9, 19804.jpg,2,1119,607,103,155,-1,-1,-1,-1
9, 19804.jpg,3,1202,505,71,113,-1,-1,-1,-1
9, 19804.jpg,4,1212,752,78,154,-1,-1,-1,-1
9, 19804.jpg,5,995,558,83,119,-1,-1,-1,-1
9, 19804.jpg,6,1356,582,62,132,-1,-1,-1,-1
9, 19804.jpg,7,322,623,79,129,-1,-1,-1,-1
9, 19804.jpg,8,531,562,55,114,-1,-1,-1,-1
9, 19804.jpg,9,1032,656,74,173,-1,-1,-1,-1
9, 19804.jpg,10,866,556,57,122,-1,-1,-1,-1
9, 19804.jpg,11,861,644,84,157,-1,-1,-1,-1
9, 19804.jpg,12,567,667,60,161,-1,-1,-1,-1
10, 19805.jpg,2,1121,607,100,157,-1,-1,-1,-1
10, 19805.jpg,3,1203,509,71,107,-1,-1,-1,-1
10, 19805.jpg,4,1209,749,84,163,-1,-1,-1,-1
10, 19805.jpg,5,993,559,82,120,-1,-1,-1,-1
10, 19805.jpg,6,1356,578,63,136,-1,-1,-1,-1
10, 19805.jpg,7,316,623,78,131,-1,-1,-1,-1
10, 19805.jpg,8,527,562,56,114,-1,-1,-1,-1
10, 19805.jpg,9,1027,652,77,176,-1,-1,-1,-1
10, 19805.jpg,10,867,555,60,125,-1,-1,-1,-1
10, 19805.jpg,11,859,644,84,158,-1,-1,-1,-1
10, 19805.jpg,12,566,666,59,161,-1,-1,-1,-1
11, 19806.jpg,2,1123,606,98,160,-1,-1,-1,-1
11, 19806.jpg,3,1201,508,75,109,-1,-1,-1,-1
11, 19806.jpg,4,1211,751,84,162,-1,-1,-1,-1
11, 19806.jpg,5,990,558,84,123,-1,-1,-1,-1
11, 19806.jpg,6,1357,573,64,139,-1,-1,-1,-1
11, 19806.jpg,7,311,624,77,131,-1,-1,-1,-1
11, 19806.jpg,8,526,564,56,112,-1,-1,-1,-1
11, 19806.jpg,9,1023,652,77,175,-1,-1,-1,-1
11, 19806.jpg,10,864,557,59,121,-1,-1,-1,-1
11, 19806.jpg,11,861,608,80,151,-1,-1,-1,-1
11, 19806.jpg,12,565,665,60,163,-1,-1,-1,-1
12, 19807.jpg,1,102,489,65,133,-1,-1,-1,-1
12, 19807.jpg,2,1124,606,98,163,-1,-1,-1,-1
12, 19807.jpg,3,1200,504,81,114,-1,-1,-1,-1
12, 19807.jpg,4,1209,749,84,162,-1,-1,-1,-1
12, 19807.jpg,5,989,556,83,124,-1,-1,-1,-1
12, 19807.jpg,6,1360,572,63,139,-1,-1,-1,-1
12, 19807.jpg,7,309,625,75,130,-1,-1,-1,-1
12, 19807.jpg,8,525,566,57,111,-1,-1,-1,-1
12, 19807.jpg,9,1016,645,80,179,-1,-1,-1,-1
12, 19807.jpg,10,863,559,58,119,-1,-1,-1,-1
12, 19807.jpg,11,867,584,76,143,-1,-1,-1,-1
12, 19807.jpg,12,564,666,59,161,-1,-1,-1,-1
13, 19808.jpg,2,1126,607,94,161,-1,-1,-1,-1
13, 19808.jpg,3,1191,502,88,120,-1,-1,-1,-1
13, 19808.jpg,4,1207,750,85,163,-1,-1,-1,-1
13, 19808.jpg,5,985,550,87,132,-1,-1,-1,-1
13, 19808.jpg,6,1363,570,62,140,-1,-1,-1,-1
13, 19808.jpg,7,309,625,74,130,-1,-1,-1,-1
13, 19808.jpg,8,524,566,57,110,-1,-1,-1,-1
13, 19808.jpg,9,1012,646,77,169,-1,-1,-1,-1
13, 19808.jpg,11,860,566,68,128,-1,-1,-1,-1
13, 19808.jpg,12,563,667,59,159,-1,-1,-1,-1
14, 19809.jpg,2,1128,608,91,159,-1,-1,-1,-1
14, 19809.jpg,3,1182,498,92,123,-1,-1,-1,-1
14, 19809.jpg,4,1211,757,85,165,-1,-1,-1,-1
14, 19809.jpg,5,981,538,93,146,-1,-1,-1,-1
14, 19809.jpg,6,1364,569,62,140,-1,-1,-1,-1
14, 19809.jpg,7,309,624,73,131,-1,-1,-1,-1
14, 19809.jpg,8,523,567,58,109,-1,-1,-1,-1
14, 19809.jpg,9,1008,649,75,160,-1,-1,-1,-1
14, 19809.jpg,10,861,584,67,136,-1,-1,-1,-1
14, 19809.jpg,11,859,558,66,125,-1,-1,-1,-1
14, 19809.jpg,12,562,668,58,157,-1,-1,-1,-1
15, 19810.jpg,2,1130,608,88,159,-1,-1,-1,-1
15, 19810.jpg,3,1173,494,93,122,-1,-1,-1,-1
15, 19810.jpg,4,1209,761,80,155,-1,-1,-1,-1
15, 19810.jpg,5,980,527,94,153,-1,-1,-1,-1
15, 19810.jpg,6,1366,569,61,141,-1,-1,-1,-1
15, 19810.jpg,7,309,623,72,131,-1,-1,-1,-1
15, 19810.jpg,8,521,566,60,110,-1,-1,-1,-1
15, 19810.jpg,9,1005,646,73,158,-1,-1,-1,-1
15, 19810.jpg,10,861,590,68,137,-1,-1,-1,-1
15, 19810.jpg,12,561,668,58,157,-1,-1,-1,-1
16, 19811.jpg,2,1131,609,86,159,-1,-1,-1,-1
16, 19811.jpg,3,1169,490,94,122,-1,-1,-1,-1
16, 19811.jpg,4,1211,768,79,152,-1,-1,-1,-1
16, 19811.jpg,5,976,515,98,164,-1,-1,-1,-1
16, 19811.jpg,6,1368,571,61,139,-1,-1,-1,-1
16, 19811.jpg,7,309,623,71,130,-1,-1,-1,-1
16, 19811.jpg,8,520,566,60,110,-1,-1,-1,-1
16, 19811.jpg,9,1001,643,72,160,-1,-1,-1,-1
16, 19811.jpg,10,865,590,68,136,-1,-1,-1,-1
16, 19811.jpg,12,560,667,59,158,-1,-1,-1,-1
17, 19812.jpg,2,1133,611,83,158,-1,-1,-1,-1
17, 19812.jpg,3,1161,484,96,122,-1,-1,-1,-1
17, 19812.jpg,4,1209,770,81,153,-1,-1,-1,-1
17, 19812.jpg,5,976,506,96,166,-1,-1,-1,-1
17, 19812.jpg,6,1370,572,61,138,-1,-1,-1,-1
17, 19812.jpg,7,308,623,71,130,-1,-1,-1,-1
17, 19812.jpg,8,519,566,61,109,-1,-1,-1,-1
17, 19812.jpg,9,998,644,71,155,-1,-1,-1,-1
17, 19812.jpg,10,860,604,74,152,-1,-1,-1,-1
17, 19812.jpg,12,560,668,59,158,-1,-1,-1,-1
18, 19813.jpg,2,1135,613,80,156,-1,-1,-1,-1
18, 19813.jpg,3,1153,482,97,123,-1,-1,-1,-1
18, 19813.jpg,4,1204,769,84,158,-1,-1,-1,-1
18, 19813.jpg,5,977,500,96,172,-1,-1,-1,-1
18, 19813.jpg,6,1371,574,61,137,-1,-1,-1,-1
18, 19813.jpg,7,307,622,71,132,-1,-1,-1,-1
18, 19813.jpg,8,518,565,63,111,-1,-1,-1,-1
18, 19813.jpg,9,995,645,69,151,-1,-1,-1,-1
18, 19813.jpg,10,862,587,74,152,-1,-1,-1,-1
18, 19813.jpg,12,559,668,59,158,-1,-1,-1,-1
19, 19814.jpg,2,1137,613,78,157,-1,-1,-1,-1
19, 19814.jpg,3,1143,482,96,121,-1,-1,-1,-1
19, 19814.jpg,4,1200,799,97,181,-1,-1,-1,-1
19, 19814.jpg,5,976,490,98,181,-1,-1,-1,-1
19, 19814.jpg,6,1372,575,61,136,-1,-1,-1,-1
19, 19814.jpg,7,306,622,72,134,-1,-1,-1,-1
19, 19814.jpg,8,517,564,64,112,-1,-1,-1,-1
19, 19814.jpg,9,991,646,69,150,-1,-1,-1,-1
19, 19814.jpg,10,862,579,72,149,-1,-1,-1,-1
19, 19814.jpg,12,559,668,59,158,-1,-1,-1,-1
20, 19815.jpg,2,1138,614,77,157,-1,-1,-1,-1
20, 19815.jpg,3,1133,483,97,123,-1,-1,-1,-1
20, 19815.jpg,4,1194,804,105,199,-1,-1,-1,-1
20, 19815.jpg,5,975,481,96,185,-1,-1,-1,-1
20, 19815.jpg,6,1372,576,61,135,-1,-1,-1,-1
20, 19815.jpg,7,305,621,72,135,-1,-1,-1,-1
20, 19815.jpg,8,517,564,65,113,-1,-1,-1,-1
20, 19815.jpg,9,986,638,74,160,-1,-1,-1,-1
20, 19815.jpg,10,860,588,72,150,-1,-1,-1,-1
20, 19815.jpg,12,559,668,59,158,-1,-1,-1,-1
20, 19815.jpg,17,857,649,58,169,-1,-1,-1,-1
21, 19816.jpg,2,1138,613,78,162,-1,-1,-1,-1
21, 19816.jpg,3,1126,486,93,121,-1,-1,-1,-1
21, 19816.jpg,4,1198,830,96,184,-1,-1,-1,-1
21, 19816.jpg,5,977,482,91,182,-1,-1,-1,-1
21, 19816.jpg,6,1372,575,61,136,-1,-1,-1,-1
21, 19816.jpg,7,305,620,71,137,-1,-1,-1,-1
21, 19816.jpg,8,517,563,66,114,-1,-1,-1,-1
21, 19816.jpg,9,982,625,78,172,-1,-1,-1,-1
21, 19816.jpg,10,864,572,71,150,-1,-1,-1,-1
21, 19816.jpg,12,559,669,59,158,-1,-1,-1,-1
21, 19816.jpg,17,859,647,58,170,-1,-1,-1,-1
22, 19817.jpg,2,1138,613,77,162,-1,-1,-1,-1
22, 19817.jpg,3,1122,489,89,117,-1,-1,-1,-1
22, 19817.jpg,4,1198,839,93,181,-1,-1,-1,-1
22, 19817.jpg,5,980,484,83,167,-1,-1,-1,-1
22, 19817.jpg,6,1372,574,61,137,-1,-1,-1,-1
22, 19817.jpg,7,305,621,70,135,-1,-1,-1,-1
22, 19817.jpg,8,516,563,66,114,-1,-1,-1,-1
22, 19817.jpg,9,979,616,81,180,-1,-1,-1,-1
22, 19817.jpg,10,864,568,70,150,-1,-1,-1,-1
22, 19817.jpg,12,559,669,60,158,-1,-1,-1,-1
22, 19817.jpg,17,858,646,59,173,-1,-1,-1,-1
23, 19818.jpg,2,1139,613,75,163,-1,-1,-1,-1
23, 19818.jpg,3,1117,489,89,117,-1,-1,-1,-1
23, 19818.jpg,4,1191,822,100,198,-1,-1,-1,-1
23, 19818.jpg,5,983,487,76,158,-1,-1,-1,-1
23, 19818.jpg,6,1372,574,61,139,-1,-1,-1,-1
23, 19818.jpg,7,305,621,69,135,-1,-1,-1,-1
23, 19818.jpg,8,515,563,67,114,-1,-1,-1,-1
23, 19818.jpg,9,975,599,87,196,-1,-1,-1,-1
23, 19818.jpg,10,864,568,70,152,-1,-1,-1,-1
23, 19818.jpg,11,860,540,67,130,-1,-1,-1,-1
23, 19818.jpg,12,559,669,60,159,-1,-1,-1,-1
23, 19818.jpg,17,860,650,57,167,-1,-1,-1,-1
24, 19819.jpg,2,1139,614,75,163,-1,-1,-1,-1
24, 19819.jpg,3,1113,492,87,113,-1,-1,-1,-1
24, 19819.jpg,4,1187,813,104,214,-1,-1,-1,-1
24, 19819.jpg,5,991,487,69,148,-1,-1,-1,-1
24, 19819.jpg,6,1373,575,61,137,-1,-1,-1,-1
24, 19819.jpg,7,306,621,67,135,-1,-1,-1,-1
24, 19819.jpg,8,515,563,67,114,-1,-1,-1,-1
24, 19819.jpg,9,972,591,86,192,-1,-1,-1,-1
24, 19819.jpg,11,861,538,66,132,-1,-1,-1,-1
24, 19819.jpg,12,559,669,60,160,-1,-1,-1,-1
24, 19819.jpg,17,861,651,57,165,-1,-1,-1,-1
25, 19820.jpg,2,1140,612,75,165,-1,-1,-1,-1
25, 19820.jpg,3,1107,490,91,117,-1,-1,-1,-1
25, 19820.jpg,4,1193,824,96,202,-1,-1,-1,-1
25, 19820.jpg,5,996,493,63,137,-1,-1,-1,-1
25, 19820.jpg,6,1373,577,60,136,-1,-1,-1,-1
25, 19820.jpg,7,306,622,66,132,-1,-1,-1,-1
25, 19820.jpg,8,515,563,67,115,-1,-1,-1,-1
25, 19820.jpg,9,970,583,85,192,-1,-1,-1,-1
25, 19820.jpg,11,861,539,64,129,-1,-1,-1,-1
25, 19820.jpg,12,559,669,61,162,-1,-1,-1,-1
25, 19820.jpg,17,862,643,59,172,-1,-1,-1,-1
26, 19821.jpg,2,1141,611,74,165,-1,-1,-1,-1
26, 19821.jpg,3,1097,483,96,121,-1,-1,-1,-1
26, 19821.jpg,4,1195,822,95,206,-1,-1,-1,-1
26, 19821.jpg,5,997,499,63,137,-1,-1,-1,-1
26, 19821.jpg,6,1372,580,61,136,-1,-1,-1,-1
26, 19821.jpg,7,306,621,65,133,-1,-1,-1,-1
26, 19821.jpg,8,515,563,66,115,-1,-1,-1,-1
26, 19821.jpg,9,969,580,81,183,-1,-1,-1,-1
26, 19821.jpg,11,860,537,65,133,-1,-1,-1,-1
26, 19821.jpg,12,558,670,61,160,-1,-1,-1,-1
26, 19821.jpg,17,865,656,54,160,-1,-1,-1,-1
26, 19821.jpg,19,1138,748,83,162,-1,-1,-1,-1
27, 19822.jpg,1,99,492,64,133,-1,-1,-1,-1
27, 19822.jpg,2,1142,611,73,165,-1,-1,-1,-1
27, 19822.jpg,3,1086,478,100,125,-1,-1,-1,-1
27, 19822.jpg,4,1193,819,95,209,-1,-1,-1,-1
27, 19822.jpg,5,997,498,62,135,-1,-1,-1,-1
27, 19822.jpg,6,1373,585,61,135,-1,-1,-1,-1
27, 19822.jpg,7,306,621,64,132,-1,-1,-1,-1
27, 19822.jpg,8,515,563,66,115,-1,-1,-1,-1
27, 19822.jpg,9,969,576,79,182,-1,-1,-1,-1
27, 19822.jpg,11,857,532,66,135,-1,-1,-1,-1
27, 19822.jpg,12,558,672,60,159,-1,-1,-1,-1
27, 19822.jpg,17,866,660,54,159,-1,-1,-1,-1
27, 19822.jpg,19,1123,744,85,164,-1,-1,-1,-1
28, 19823.jpg,1,99,491,65,134,-1,-1,-1,-1
28, 19823.jpg,2,1142,611,72,163,-1,-1,-1,-1
28, 19823.jpg,3,1077,479,101,128,-1,-1,-1,-1
28, 19823.jpg,4,1193,820,91,203,-1,-1,-1,-1
28, 19823.jpg,5,998,512,56,122,-1,-1,-1,-1
28, 19823.jpg,6,1374,590,59,131,-1,-1,-1,-1
28, 19823.jpg,7,305,622,64,131,-1,-1,-1,-1
28, 19823.jpg,8,516,563,65,114,-1,-1,-1,-1
28, 19823.jpg,9,967,570,79,178,-1,-1,-1,-1
28, 19823.jpg,11,856,536,70,144,-1,-1,-1,-1
28, 19823.jpg,12,560,677,57,150,-1,-1,-1,-1
28, 19823.jpg,17,867,660,55,163,-1,-1,-1,-1
28, 19823.jpg,19,1112,738,91,174,-1,-1,-1,-1
29, 19824.jpg,1,99,491,64,134,-1,-1,-1,-1
29, 19824.jpg,2,1141,610,72,162,-1,-1,-1,-1
29, 19824.jpg,3,1072,484,98,125,-1,-1,-1,-1
29, 19824.jpg,4,1195,820,87,201,-1,-1,-1,-1
29, 19824.jpg,5,998,513,54,119,-1,-1,-1,-1
29, 19824.jpg,6,1375,594,58,127,-1,-1,-1,-1
29, 19824.jpg,7,304,621,65,135,-1,-1,-1,-1
29, 19824.jpg,8,517,563,63,113,-1,-1,-1,-1
29, 19824.jpg,9,966,556,79,183,-1,-1,-1,-1
29, 19824.jpg,11,856,529,69,140,-1,-1,-1,-1
29, 19824.jpg,12,561,681,56,144,-1,-1,-1,-1
29, 19824.jpg,17,869,665,54,158,-1,-1,-1,-1
29, 19824.jpg,19,1102,737,94,177,-1,-1,-1,-1
30, 19825.jpg,2,1140,611,71,160,-1,-1,-1,-1
30, 19825.jpg,3,1064,486,98,126,-1,-1,-1,-1
30, 19825.jpg,4,1196,819,86,201,-1,-1,-1,-1
30, 19825.jpg,6,1376,597,57,124,-1,-1,-1,-1
30, 19825.jpg,7,303,621,66,134,-1,-1,-1,-1
30, 19825.jpg,8,517,560,64,116,-1,-1,-1,-1
30, 19825.jpg,9,975,545,73,171,-1,-1,-1,-1
30, 19825.jpg,11,859,531,71,143,-1,-1,-1,-1
30, 19825.jpg,12,557,684,57,142,-1,-1,-1,-1
30, 19825.jpg,17,872,670,53,153,-1,-1,-1,-1
30, 19825.jpg,19,1093,739,94,175,-1,-1,-1,-1
31, 19826.jpg,1,105,494,63,131,-1,-1,-1,-1
31, 19826.jpg,2,1142,612,69,160,-1,-1,-1,-1
31, 19826.jpg,3,1062,495,91,119,-1,-1,-1,-1
31, 19826.jpg,4,1195,816,86,205,-1,-1,-1,-1
31, 19826.jpg,6,1379,599,57,123,-1,-1,-1,-1
31, 19826.jpg,7,304,620,64,130,-1,-1,-1,-1
31, 19826.jpg,8,520,559,63,115,-1,-1,-1,-1
31, 19826.jpg,9,983,544,71,162,-1,-1,-1,-1
31, 19826.jpg,10,881,595,48,97,-1,-1,-1,-1
31, 19826.jpg,11,858,529,72,143,-1,-1,-1,-1
31, 19826.jpg,12,555,687,57,137,-1,-1,-1,-1
31, 19826.jpg,17,875,676,51,147,-1,-1,-1,-1
31, 19826.jpg,19,1088,745,89,166,-1,-1,-1,-1
32, 19827.jpg,1,108,497,61,128,-1,-1,-1,-1
32, 19827.jpg,2,1144,612,69,159,-1,-1,-1,-1
32, 19827.jpg,3,1058,499,86,116,-1,-1,-1,-1
32, 19827.jpg,4,1194,817,87,207,-1,-1,-1,-1
32, 19827.jpg,6,1383,601,58,123,-1,-1,-1,-1
32, 19827.jpg,7,300,619,65,133,-1,-1,-1,-1
32, 19827.jpg,8,524,556,62,115,-1,-1,-1,-1
32, 19827.jpg,9,986,546,73,162,-1,-1,-1,-1
32, 19827.jpg,10,882,597,47,94,-1,-1,-1,-1
32, 19827.jpg,11,869,528,64,123,-1,-1,-1,-1
32, 19827.jpg,12,550,685,60,139,-1,-1,-1,-1
32, 19827.jpg,17,881,680,51,143,-1,-1,-1,-1
32, 19827.jpg,19,1081,745,86,162,-1,-1,-1,-1
33, 19828.jpg,1,109,497,61,128,-1,-1,-1,-1
33, 19828.jpg,2,1147,612,67,159,-1,-1,-1,-1
33, 19828.jpg,3,1053,498,83,115,-1,-1,-1,-1
33, 19828.jpg,6,1388,603,58,123,-1,-1,-1,-1
33, 19828.jpg,7,297,617,66,134,-1,-1,-1,-1
33, 19828.jpg,8,528,553,60,114,-1,-1,-1,-1
33, 19828.jpg,9,988,550,73,160,-1,-1,-1,-1
33, 19828.jpg,11,874,532,69,135,-1,-1,-1,-1
33, 19828.jpg,12,545,685,64,138,-1,-1,-1,-1
33, 19828.jpg,17,884,681,52,143,-1,-1,-1,-1
33, 19828.jpg,19,1076,743,82,155,-1,-1,-1,-1
34, 19829.jpg,2,1152,610,67,161,-1,-1,-1,-1
34, 19829.jpg,3,1052,499,81,115,-1,-1,-1,-1
34, 19829.jpg,6,1390,601,59,125,-1,-1,-1,-1
34, 19829.jpg,7,295,617,67,132,-1,-1,-1,-1
34, 19829.jpg,8,529,552,60,114,-1,-1,-1,-1
34, 19829.jpg,9,971,552,76,170,-1,-1,-1,-1
34, 19829.jpg,11,878,532,66,128,-1,-1,-1,-1
34, 19829.jpg,12,540,684,69,140,-1,-1,-1,-1
34, 19829.jpg,17,886,677,55,152,-1,-1,-1,-1
34, 19829.jpg,19,1065,738,85,161,-1,-1,-1,-1
35, 19830.jpg,2,1157,611,66,159,-1,-1,-1,-1
35, 19830.jpg,3,1050,499,78,114,-1,-1,-1,-1
35, 19830.jpg,6,1395,601,58,124,-1,-1,-1,-1
35, 19830.jpg,7,295,616,67,132,-1,-1,-1,-1
35, 19830.jpg,8,530,550,62,115,-1,-1,-1,-1
35, 19830.jpg,9,982,556,71,159,-1,-1,-1,-1
35, 19830.jpg,11,878,529,62,117,-1,-1,-1,-1
35, 19830.jpg,12,541,687,72,136,-1,-1,-1,-1
35, 19830.jpg,17,888,674,57,160,-1,-1,-1,-1
35, 19830.jpg,19,1059,731,88,168,-1,-1,-1,-1
36, 19831.jpg,2,1163,612,63,156,-1,-1,-1,-1
36, 19831.jpg,3,1043,517,77,114,-1,-1,-1,-1
36, 19831.jpg,6,1398,601,58,125,-1,-1,-1,-1
36, 19831.jpg,7,296,621,66,127,-1,-1,-1,-1
36, 19831.jpg,8,532,550,64,116,-1,-1,-1,-1
36, 19831.jpg,9,990,560,67,147,-1,-1,-1,-1
36, 19831.jpg,11,879,528,62,115,-1,-1,-1,-1
36, 19831.jpg,12,541,689,75,133,-1,-1,-1,-1
36, 19831.jpg,17,893,675,57,160,-1,-1,-1,-1
36, 19831.jpg,19,1056,719,93,180,-1,-1,-1,-1
37, 19832.jpg,2,1168,610,64,160,-1,-1,-1,-1
37, 19832.jpg,3,1039,525,79,120,-1,-1,-1,-1
37, 19832.jpg,6,1404,599,60,129,-1,-1,-1,-1
37, 19832.jpg,7,304,622,65,124,-1,-1,-1,-1
37, 19832.jpg,8,538,550,65,113,-1,-1,-1,-1
37, 19832.jpg,9,983,567,69,154,-1,-1,-1,-1
37, 19832.jpg,11,887,522,62,118,-1,-1,-1,-1
37, 19832.jpg,12,542,691,77,131,-1,-1,-1,-1
37, 19832.jpg,17,899,670,59,168,-1,-1,-1,-1
37, 19832.jpg,19,1054,705,98,195,-1,-1,-1,-1
38, 19833.jpg,2,1175,611,62,155,-1,-1,-1,-1
38, 19833.jpg,3,1039,549,70,108,-1,-1,-1,-1
38, 19833.jpg,5,1058,482,55,122,-1,-1,-1,-1
38, 19833.jpg,6,1409,598,62,132,-1,-1,-1,-1
38, 19833.jpg,7,309,619,67,127,-1,-1,-1,-1
38, 19833.jpg,8,546,551,68,111,-1,-1,-1,-1
38, 19833.jpg,9,980,572,69,160,-1,-1,-1,-1
38, 19833.jpg,10,906,581,62,122,-1,-1,-1,-1
38, 19833.jpg,11,891,522,58,113,-1,-1,-1,-1
38, 19833.jpg,12,545,696,79,127,-1,-1,-1,-1
38, 19833.jpg,17,903,668,59,170,-1,-1,-1,-1
38, 19833.jpg,19,1057,691,101,204,-1,-1,-1,-1
39, 19834.jpg,2,1182,611,60,153,-1,-1,-1,-1
39, 19834.jpg,3,1034,555,70,107,-1,-1,-1,-1
39, 19834.jpg,5,1054,486,58,125,-1,-1,-1,-1
39, 19834.jpg,6,1414,601,63,135,-1,-1,-1,-1
39, 19834.jpg,7,315,617,67,124,-1,-1,-1,-1
39, 19834.jpg,8,553,550,71,112,-1,-1,-1,-1
39, 19834.jpg,9,981,579,69,161,-1,-1,-1,-1
39, 19834.jpg,10,908,581,67,139,-1,-1,-1,-1
39, 19834.jpg,11,894,522,56,109,-1,-1,-1,-1
39, 19834.jpg,12,547,698,84,129,-1,-1,-1,-1
39, 19834.jpg,17,908,663,61,175,-1,-1,-1,-1
39, 19834.jpg,19,1061,681,100,204,-1,-1,-1,-1
40, 19835.jpg,2,1187,610,59,152,-1,-1,-1,-1
40, 19835.jpg,5,1053,498,65,141,-1,-1,-1,-1
40, 19835.jpg,6,1419,602,65,139,-1,-1,-1,-1
40, 19835.jpg,7,322,614,68,125,-1,-1,-1,-1
40, 19835.jpg,8,562,549,75,111,-1,-1,-1,-1
40, 19835.jpg,9,984,586,67,159,-1,-1,-1,-1
40, 19835.jpg,10,909,589,71,153,-1,-1,-1,-1
40, 19835.jpg,11,897,523,51,102,-1,-1,-1,-1
40, 19835.jpg,12,555,695,90,130,-1,-1,-1,-1
40, 19835.jpg,17,912,663,60,176,-1,-1,-1,-1
40, 19835.jpg,19,1068,673,99,202,-1,-1,-1,-1
