2, 12532.jpg,1,473,284,46,79,-1,-1,-1,-1
2, 12532.jpg,2,651,325,51,98,-1,-1,-1,-1
2, 12532.jpg,3,392,335,53,81,-1,-1,-1,-1
2, 12532.jpg,4,174,455,101,106,-1,-1,-1,-1
2, 12532.jpg,5,705,392,61,105,-1,-1,-1,-1
2, 12532.jpg,6,552,340,39,109,-1,-1,-1,-1
2, 12532.jpg,7,1020,355,46,92,-1,-1,-1,-1
2, 12532.jpg,8,844,311,52,87,-1,-1,-1,-1
2, 12532.jpg,9,423,455,53,120,-1,-1,-1,-1
2, 12532.jpg,10,311,357,54,108,-1,-1,-1,-1
2, 12532.jpg,11,943,432,46,96,-1,-1,-1,-1
3, 12533.jpg,1,473,288,43,75,-1,-1,-1,-1
3, 12533.jpg,2,651,327,48,92,-1,-1,-1,-1
3, 12533.jpg,3,393,336,52,79,-1,-1,-1,-1
3, 12533.jpg,4,168,452,104,110,-1,-1,-1,-1
3, 12533.jpg,5,705,392,62,106,-1,-1,-1,-1
3, 12533.jpg,6,550,339,38,109,-1,-1,-1,-1
3, 12533.jpg,7,1019,356,46,90,-1,-1,-1,-1
3, 12533.jpg,8,837,310,52,87,-1,-1,-1,-1
3, 12533.jpg,9,430,452,54,120,-1,-1,-1,-1
3, 12533.jpg,10,310,358,54,107,-1,-1,-1,-1
3, 12533.jpg,11,941,431,47,98,-1,-1,-1,-1
4, 12534.jpg,1,471,284,46,80,-1,-1,-1,-1
4, 12534.jpg,2,649,329,45,87,-1,-1,-1,-1
4, 12534.jpg,3,394,335,53,82,-1,-1,-1,-1
4, 12534.jpg,4,163,450,106,113,-1,-1,-1,-1
4, 12534.jpg,5,708,393,61,105,-1,-1,-1,-1
4, 12534.jpg,6,548,339,38,108,-1,-1,-1,-1
4, 12534.jpg,7,1018,357,45,88,-1,-1,-1,-1
4, 12534.jpg,8,833,311,51,86,-1,-1,-1,-1
4, 12534.jpg,9,438,450,54,119,-1,-1,-1,-1
4, 12534.jpg,10,309,359,53,107,-1,-1,-1,-1
4, 12534.jpg,11,940,431,47,97,-1,-1,-1,-1
5, 12535.jpg,1,469,283,47,81,-1,-1,-1,-1
5, 12535.jpg,2,647,330,43,83,-1,-1,-1,-1
5, 12535.jpg,3,395,334,55,83,-1,-1,-1,-1
5, 12535.jpg,4,159,445,108,117,-1,-1,-1,-1
5, 12535.jpg,5,713,393,60,106,-1,-1,-1,-1
5, 12535.jpg,6,547,340,38,106,-1,-1,-1,-1
5, 12535.jpg,7,1018,359,43,85,-1,-1,-1,-1
5, 12535.jpg,8,827,310,51,88,-1,-1,-1,-1
5, 12535.jpg,9,446,450,53,116,-1,-1,-1,-1
5, 12535.jpg,10,309,360,52,105,-1,-1,-1,-1
5, 12535.jpg,11,938,430,47,99,-1,-1,-1,-1
6, 12536.jpg,1,467,280,49,87,-1,-1,-1,-1
6, 12536.jpg,2,645,331,42,81,-1,-1,-1,-1
6, 12536.jpg,3,399,332,56,84,-1,-1,-1,-1
6, 12536.jpg,4,156,444,108,119,-1,-1,-1,-1
6, 12536.jpg,5,718,394,59,105,-1,-1,-1,-1
6, 12536.jpg,6,547,340,38,105,-1,-1,-1,-1
6, 12536.jpg,7,1016,359,43,84,-1,-1,-1,-1
6, 12536.jpg,8,823,311,49,87,-1,-1,-1,-1
6, 12536.jpg,9,453,449,53,115,-1,-1,-1,-1
6, 12536.jpg,10,308,360,52,104,-1,-1,-1,-1
6, 12536.jpg,11,937,431,48,98,-1,-1,-1,-1
7, 12537.jpg,1,466,275,50,92,-1,-1,-1,-1
7, 12537.jpg,2,641,329,42,81,-1,-1,-1,-1
7, 12537.jpg,3,404,332,56,83,-1,-1,-1,-1
7, 12537.jpg,4,152,442,107,121,-1,-1,-1,-1
7, 12537.jpg,5,723,394,59,106,-1,-1,-1,-1
7, 12537.jpg,6,547,340,37,103,-1,-1,-1,-1
7, 12537.jpg,7,1013,357,45,86,-1,-1,-1,-1
7, 12537.jpg,8,819,310,49,88,-1,-1,-1,-1
7, 12537.jpg,9,462,451,51,113,-1,-1,-1,-1
7, 12537.jpg,10,307,361,51,102,-1,-1,-1,-1
7, 12537.jpg,11,938,433,46,94,-1,-1,-1,-1
8, 12538.jpg,1,464,269,53,98,-1,-1,-1,-1
8, 12538.jpg,2,640,329,41,80,-1,-1,-1,-1
8, 12538.jpg,3,410,334,54,80,-1,-1,-1,-1
8, 12538.jpg,4,149,439,107,122,-1,-1,-1,-1
8, 12538.jpg,5,729,396,58,106,-1,-1,-1,-1
8, 12538.jpg,6,547,340,38,99,-1,-1,-1,-1
8, 12538.jpg,7,1011,355,45,89,-1,-1,-1,-1
8, 12538.jpg,8,814,310,50,90,-1,-1,-1,-1
8, 12538.jpg,9,469,452,51,112,-1,-1,-1,-1
8, 12538.jpg,10,307,360,50,102,-1,-1,-1,-1
8, 12538.jpg,11,939,436,45,90,-1,-1,-1,-1
9, 12539.jpg,1,463,262,55,105,-1,-1,-1,-1
9, 12539.jpg,2,638,327,42,82,-1,-1,-1,-1
9, 12539.jpg,3,417,334,52,79,-1,-1,-1,-1
9, 12539.jpg,4,150,440,105,122,-1,-1,-1,-1
9, 12539.jpg,5,734,397,57,106,-1,-1,-1,-1
9, 12539.jpg,6,548,340,39,98,-1,-1,-1,-1
9, 12539.jpg,7,1010,354,46,90,-1,-1,-1,-1
9, 12539.jpg,8,813,312,48,88,-1,-1,-1,-1
9, 12539.jpg,9,477,450,51,113,-1,-1,-1,-1
9, 12539.jpg,10,307,360,50,101,-1,-1,-1,-1
9, 12539.jpg,11,937,437,47,90,-1,-1,-1,-1
10, 12540.jpg,1,462,257,56,108,-1,-1,-1,-1
10, 12540.jpg,2,637,324,42,83,-1,-1,-1,-1
10, 12540.jpg,3,426,334,51,79,-1,-1,-1,-1
10, 12540.jpg,4,147,439,106,125,-1,-1,-1,-1
10, 12540.jpg,5,740,399,55,105,-1,-1,-1,-1
10, 12540.jpg,6,549,341,41,97,-1,-1,-1,-1
10, 12540.jpg,7,1008,352,47,92,-1,-1,-1,-1
10, 12540.jpg,8,812,314,46,85,-1,-1,-1,-1
10, 12540.jpg,9,483,448,53,114,-1,-1,-1,-1
10, 12540.jpg,10,306,360,50,101,-1,-1,-1,-1
10, 12540.jpg,11,937,438,46,88,-1,-1,-1,-1
11, 12541.jpg,1,460,249,58,112,-1,-1,-1,-1
11, 12541.jpg,2,636,320,42,85,-1,-1,-1,-1
11, 12541.jpg,3,431,331,53,82,-1,-1,-1,-1
11, 12541.jpg,4,146,438,105,126,-1,-1,-1,-1
11, 12541.jpg,5,745,401,56,103,-1,-1,-1,-1
11, 12541.jpg,6,551,342,43,96,-1,-1,-1,-1
11, 12541.jpg,7,1007,350,47,93,-1,-1,-1,-1
11, 12541.jpg,8,807,314,45,84,-1,-1,-1,-1
11, 12541.jpg,9,490,446,54,114,-1,-1,-1,-1
11, 12541.jpg,10,305,360,50,100,-1,-1,-1,-1
11, 12541.jpg,11,934,436,50,90,-1,-1,-1,-1
12, 12542.jpg,1,460,245,58,115,-1,-1,-1,-1
12, 12542.jpg,2,634,315,43,87,-1,-1,-1,-1
12, 12542.jpg,3,433,329,53,84,-1,-1,-1,-1
12, 12542.jpg,4,146,438,103,126,-1,-1,-1,-1
12, 12542.jpg,5,750,403,55,100,-1,-1,-1,-1
12, 12542.jpg,6,550,344,44,94,-1,-1,-1,-1
12, 12542.jpg,7,1006,348,47,95,-1,-1,-1,-1
12, 12542.jpg,8,805,315,44,84,-1,-1,-1,-1
12, 12542.jpg,9,494,447,57,113,-1,-1,-1,-1
12, 12542.jpg,10,304,361,50,99,-1,-1,-1,-1
12, 12542.jpg,11,933,434,51,92,-1,-1,-1,-1
13, 12543.jpg,1,462,244,55,110,-1,-1,-1,-1
13, 12543.jpg,2,632,308,45,94,-1,-1,-1,-1
13, 12543.jpg,3,436,324,58,89,-1,-1,-1,-1
13, 12543.jpg,4,147,438,101,125,-1,-1,-1,-1
13, 12543.jpg,5,753,404,56,100,-1,-1,-1,-1
13, 12543.jpg,6,549,345,46,93,-1,-1,-1,-1
13, 12543.jpg,7,1004,346,48,96,-1,-1,-1,-1
13, 12543.jpg,8,801,314,44,85,-1,-1,-1,-1
13, 12543.jpg,9,498,447,59,112,-1,-1,-1,-1
13, 12543.jpg,10,302,362,48,96,-1,-1,-1,-1
13, 12543.jpg,11,932,431,54,96,-1,-1,-1,-1
14, 12544.jpg,1,462,243,55,111,-1,-1,-1,-1
14, 12544.jpg,2,629,300,49,105,-1,-1,-1,-1
14, 12544.jpg,3,442,322,60,90,-1,-1,-1,-1
14, 12544.jpg,4,148,438,98,124,-1,-1,-1,-1
14, 12544.jpg,5,755,405,57,99,-1,-1,-1,-1
14, 12544.jpg,6,548,346,48,92,-1,-1,-1,-1
14, 12544.jpg,7,1003,343,47,97,-1,-1,-1,-1
14, 12544.jpg,8,797,313,43,85,-1,-1,-1,-1
14, 12544.jpg,9,502,447,62,112,-1,-1,-1,-1
14, 12544.jpg,10,300,363,48,95,-1,-1,-1,-1
14, 12544.jpg,11,930,426,57,101,-1,-1,-1,-1
15, 12545.jpg,1,465,243,53,110,-1,-1,-1,-1
15, 12545.jpg,2,627,293,49,110,-1,-1,-1,-1
15, 12545.jpg,3,448,321,60,89,-1,-1,-1,-1
15, 12545.jpg,4,150,438,95,123,-1,-1,-1,-1
15, 12545.jpg,5,756,406,58,99,-1,-1,-1,-1
15, 12545.jpg,6,546,348,49,91,-1,-1,-1,-1
15, 12545.jpg,7,1002,341,47,97,-1,-1,-1,-1
15, 12545.jpg,8,794,314,42,84,-1,-1,-1,-1
15, 12545.jpg,9,506,448,63,109,-1,-1,-1,-1
15, 12545.jpg,10,298,363,48,95,-1,-1,-1,-1
15, 12545.jpg,11,932,423,57,101,-1,-1,-1,-1
16, 12546.jpg,1,467,244,51,107,-1,-1,-1,-1
16, 12546.jpg,2,626,287,47,110,-1,-1,-1,-1
16, 12546.jpg,3,452,325,58,84,-1,-1,-1,-1
16, 12546.jpg,4,152,436,93,125,-1,-1,-1,-1
16, 12546.jpg,5,756,405,61,100,-1,-1,-1,-1
16, 12546.jpg,6,545,349,50,90,-1,-1,-1,-1
16, 12546.jpg,7,1002,339,45,96,-1,-1,-1,-1
16, 12546.jpg,8,790,314,43,85,-1,-1,-1,-1
16, 12546.jpg,9,510,446,65,110,-1,-1,-1,-1
16, 12546.jpg,10,296,364,49,95,-1,-1,-1,-1
16, 12546.jpg,11,935,420,56,101,-1,-1,-1,-1
17, 12547.jpg,1,468,237,53,114,-1,-1,-1,-1
17, 12547.jpg,2,624,276,48,117,-1,-1,-1,-1
17, 12547.jpg,3,460,325,55,81,-1,-1,-1,-1
17, 12547.jpg,4,154,437,89,123,-1,-1,-1,-1
17, 12547.jpg,5,758,405,61,100,-1,-1,-1,-1
17, 12547.jpg,6,543,350,52,89,-1,-1,-1,-1
17, 12547.jpg,7,998,336,46,98,-1,-1,-1,-1
17, 12547.jpg,8,787,314,42,85,-1,-1,-1,-1
17, 12547.jpg,9,515,446,65,109,-1,-1,-1,-1
17, 12547.jpg,10,294,363,49,97,-1,-1,-1,-1
17, 12547.jpg,11,937,417,54,100,-1,-1,-1,-1
18, 12548.jpg,1,470,240,49,109,-1,-1,-1,-1
18, 12548.jpg,2,622,267,49,123,-1,-1,-1,-1
18, 12548.jpg,3,465,323,55,83,-1,-1,-1,-1
18, 12548.jpg,4,156,436,86,121,-1,-1,-1,-1
18, 12548.jpg,5,763,406,59,98,-1,-1,-1,-1
18, 12548.jpg,6,538,351,52,88,-1,-1,-1,-1
18, 12548.jpg,7,996,335,45,98,-1,-1,-1,-1
18, 12548.jpg,8,783,315,42,85,-1,-1,-1,-1
18, 12548.jpg,9,519,445,65,110,-1,-1,-1,-1
18, 12548.jpg,10,291,362,51,98,-1,-1,-1,-1
18, 12548.jpg,11,938,415,54,100,-1,-1,-1,-1
19, 12549.jpg,1,474,270,43,96,-1,-1,-1,-1
19, 12549.jpg,2,621,265,47,122,-1,-1,-1,-1
19, 12549.jpg,3,470,323,55,82,-1,-1,-1,-1
19, 12549.jpg,4,159,435,81,120,-1,-1,-1,-1
19, 12549.jpg,5,766,407,60,97,-1,-1,-1,-1
19, 12549.jpg,6,536,351,55,88,-1,-1,-1,-1
19, 12549.jpg,7,993,334,44,98,-1,-1,-1,-1
19, 12549.jpg,8,779,317,42,83,-1,-1,-1,-1
19, 12549.jpg,9,522,443,64,109,-1,-1,-1,-1
19, 12549.jpg,10,289,362,50,98,-1,-1,-1,-1
19, 12549.jpg,11,938,414,54,99,-1,-1,-1,-1
20, 12550.jpg,1,471,258,44,100,-1,-1,-1,-1
20, 12550.jpg,2,620,264,45,121,-1,-1,-1,-1
20, 12550.jpg,3,472,319,57,88,-1,-1,-1,-1
20, 12550.jpg,4,160,434,79,121,-1,-1,-1,-1
20, 12550.jpg,5,769,408,59,96,-1,-1,-1,-1
20, 12550.jpg,6,532,351,56,88,-1,-1,-1,-1
20, 12550.jpg,7,991,333,43,99,-1,-1,-1,-1
20, 12550.jpg,8,775,317,41,85,-1,-1,-1,-1
20, 12550.jpg,9,524,439,62,111,-1,-1,-1,-1
20, 12550.jpg,10,284,361,51,99,-1,-1,-1,-1
20, 12550.jpg,11,938,414,54,98,-1,-1,-1,-1
21, 12551.jpg,1,470,257,44,101,-1,-1,-1,-1
21, 12551.jpg,2,617,262,43,120,-1,-1,-1,-1
21, 12551.jpg,3,475,322,54,84,-1,-1,-1,-1
21, 12551.jpg,4,161,434,76,121,-1,-1,-1,-1
21, 12551.jpg,5,772,408,60,96,-1,-1,-1,-1
21, 12551.jpg,6,528,349,56,88,-1,-1,-1,-1
21, 12551.jpg,7,989,334,42,97,-1,-1,-1,-1
21, 12551.jpg,8,771,319,41,83,-1,-1,-1,-1
21, 12551.jpg,9,525,436,62,112,-1,-1,-1,-1
21, 12551.jpg,10,281,361,51,99,-1,-1,-1,-1
21, 12551.jpg,11,938,416,53,95,-1,-1,-1,-1
22, 12552.jpg,1,472,273,45,104,-1,-1,-1,-1
22, 12552.jpg,2,615,260,42,121,-1,-1,-1,-1
22, 12552.jpg,3,480,321,53,85,-1,-1,-1,-1
22, 12552.jpg,4,162,434,72,120,-1,-1,-1,-1
22, 12552.jpg,5,776,409,61,95,-1,-1,-1,-1
22, 12552.jpg,6,527,351,57,87,-1,-1,-1,-1
22, 12552.jpg,7,985,335,42,97,-1,-1,-1,-1
22, 12552.jpg,8,766,319,43,88,-1,-1,-1,-1
22, 12552.jpg,9,528,436,59,110,-1,-1,-1,-1
22, 12552.jpg,10,278,360,51,101,-1,-1,-1,-1
22, 12552.jpg,11,938,418,52,92,-1,-1,-1,-1
23, 12553.jpg,1,470,271,42,96,-1,-1,-1,-1
23, 12553.jpg,2,611,258,43,123,-1,-1,-1,-1
23, 12553.jpg,3,477,320,52,84,-1,-1,-1,-1
23, 12553.jpg,4,162,434,70,120,-1,-1,-1,-1
23, 12553.jpg,5,777,412,60,94,-1,-1,-1,-1
23, 12553.jpg,6,524,350,59,87,-1,-1,-1,-1
23, 12553.jpg,7,981,335,41,96,-1,-1,-1,-1
23, 12553.jpg,8,762,321,43,89,-1,-1,-1,-1
23, 12553.jpg,9,531,436,58,111,-1,-1,-1,-1
23, 12553.jpg,10,275,360,52,101,-1,-1,-1,-1
23, 12553.jpg,11,937,421,53,88,-1,-1,-1,-1
24, 12554.jpg,1,470,273,41,95,-1,-1,-1,-1
24, 12554.jpg,2,609,258,42,124,-1,-1,-1,-1
24, 12554.jpg,3,475,317,53,87,-1,-1,-1,-1
24, 12554.jpg,4,162,434,68,118,-1,-1,-1,-1
24, 12554.jpg,5,776,414,60,93,-1,-1,-1,-1
24, 12554.jpg,6,519,349,62,89,-1,-1,-1,-1
24, 12554.jpg,7,978,337,40,95,-1,-1,-1,-1
24, 12554.jpg,8,759,323,42,87,-1,-1,-1,-1
24, 12554.jpg,9,532,435,59,115,-1,-1,-1,-1
24, 12554.jpg,10,272,361,52,101,-1,-1,-1,-1
24, 12554.jpg,11,936,422,53,85,-1,-1,-1,-1
25, 12555.jpg,1,472,289,41,94,-1,-1,-1,-1
25, 12555.jpg,2,606,258,42,129,-1,-1,-1,-1
25, 12555.jpg,3,478,317,53,86,-1,-1,-1,-1
25, 12555.jpg,4,162,433,66,118,-1,-1,-1,-1
25, 12555.jpg,5,774,416,60,91,-1,-1,-1,-1
25, 12555.jpg,6,515,349,64,89,-1,-1,-1,-1
25, 12555.jpg,7,975,342,39,92,-1,-1,-1,-1
25, 12555.jpg,8,754,328,41,82,-1,-1,-1,-1
25, 12555.jpg,9,535,437,58,111,-1,-1,-1,-1
25, 12555.jpg,10,267,361,52,100,-1,-1,-1,-1
25, 12555.jpg,11,934,421,55,88,-1,-1,-1,-1
26, 12556.jpg,1,468,290,39,90,-1,-1,-1,-1
26, 12556.jpg,2,604,259,43,131,-1,-1,-1,-1
26, 12556.jpg,4,160,432,66,119,-1,-1,-1,-1
26, 12556.jpg,5,771,418,60,90,-1,-1,-1,-1
26, 12556.jpg,6,509,349,65,90,-1,-1,-1,-1
26, 12556.jpg,7,970,345,38,90,-1,-1,-1,-1
26, 12556.jpg,8,750,329,40,81,-1,-1,-1,-1
26, 12556.jpg,9,536,438,58,110,-1,-1,-1,-1
26, 12556.jpg,10,263,361,52,101,-1,-1,-1,-1
26, 12556.jpg,11,930,421,58,87,-1,-1,-1,-1
27, 12557.jpg,1,462,290,41,94,-1,-1,-1,-1
27, 12557.jpg,2,601,263,40,124,-1,-1,-1,-1
27, 12557.jpg,4,158,431,66,121,-1,-1,-1,-1
27, 12557.jpg,5,767,418,60,88,-1,-1,-1,-1
27, 12557.jpg,6,501,350,67,90,-1,-1,-1,-1
27, 12557.jpg,7,966,348,37,87,-1,-1,-1,-1
27, 12557.jpg,8,746,330,39,80,-1,-1,-1,-1
27, 12557.jpg,9,535,439,58,109,-1,-1,-1,-1
27, 12557.jpg,10,259,363,52,101,-1,-1,-1,-1
27, 12557.jpg,11,925,417,62,93,-1,-1,-1,-1
28, 12558.jpg,1,455,288,43,95,-1,-1,-1,-1
28, 12558.jpg,2,597,265,40,125,-1,-1,-1,-1
28, 12558.jpg,4,155,429,67,122,-1,-1,-1,-1
28, 12558.jpg,5,762,416,61,91,-1,-1,-1,-1
28, 12558.jpg,6,498,352,68,88,-1,-1,-1,-1
28, 12558.jpg,7,961,350,37,85,-1,-1,-1,-1
28, 12558.jpg,8,740,331,39,79,-1,-1,-1,-1
28, 12558.jpg,9,534,442,56,106,-1,-1,-1,-1
28, 12558.jpg,10,256,363,52,101,-1,-1,-1,-1
28, 12558.jpg,11,921,413,64,96,-1,-1,-1,-1
29, 12559.jpg,1,447,287,43,96,-1,-1,-1,-1
29, 12559.jpg,2,595,271,38,117,-1,-1,-1,-1
29, 12559.jpg,4,154,428,65,122,-1,-1,-1,-1
29, 12559.jpg,5,756,415,63,94,-1,-1,-1,-1
29, 12559.jpg,6,491,351,68,88,-1,-1,-1,-1
29, 12559.jpg,7,956,352,37,84,-1,-1,-1,-1
29, 12559.jpg,8,734,330,40,81,-1,-1,-1,-1
29, 12559.jpg,9,530,444,55,104,-1,-1,-1,-1
29, 12559.jpg,10,250,364,52,99,-1,-1,-1,-1
29, 12559.jpg,11,918,409,65,98,-1,-1,-1,-1
30, 12560.jpg,1,442,285,42,97,-1,-1,-1,-1
30, 12560.jpg,2,590,276,39,122,-1,-1,-1,-1
30, 12560.jpg,4,154,426,63,122,-1,-1,-1,-1
30, 12560.jpg,5,751,411,65,98,-1,-1,-1,-1
30, 12560.jpg,6,484,349,70,89,-1,-1,-1,-1
30, 12560.jpg,7,949,351,39,85,-1,-1,-1,-1
30, 12560.jpg,8,730,329,40,82,-1,-1,-1,-1
30, 12560.jpg,9,526,444,56,104,-1,-1,-1,-1
30, 12560.jpg,10,246,364,52,99,-1,-1,-1,-1
30, 12560.jpg,11,914,406,65,98,-1,-1,-1,-1
31, 12561.jpg,1,437,283,42,97,-1,-1,-1,-1
31, 12561.jpg,2,587,283,38,112,-1,-1,-1,-1
31, 12561.jpg,4,155,424,62,122,-1,-1,-1,-1
31, 12561.jpg,5,747,409,69,102,-1,-1,-1,-1
31, 12561.jpg,6,478,346,72,93,-1,-1,-1,-1
31, 12561.jpg,7,944,350,39,85,-1,-1,-1,-1
31, 12561.jpg,8,725,327,40,82,-1,-1,-1,-1
31, 12561.jpg,9,524,443,55,105,-1,-1,-1,-1
31, 12561.jpg,10,242,364,53,99,-1,-1,-1,-1
31, 12561.jpg,11,909,402,66,100,-1,-1,-1,-1
32, 12562.jpg,1,432,279,43,99,-1,-1,-1,-1
32, 12562.jpg,2,582,289,38,110,-1,-1,-1,-1
32, 12562.jpg,4,157,424,59,119,-1,-1,-1,-1
32, 12562.jpg,5,744,405,71,108,-1,-1,-1,-1
32, 12562.jpg,6,472,344,72,93,-1,-1,-1,-1
32, 12562.jpg,7,938,349,40,85,-1,-1,-1,-1
32, 12562.jpg,8,721,326,41,83,-1,-1,-1,-1
32, 12562.jpg,9,522,441,55,106,-1,-1,-1,-1
32, 12562.jpg,10,238,364,53,100,-1,-1,-1,-1
32, 12562.jpg,11,906,399,66,101,-1,-1,-1,-1
33, 12563.jpg,1,428,277,42,101,-1,-1,-1,-1
33, 12563.jpg,2,579,294,38,105,-1,-1,-1,-1
33, 12563.jpg,4,159,422,57,117,-1,-1,-1,-1
33, 12563.jpg,5,741,402,74,112,-1,-1,-1,-1
33, 12563.jpg,6,476,351,65,86,-1,-1,-1,-1
33, 12563.jpg,7,934,346,41,88,-1,-1,-1,-1
33, 12563.jpg,8,718,325,41,83,-1,-1,-1,-1
33, 12563.jpg,9,520,443,54,103,-1,-1,-1,-1
33, 12563.jpg,10,235,364,53,99,-1,-1,-1,-1
33, 12563.jpg,11,904,399,65,99,-1,-1,-1,-1
34, 12564.jpg,1,426,275,42,100,-1,-1,-1,-1
34, 12564.jpg,2,577,297,39,102,-1,-1,-1,-1
34, 12564.jpg,4,162,418,57,121,-1,-1,-1,-1
34, 12564.jpg,5,740,400,75,116,-1,-1,-1,-1
34, 12564.jpg,6,474,348,63,84,-1,-1,-1,-1
34, 12564.jpg,7,931,343,44,92,-1,-1,-1,-1
34, 12564.jpg,8,717,323,41,83,-1,-1,-1,-1
34, 12564.jpg,9,520,444,53,101,-1,-1,-1,-1
34, 12564.jpg,10,233,363,54,101,-1,-1,-1,-1
34, 12564.jpg,11,903,399,65,98,-1,-1,-1,-1
35, 12565.jpg,1,424,276,41,97,-1,-1,-1,-1
35, 12565.jpg,2,578,301,40,97,-1,-1,-1,-1
35, 12565.jpg,4,164,416,57,124,-1,-1,-1,-1
35, 12565.jpg,5,739,398,77,119,-1,-1,-1,-1
35, 12565.jpg,6,470,340,61,83,-1,-1,-1,-1
35, 12565.jpg,7,929,341,44,92,-1,-1,-1,-1
35, 12565.jpg,8,716,319,41,87,-1,-1,-1,-1
35, 12565.jpg,9,518,442,54,103,-1,-1,-1,-1
35, 12565.jpg,10,233,362,55,103,-1,-1,-1,-1
35, 12565.jpg,11,902,402,64,94,-1,-1,-1,-1
36, 12566.jpg,1,423,275,41,98,-1,-1,-1,-1
36, 12566.jpg,2,576,303,40,95,-1,-1,-1,-1
36, 12566.jpg,3,467,327,47,79,-1,-1,-1,-1
36, 12566.jpg,4,169,416,56,121,-1,-1,-1,-1
36, 12566.jpg,5,741,398,75,118,-1,-1,-1,-1
36, 12566.jpg,6,467,339,60,82,-1,-1,-1,-1
36, 12566.jpg,7,928,338,46,95,-1,-1,-1,-1
36, 12566.jpg,8,717,318,40,85,-1,-1,-1,-1
36, 12566.jpg,9,517,445,54,100,-1,-1,-1,-1
36, 12566.jpg,10,234,360,55,104,-1,-1,-1,-1
36, 12566.jpg,11,901,403,65,92,-1,-1,-1,-1
37, 12567.jpg,1,423,275,42,99,-1,-1,-1,-1
37, 12567.jpg,2,581,305,40,91,-1,-1,-1,-1
37, 12567.jpg,3,467,327,45,79,-1,-1,-1,-1
37, 12567.jpg,4,175,416,55,120,-1,-1,-1,-1
37, 12567.jpg,5,742,397,76,119,-1,-1,-1,-1
37, 12567.jpg,7,929,336,46,97,-1,-1,-1,-1
37, 12567.jpg,8,718,317,41,86,-1,-1,-1,-1
37, 12567.jpg,9,517,448,54,97,-1,-1,-1,-1
37, 12567.jpg,10,236,360,55,103,-1,-1,-1,-1
37, 12567.jpg,11,900,406,66,89,-1,-1,-1,-1
37, 12567.jpg,12,503,378,41,61,-1,-1,-1,-1
38, 12568.jpg,1,423,276,42,99,-1,-1,-1,-1
38, 12568.jpg,2,573,309,40,90,-1,-1,-1,-1
38, 12568.jpg,3,468,327,44,80,-1,-1,-1,-1
38, 12568.jpg,4,181,417,56,118,-1,-1,-1,-1
38, 12568.jpg,5,744,395,77,121,-1,-1,-1,-1
38, 12568.jpg,7,929,333,47,100,-1,-1,-1,-1
38, 12568.jpg,8,721,317,40,84,-1,-1,-1,-1
38, 12568.jpg,9,519,448,55,96,-1,-1,-1,-1
38, 12568.jpg,10,238,358,56,105,-1,-1,-1,-1
38, 12568.jpg,11,902,407,66,88,-1,-1,-1,-1
38, 12568.jpg,12,507,380,37,55,-1,-1,-1,-1
39, 12569.jpg,1,424,278,42,98,-1,-1,-1,-1
39, 12569.jpg,2,575,310,39,90,-1,-1,-1,-1
39, 12569.jpg,3,469,326,44,81,-1,-1,-1,-1
39, 12569.jpg,4,186,417,57,118,-1,-1,-1,-1
39, 12569.jpg,5,746,393,79,124,-1,-1,-1,-1
39, 12569.jpg,7,930,332,48,100,-1,-1,-1,-1
39, 12569.jpg,8,725,316,42,90,-1,-1,-1,-1
39, 12569.jpg,9,520,445,57,100,-1,-1,-1,-1
39, 12569.jpg,10,240,356,56,107,-1,-1,-1,-1
39, 12569.jpg,11,901,407,68,87,-1,-1,-1,-1
39, 12569.jpg,12,512,384,36,51,-1,-1,-1,-1
40, 12570.jpg,1,425,280,42,96,-1,-1,-1,-1
40, 12570.jpg,2,574,312,38,88,-1,-1,-1,-1
40, 12570.jpg,3,471,326,42,82,-1,-1,-1,-1
40, 12570.jpg,4,190,417,58,117,-1,-1,-1,-1
40, 12570.jpg,5,748,388,81,130,-1,-1,-1,-1
40, 12570.jpg,7,929,328,50,104,-1,-1,-1,-1
40, 12570.jpg,8,729,316,43,92,-1,-1,-1,-1
40, 12570.jpg,9,521,443,60,103,-1,-1,-1,-1
40, 12570.jpg,10,242,355,57,108,-1,-1,-1,-1
40, 12570.jpg,11,899,406,71,87,-1,-1,-1,-1
40, 12570.jpg,12,517,386,36,51,-1,-1,-1,-1
40, 12570.jpg,14,599,294,51,92,-1,-1,-1,-1
