2, 50127.jpg,1,561,345,89,54,-1,-1,-1,-1
2, 50127.jpg,2,735,371,53,104,-1,-1,-1,-1
2, 50127.jpg,3,674,320,34,91,-1,-1,-1,-1
2, 50127.jpg,4,801,362,35,98,-1,-1,-1,-1
2, 50127.jpg,5,947,342,32,94,-1,-1,-1,-1
2, 50127.jpg,6,667,376,39,95,-1,-1,-1,-1
2, 50127.jpg,7,367,336,47,99,-1,-1,-1,-1
2, 50127.jpg,8,627,404,40,106,-1,-1,-1,-1
2, 50127.jpg,9,853,361,37,76,-1,-1,-1,-1
2, 50127.jpg,10,462,399,74,101,-1,-1,-1,-1
3, 50128.jpg,1,559,344,86,53,-1,-1,-1,-1
3, 50128.jpg,2,744,373,61,122,-1,-1,-1,-1
3, 50128.jpg,3,673,317,35,93,-1,-1,-1,-1
3, 50128.jpg,4,798,359,35,99,-1,-1,-1,-1
3, 50128.jpg,5,945,343,32,92,-1,-1,-1,-1
3, 50128.jpg,6,667,377,38,93,-1,-1,-1,-1
3, 50128.jpg,7,369,335,47,99,-1,-1,-1,-1
3, 50128.jpg,8,639,382,43,115,-1,-1,-1,-1
3, 50128.jpg,9,853,360,38,77,-1,-1,-1,-1
3, 50128.jpg,10,465,399,73,99,-1,-1,-1,-1
3, 50128.jpg,11,767,411,45,107,-1,-1,-1,-1
4, 50129.jpg,1,556,342,88,55,-1,-1,-1,-1
4, 50129.jpg,2,750,360,55,112,-1,-1,-1,-1
4, 50129.jpg,3,672,317,34,91,-1,-1,-1,-1
4, 50129.jpg,4,802,359,34,97,-1,-1,-1,-1
4, 50129.jpg,5,943,343,32,92,-1,-1,-1,-1
4, 50129.jpg,6,663,367,41,103,-1,-1,-1,-1
4, 50129.jpg,7,371,334,46,99,-1,-1,-1,-1
4, 50129.jpg,8,629,395,40,108,-1,-1,-1,-1
4, 50129.jpg,9,853,357,39,81,-1,-1,-1,-1
4, 50129.jpg,10,467,399,73,101,-1,-1,-1,-1
4, 50129.jpg,11,768,413,43,104,-1,-1,-1,-1
5, 50130.jpg,1,558,344,86,54,-1,-1,-1,-1
5, 50130.jpg,2,767,358,52,104,-1,-1,-1,-1
5, 50130.jpg,3,671,316,36,94,-1,-1,-1,-1
5, 50130.jpg,4,802,358,34,96,-1,-1,-1,-1
5, 50130.jpg,5,940,343,33,92,-1,-1,-1,-1
5, 50130.jpg,6,661,346,48,120,-1,-1,-1,-1
5, 50130.jpg,7,373,333,46,99,-1,-1,-1,-1
5, 50130.jpg,8,622,396,42,111,-1,-1,-1,-1
5, 50130.jpg,9,852,355,39,81,-1,-1,-1,-1
5, 50130.jpg,10,469,399,72,101,-1,-1,-1,-1
6, 50131.jpg,1,558,344,85,54,-1,-1,-1,-1
6, 50131.jpg,2,789,360,46,93,-1,-1,-1,-1
6, 50131.jpg,3,670,314,37,97,-1,-1,-1,-1
6, 50131.jpg,5,938,342,33,93,-1,-1,-1,-1
6, 50131.jpg,6,660,339,49,125,-1,-1,-1,-1
6, 50131.jpg,7,375,334,44,97,-1,-1,-1,-1
6, 50131.jpg,8,620,400,40,107,-1,-1,-1,-1
6, 50131.jpg,9,853,354,38,81,-1,-1,-1,-1
6, 50131.jpg,10,470,398,71,101,-1,-1,-1,-1
6, 50131.jpg,11,759,374,53,125,-1,-1,-1,-1
7, 50132.jpg,1,559,344,82,54,-1,-1,-1,-1
7, 50132.jpg,2,797,359,44,90,-1,-1,-1,-1
7, 50132.jpg,3,670,314,37,96,-1,-1,-1,-1
7, 50132.jpg,5,936,343,33,93,-1,-1,-1,-1
7, 50132.jpg,7,376,335,43,96,-1,-1,-1,-1
7, 50132.jpg,8,620,401,38,103,-1,-1,-1,-1
7, 50132.jpg,9,852,352,39,84,-1,-1,-1,-1
7, 50132.jpg,10,470,398,70,102,-1,-1,-1,-1
7, 50132.jpg,11,759,370,53,127,-1,-1,-1,-1
8, 50133.jpg,1,559,344,83,55,-1,-1,-1,-1
8, 50133.jpg,2,806,358,43,86,-1,-1,-1,-1
8, 50133.jpg,3,670,314,37,96,-1,-1,-1,-1
8, 50133.jpg,4,792,364,37,105,-1,-1,-1,-1
8, 50133.jpg,5,934,343,34,93,-1,-1,-1,-1
8, 50133.jpg,6,654,354,45,115,-1,-1,-1,-1
8, 50133.jpg,7,377,335,43,96,-1,-1,-1,-1
8, 50133.jpg,8,617,401,37,101,-1,-1,-1,-1
8, 50133.jpg,9,852,351,38,84,-1,-1,-1,-1
8, 50133.jpg,10,471,396,69,103,-1,-1,-1,-1
8, 50133.jpg,11,755,359,48,114,-1,-1,-1,-1
9, 50134.jpg,1,560,347,82,54,-1,-1,-1,-1
9, 50134.jpg,3,670,315,36,94,-1,-1,-1,-1
9, 50134.jpg,4,791,365,38,106,-1,-1,-1,-1
9, 50134.jpg,5,931,342,36,95,-1,-1,-1,-1
9, 50134.jpg,6,652,357,44,112,-1,-1,-1,-1
9, 50134.jpg,7,378,335,43,97,-1,-1,-1,-1
9, 50134.jpg,8,615,399,38,103,-1,-1,-1,-1
9, 50134.jpg,9,852,351,38,83,-1,-1,-1,-1
9, 50134.jpg,10,473,395,67,103,-1,-1,-1,-1
9, 50134.jpg,11,771,353,44,104,-1,-1,-1,-1
10, 50135.jpg,1,560,349,78,52,-1,-1,-1,-1
10, 50135.jpg,3,669,314,37,94,-1,-1,-1,-1
10, 50135.jpg,4,803,362,33,91,-1,-1,-1,-1
10, 50135.jpg,5,928,343,37,94,-1,-1,-1,-1
10, 50135.jpg,6,656,341,46,117,-1,-1,-1,-1
10, 50135.jpg,7,380,335,42,96,-1,-1,-1,-1
10, 50135.jpg,8,612,398,38,103,-1,-1,-1,-1
10, 50135.jpg,9,853,350,38,86,-1,-1,-1,-1
10, 50135.jpg,10,475,393,68,105,-1,-1,-1,-1
10, 50135.jpg,11,766,363,50,118,-1,-1,-1,-1
11, 50136.jpg,1,560,351,75,51,-1,-1,-1,-1
11, 50136.jpg,4,806,363,32,87,-1,-1,-1,-1
11, 50136.jpg,5,924,344,38,94,-1,-1,-1,-1
11, 50136.jpg,6,656,338,45,115,-1,-1,-1,-1
11, 50136.jpg,7,381,335,42,97,-1,-1,-1,-1
11, 50136.jpg,8,609,398,39,101,-1,-1,-1,-1
11, 50136.jpg,9,852,349,37,85,-1,-1,-1,-1
11, 50136.jpg,10,476,391,66,105,-1,-1,-1,-1
11, 50136.jpg,11,765,372,52,122,-1,-1,-1,-1
12, 50137.jpg,1,562,354,69,47,-1,-1,-1,-1
12, 50137.jpg,4,795,359,36,90,-1,-1,-1,-1
12, 50137.jpg,5,919,344,40,95,-1,-1,-1,-1
12, 50137.jpg,6,656,337,43,113,-1,-1,-1,-1
12, 50137.jpg,7,381,335,43,97,-1,-1,-1,-1
12, 50137.jpg,8,607,397,39,102,-1,-1,-1,-1
12, 50137.jpg,9,852,349,36,85,-1,-1,-1,-1
12, 50137.jpg,10,477,392,64,103,-1,-1,-1,-1
12, 50137.jpg,11,766,366,56,132,-1,-1,-1,-1
13, 50138.jpg,1,558,354,74,50,-1,-1,-1,-1
13, 50138.jpg,4,802,360,34,86,-1,-1,-1,-1
13, 50138.jpg,5,916,344,42,96,-1,-1,-1,-1
13, 50138.jpg,6,654,334,44,113,-1,-1,-1,-1
13, 50138.jpg,7,380,334,45,98,-1,-1,-1,-1
13, 50138.jpg,8,603,397,40,101,-1,-1,-1,-1
13, 50138.jpg,9,851,350,35,83,-1,-1,-1,-1
13, 50138.jpg,10,478,391,63,104,-1,-1,-1,-1
13, 50138.jpg,11,766,366,57,137,-1,-1,-1,-1
14, 50139.jpg,1,554,355,76,53,-1,-1,-1,-1
14, 50139.jpg,4,795,363,40,100,-1,-1,-1,-1
14, 50139.jpg,5,914,344,43,96,-1,-1,-1,-1
14, 50139.jpg,6,650,333,45,119,-1,-1,-1,-1
14, 50139.jpg,7,379,334,45,98,-1,-1,-1,-1
14, 50139.jpg,8,601,399,40,101,-1,-1,-1,-1
14, 50139.jpg,9,847,350,36,85,-1,-1,-1,-1
14, 50139.jpg,10,480,392,60,101,-1,-1,-1,-1
14, 50139.jpg,11,766,368,57,135,-1,-1,-1,-1
15, 50140.jpg,1,553,358,77,53,-1,-1,-1,-1
15, 50140.jpg,3,658,312,38,101,-1,-1,-1,-1
15, 50140.jpg,4,793,364,39,94,-1,-1,-1,-1
15, 50140.jpg,5,912,345,43,95,-1,-1,-1,-1
15, 50140.jpg,6,643,349,42,112,-1,-1,-1,-1
15, 50140.jpg,7,378,335,46,98,-1,-1,-1,-1
15, 50140.jpg,8,597,400,40,98,-1,-1,-1,-1
15, 50140.jpg,9,845,349,37,88,-1,-1,-1,-1
15, 50140.jpg,10,482,392,58,101,-1,-1,-1,-1
15, 50140.jpg,11,765,368,58,136,-1,-1,-1,-1
15, 50140.jpg,12,761,361,38,100,-1,-1,-1,-1
16, 50141.jpg,1,554,360,75,52,-1,-1,-1,-1
16, 50141.jpg,3,655,313,37,97,-1,-1,-1,-1
16, 50141.jpg,4,781,355,41,97,-1,-1,-1,-1
16, 50141.jpg,5,907,344,46,97,-1,-1,-1,-1
16, 50141.jpg,6,636,355,40,108,-1,-1,-1,-1
16, 50141.jpg,7,376,334,47,99,-1,-1,-1,-1
16, 50141.jpg,8,593,398,41,101,-1,-1,-1,-1
16, 50141.jpg,9,844,348,37,90,-1,-1,-1,-1
16, 50141.jpg,10,483,392,57,101,-1,-1,-1,-1
16, 50141.jpg,11,771,386,51,120,-1,-1,-1,-1
16, 50141.jpg,12,765,350,35,91,-1,-1,-1,-1
17, 50142.jpg,1,553,361,75,52,-1,-1,-1,-1
17, 50142.jpg,3,655,314,37,95,-1,-1,-1,-1
17, 50142.jpg,4,779,349,44,103,-1,-1,-1,-1
17, 50142.jpg,5,904,343,46,98,-1,-1,-1,-1
17, 50142.jpg,6,630,357,40,105,-1,-1,-1,-1
17, 50142.jpg,7,376,334,48,101,-1,-1,-1,-1
17, 50142.jpg,8,589,397,43,102,-1,-1,-1,-1
17, 50142.jpg,9,844,348,36,90,-1,-1,-1,-1
17, 50142.jpg,10,484,391,55,100,-1,-1,-1,-1
17, 50142.jpg,11,772,386,51,120,-1,-1,-1,-1
17, 50142.jpg,12,767,346,33,88,-1,-1,-1,-1
18, 50143.jpg,3,654,313,36,96,-1,-1,-1,-1
18, 50143.jpg,4,779,348,44,100,-1,-1,-1,-1
18, 50143.jpg,5,899,342,46,98,-1,-1,-1,-1
18, 50143.jpg,6,634,343,41,108,-1,-1,-1,-1
18, 50143.jpg,7,375,334,47,101,-1,-1,-1,-1
18, 50143.jpg,8,585,395,43,103,-1,-1,-1,-1
18, 50143.jpg,9,842,348,36,90,-1,-1,-1,-1
18, 50143.jpg,10,485,390,53,100,-1,-1,-1,-1
18, 50143.jpg,12,760,356,37,100,-1,-1,-1,-1
19, 50144.jpg,3,647,313,37,95,-1,-1,-1,-1
19, 50144.jpg,4,777,350,46,105,-1,-1,-1,-1
19, 50144.jpg,5,895,343,47,97,-1,-1,-1,-1
19, 50144.jpg,6,629,355,39,97,-1,-1,-1,-1
19, 50144.jpg,7,375,334,47,100,-1,-1,-1,-1
19, 50144.jpg,8,583,396,41,100,-1,-1,-1,-1
19, 50144.jpg,9,842,349,34,89,-1,-1,-1,-1
19, 50144.jpg,10,484,388,53,101,-1,-1,-1,-1
19, 50144.jpg,12,759,356,38,100,-1,-1,-1,-1
20, 50145.jpg,3,645,313,37,95,-1,-1,-1,-1
20, 50145.jpg,4,776,349,46,106,-1,-1,-1,-1
20, 50145.jpg,5,891,342,48,98,-1,-1,-1,-1
20, 50145.jpg,6,629,343,41,101,-1,-1,-1,-1
20, 50145.jpg,7,376,334,46,99,-1,-1,-1,-1
20, 50145.jpg,8,590,375,45,105,-1,-1,-1,-1
20, 50145.jpg,9,841,351,32,87,-1,-1,-1,-1
20, 50145.jpg,10,484,387,52,102,-1,-1,-1,-1
20, 50145.jpg,12,767,367,43,114,-1,-1,-1,-1
21, 50146.jpg,3,642,314,35,90,-1,-1,-1,-1
21, 50146.jpg,4,777,353,42,95,-1,-1,-1,-1
21, 50146.jpg,5,887,342,47,99,-1,-1,-1,-1
21, 50146.jpg,6,619,351,41,99,-1,-1,-1,-1
21, 50146.jpg,7,378,334,45,98,-1,-1,-1,-1
21, 50146.jpg,8,576,374,48,113,-1,-1,-1,-1
21, 50146.jpg,9,838,351,33,87,-1,-1,-1,-1
21, 50146.jpg,10,483,386,51,101,-1,-1,-1,-1
21, 50146.jpg,11,778,386,46,113,-1,-1,-1,-1
21, 50146.jpg,12,760,362,40,107,-1,-1,-1,-1
22, 50147.jpg,3,640,314,35,90,-1,-1,-1,-1
22, 50147.jpg,4,785,356,39,89,-1,-1,-1,-1
22, 50147.jpg,5,884,342,45,99,-1,-1,-1,-1
22, 50147.jpg,6,621,345,41,100,-1,-1,-1,-1
22, 50147.jpg,7,379,335,44,97,-1,-1,-1,-1
22, 50147.jpg,8,565,374,49,116,-1,-1,-1,-1
22, 50147.jpg,9,832,353,32,84,-1,-1,-1,-1
22, 50147.jpg,10,482,384,50,102,-1,-1,-1,-1
22, 50147.jpg,11,775,371,48,118,-1,-1,-1,-1
22, 50147.jpg,12,760,363,40,108,-1,-1,-1,-1
23, 50148.jpg,4,781,353,39,89,-1,-1,-1,-1
23, 50148.jpg,5,880,343,43,96,-1,-1,-1,-1
23, 50148.jpg,6,620,339,41,101,-1,-1,-1,-1
23, 50148.jpg,7,380,335,43,98,-1,-1,-1,-1
23, 50148.jpg,8,561,372,49,116,-1,-1,-1,-1
23, 50148.jpg,9,829,354,32,83,-1,-1,-1,-1
23, 50148.jpg,10,482,383,49,102,-1,-1,-1,-1
23, 50148.jpg,11,775,370,49,117,-1,-1,-1,-1
23, 50148.jpg,12,756,360,37,100,-1,-1,-1,-1
24, 50149.jpg,4,785,352,40,91,-1,-1,-1,-1
24, 50149.jpg,5,874,343,43,97,-1,-1,-1,-1
24, 50149.jpg,6,619,334,44,105,-1,-1,-1,-1
24, 50149.jpg,7,380,335,43,98,-1,-1,-1,-1
24, 50149.jpg,8,557,372,50,118,-1,-1,-1,-1
24, 50149.jpg,9,828,352,32,85,-1,-1,-1,-1
24, 50149.jpg,10,482,383,48,100,-1,-1,-1,-1
24, 50149.jpg,11,775,370,48,114,-1,-1,-1,-1
24, 50149.jpg,12,754,360,36,97,-1,-1,-1,-1
25, 50150.jpg,4,787,353,41,96,-1,-1,-1,-1
25, 50150.jpg,5,870,343,42,98,-1,-1,-1,-1
25, 50150.jpg,6,618,333,42,103,-1,-1,-1,-1
25, 50150.jpg,7,380,335,42,99,-1,-1,-1,-1
25, 50150.jpg,8,554,373,50,119,-1,-1,-1,-1
25, 50150.jpg,9,826,351,32,86,-1,-1,-1,-1
25, 50150.jpg,10,482,383,48,100,-1,-1,-1,-1
25, 50150.jpg,11,777,371,50,117,-1,-1,-1,-1
25, 50150.jpg,12,752,359,36,95,-1,-1,-1,-1
26, 50151.jpg,4,787,352,41,97,-1,-1,-1,-1
26, 50151.jpg,5,867,343,42,99,-1,-1,-1,-1
26, 50151.jpg,6,616,331,42,103,-1,-1,-1,-1
26, 50151.jpg,7,380,335,42,99,-1,-1,-1,-1
26, 50151.jpg,8,550,371,51,121,-1,-1,-1,-1
26, 50151.jpg,9,824,350,32,87,-1,-1,-1,-1
26, 50151.jpg,10,482,382,48,100,-1,-1,-1,-1
26, 50151.jpg,11,778,370,50,117,-1,-1,-1,-1
26, 50151.jpg,12,751,359,36,95,-1,-1,-1,-1
