2, 10297.jpg,1,273,333,62,92,-1,-1,-1,-1
2, 10297.jpg,2,640,354,73,117,-1,-1,-1,-1
2, 10297.jpg,3,931,372,55,112,-1,-1,-1,-1
2, 10297.jpg,4,834,382,36,100,-1,-1,-1,-1
2, 10297.jpg,5,1015,303,61,90,-1,-1,-1,-1
2, 10297.jpg,6,523,269,44,98,-1,-1,-1,-1
2, 10297.jpg,7,569,400,42,118,-1,-1,-1,-1
2, 10297.jpg,8,283,403,51,103,-1,-1,-1,-1
2, 10297.jpg,9,479,327,45,92,-1,-1,-1,-1
3, 10298.jpg,1,291,326,63,95,-1,-1,-1,-1
3, 10298.jpg,2,638,352,74,119,-1,-1,-1,-1
3, 10298.jpg,3,949,371,56,114,-1,-1,-1,-1
3, 10298.jpg,4,848,384,36,100,-1,-1,-1,-1
3, 10298.jpg,5,1027,306,60,89,-1,-1,-1,-1
3, 10298.jpg,6,531,265,45,101,-1,-1,-1,-1
3, 10298.jpg,7,585,400,42,117,-1,-1,-1,-1
3, 10298.jpg,8,293,401,52,104,-1,-1,-1,-1
3, 10298.jpg,9,492,326,45,91,-1,-1,-1,-1
3, 10298.jpg,11,680,358,61,113,-1,-1,-1,-1
4, 10299.jpg,1,295,328,65,98,-1,-1,-1,-1
4, 10299.jpg,3,965,371,56,114,-1,-1,-1,-1
4, 10299.jpg,4,860,384,37,102,-1,-1,-1,-1
4, 10299.jpg,5,1036,306,59,89,-1,-1,-1,-1
4, 10299.jpg,6,542,264,44,99,-1,-1,-1,-1
4, 10299.jpg,7,600,400,42,115,-1,-1,-1,-1
4, 10299.jpg,8,304,399,50,102,-1,-1,-1,-1
4, 10299.jpg,9,504,324,46,92,-1,-1,-1,-1
4, 10299.jpg,11,673,354,64,119,-1,-1,-1,-1
5, 10300.jpg,1,308,327,62,92,-1,-1,-1,-1
5, 10300.jpg,3,982,369,56,118,-1,-1,-1,-1
5, 10300.jpg,4,873,385,37,103,-1,-1,-1,-1
5, 10300.jpg,5,1044,305,59,90,-1,-1,-1,-1
5, 10300.jpg,6,550,263,45,101,-1,-1,-1,-1
5, 10300.jpg,7,615,399,42,112,-1,-1,-1,-1
5, 10300.jpg,8,314,395,50,102,-1,-1,-1,-1
5, 10300.jpg,9,517,321,46,93,-1,-1,-1,-1
5, 10300.jpg,11,669,351,66,122,-1,-1,-1,-1
5, 10300.jpg,12,717,362,54,111,-1,-1,-1,-1
6, 10301.jpg,1,329,327,56,82,-1,-1,-1,-1
6, 10301.jpg,3,1000,372,54,114,-1,-1,-1,-1
6, 10301.jpg,4,884,385,38,106,-1,-1,-1,-1
6, 10301.jpg,5,1052,304,59,92,-1,-1,-1,-1
6, 10301.jpg,6,562,265,43,97,-1,-1,-1,-1
6, 10301.jpg,7,627,397,45,114,-1,-1,-1,-1
6, 10301.jpg,8,324,392,49,100,-1,-1,-1,-1
6, 10301.jpg,9,528,319,47,96,-1,-1,-1,-1
6, 10301.jpg,12,703,355,56,115,-1,-1,-1,-1
7, 10302.jpg,1,340,326,56,80,-1,-1,-1,-1
7, 10302.jpg,3,1017,375,52,112,-1,-1,-1,-1
7, 10302.jpg,4,897,385,38,108,-1,-1,-1,-1
7, 10302.jpg,5,1061,305,59,93,-1,-1,-1,-1
7, 10302.jpg,6,573,263,42,98,-1,-1,-1,-1
7, 10302.jpg,7,638,396,46,115,-1,-1,-1,-1
7, 10302.jpg,8,332,391,47,97,-1,-1,-1,-1
7, 10302.jpg,9,540,319,48,95,-1,-1,-1,-1
7, 10302.jpg,12,709,353,55,116,-1,-1,-1,-1
8, 10303.jpg,1,342,327,57,82,-1,-1,-1,-1
8, 10303.jpg,2,737,353,70,111,-1,-1,-1,-1
8, 10303.jpg,3,1031,375,51,112,-1,-1,-1,-1
8, 10303.jpg,4,909,386,38,109,-1,-1,-1,-1
8, 10303.jpg,5,1069,302,60,98,-1,-1,-1,-1
8, 10303.jpg,6,578,262,42,96,-1,-1,-1,-1
8, 10303.jpg,7,650,394,47,115,-1,-1,-1,-1
8, 10303.jpg,8,341,391,45,95,-1,-1,-1,-1
8, 10303.jpg,9,551,317,48,94,-1,-1,-1,-1
8, 10303.jpg,12,705,349,57,117,-1,-1,-1,-1
9, 10304.jpg,1,350,326,59,84,-1,-1,-1,-1
9, 10304.jpg,2,736,353,68,112,-1,-1,-1,-1
9, 10304.jpg,3,1044,375,51,113,-1,-1,-1,-1
9, 10304.jpg,4,922,388,38,109,-1,-1,-1,-1
9, 10304.jpg,5,1075,301,62,101,-1,-1,-1,-1
9, 10304.jpg,6,587,259,42,98,-1,-1,-1,-1
9, 10304.jpg,7,663,391,50,120,-1,-1,-1,-1
9, 10304.jpg,8,346,389,47,96,-1,-1,-1,-1
9, 10304.jpg,9,561,315,49,95,-1,-1,-1,-1
9, 10304.jpg,14,377,324,52,69,-1,-1,-1,-1
10, 10305.jpg,1,351,346,59,85,-1,-1,-1,-1
10, 10305.jpg,2,756,355,69,113,-1,-1,-1,-1
10, 10305.jpg,3,1058,374,50,112,-1,-1,-1,-1
10, 10305.jpg,4,933,389,37,108,-1,-1,-1,-1
10, 10305.jpg,5,1085,299,63,105,-1,-1,-1,-1
10, 10305.jpg,6,593,258,42,96,-1,-1,-1,-1
10, 10305.jpg,7,673,391,50,118,-1,-1,-1,-1
10, 10305.jpg,8,351,388,46,95,-1,-1,-1,-1
10, 10305.jpg,9,572,315,48,94,-1,-1,-1,-1
10, 10305.jpg,14,383,324,52,69,-1,-1,-1,-1
11, 10306.jpg,1,359,349,59,84,-1,-1,-1,-1
11, 10306.jpg,2,756,353,67,113,-1,-1,-1,-1
11, 10306.jpg,3,1070,375,50,114,-1,-1,-1,-1
11, 10306.jpg,4,943,390,38,110,-1,-1,-1,-1
11, 10306.jpg,5,1091,299,64,106,-1,-1,-1,-1
11, 10306.jpg,6,597,251,45,101,-1,-1,-1,-1
11, 10306.jpg,7,683,389,50,117,-1,-1,-1,-1
11, 10306.jpg,8,357,388,47,94,-1,-1,-1,-1
11, 10306.jpg,9,579,315,48,95,-1,-1,-1,-1
11, 10306.jpg,14,381,327,55,72,-1,-1,-1,-1
12, 10307.jpg,1,365,334,57,83,-1,-1,-1,-1
12, 10307.jpg,2,768,351,66,115,-1,-1,-1,-1
12, 10307.jpg,3,1083,377,48,113,-1,-1,-1,-1
12, 10307.jpg,4,953,391,37,110,-1,-1,-1,-1
12, 10307.jpg,5,1096,299,64,108,-1,-1,-1,-1
12, 10307.jpg,6,602,253,45,98,-1,-1,-1,-1
12, 10307.jpg,7,693,389,50,115,-1,-1,-1,-1
12, 10307.jpg,8,361,387,49,94,-1,-1,-1,-1
12, 10307.jpg,9,588,315,47,93,-1,-1,-1,-1
12, 10307.jpg,14,392,324,54,70,-1,-1,-1,-1
13, 10308.jpg,1,371,331,57,81,-1,-1,-1,-1
13, 10308.jpg,2,776,347,67,118,-1,-1,-1,-1
13, 10308.jpg,3,1093,378,49,114,-1,-1,-1,-1
13, 10308.jpg,4,963,392,37,110,-1,-1,-1,-1
13, 10308.jpg,5,1104,300,61,106,-1,-1,-1,-1
13, 10308.jpg,6,610,252,44,97,-1,-1,-1,-1
13, 10308.jpg,7,698,388,52,117,-1,-1,-1,-1
13, 10308.jpg,8,365,386,51,95,-1,-1,-1,-1
13, 10308.jpg,9,597,294,50,97,-1,-1,-1,-1
13, 10308.jpg,14,398,324,52,69,-1,-1,-1,-1
14, 10309.jpg,1,379,331,56,80,-1,-1,-1,-1
14, 10309.jpg,2,796,357,65,118,-1,-1,-1,-1
14, 10309.jpg,3,1103,379,48,113,-1,-1,-1,-1
14, 10309.jpg,4,971,393,36,109,-1,-1,-1,-1
14, 10309.jpg,5,1110,300,58,103,-1,-1,-1,-1
14, 10309.jpg,6,610,252,43,92,-1,-1,-1,-1
14, 10309.jpg,7,705,388,53,118,-1,-1,-1,-1
14, 10309.jpg,8,369,386,52,95,-1,-1,-1,-1
14, 10309.jpg,9,598,306,49,100,-1,-1,-1,-1
14, 10309.jpg,14,396,325,55,71,-1,-1,-1,-1
15, 10310.jpg,1,384,326,58,83,-1,-1,-1,-1
15, 10310.jpg,2,802,361,64,119,-1,-1,-1,-1
15, 10310.jpg,3,1108,376,49,116,-1,-1,-1,-1
15, 10310.jpg,4,980,394,36,108,-1,-1,-1,-1
15, 10310.jpg,5,1113,302,54,97,-1,-1,-1,-1
15, 10310.jpg,6,611,249,42,90,-1,-1,-1,-1
15, 10310.jpg,7,711,389,53,118,-1,-1,-1,-1
15, 10310.jpg,8,372,385,54,97,-1,-1,-1,-1
15, 10310.jpg,9,599,312,49,100,-1,-1,-1,-1
15, 10310.jpg,14,400,325,55,71,-1,-1,-1,-1
16, 10311.jpg,1,389,325,60,84,-1,-1,-1,-1
16, 10311.jpg,2,795,352,70,131,-1,-1,-1,-1
16, 10311.jpg,3,1116,384,46,109,-1,-1,-1,-1
16, 10311.jpg,4,985,393,36,109,-1,-1,-1,-1
16, 10311.jpg,5,1111,302,57,107,-1,-1,-1,-1
16, 10311.jpg,6,609,245,45,96,-1,-1,-1,-1
16, 10311.jpg,7,718,390,53,117,-1,-1,-1,-1
16, 10311.jpg,8,377,362,56,101,-1,-1,-1,-1
16, 10311.jpg,9,598,315,49,101,-1,-1,-1,-1
17, 10312.jpg,1,396,325,60,83,-1,-1,-1,-1
17, 10312.jpg,2,795,348,71,134,-1,-1,-1,-1
17, 10312.jpg,3,1119,384,46,112,-1,-1,-1,-1
17, 10312.jpg,4,988,393,37,111,-1,-1,-1,-1
17, 10312.jpg,5,1111,300,57,110,-1,-1,-1,-1
17, 10312.jpg,6,608,245,44,93,-1,-1,-1,-1
17, 10312.jpg,7,720,390,53,116,-1,-1,-1,-1
17, 10312.jpg,8,381,358,59,105,-1,-1,-1,-1
17, 10312.jpg,9,601,319,48,98,-1,-1,-1,-1
18, 10313.jpg,1,386,321,66,91,-1,-1,-1,-1
18, 10313.jpg,2,802,347,72,136,-1,-1,-1,-1
18, 10313.jpg,3,1130,385,45,112,-1,-1,-1,-1
18, 10313.jpg,4,990,393,37,113,-1,-1,-1,-1
18, 10313.jpg,5,1109,321,62,123,-1,-1,-1,-1
18, 10313.jpg,6,605,242,45,99,-1,-1,-1,-1
18, 10313.jpg,7,723,390,52,116,-1,-1,-1,-1
18, 10313.jpg,8,375,370,57,105,-1,-1,-1,-1
18, 10313.jpg,9,601,319,48,99,-1,-1,-1,-1
18, 10313.jpg,11,807,390,54,101,-1,-1,-1,-1
19, 10314.jpg,1,384,318,68,92,-1,-1,-1,-1
19, 10314.jpg,2,794,348,61,119,-1,-1,-1,-1
19, 10314.jpg,3,1122,384,45,111,-1,-1,-1,-1
19, 10314.jpg,4,993,393,38,116,-1,-1,-1,-1
19, 10314.jpg,5,1105,309,60,117,-1,-1,-1,-1
19, 10314.jpg,6,604,244,43,95,-1,-1,-1,-1
19, 10314.jpg,7,725,389,52,115,-1,-1,-1,-1
19, 10314.jpg,8,372,376,57,104,-1,-1,-1,-1
19, 10314.jpg,9,600,317,50,102,-1,-1,-1,-1
19, 10314.jpg,11,805,369,61,115,-1,-1,-1,-1
20, 10315.jpg,1,388,317,69,92,-1,-1,-1,-1
20, 10315.jpg,2,802,337,53,106,-1,-1,-1,-1
20, 10315.jpg,3,1120,380,47,116,-1,-1,-1,-1
20, 10315.jpg,4,996,397,37,112,-1,-1,-1,-1
20, 10315.jpg,5,1100,304,58,113,-1,-1,-1,-1
20, 10315.jpg,6,599,245,42,91,-1,-1,-1,-1
20, 10315.jpg,7,727,388,51,115,-1,-1,-1,-1
20, 10315.jpg,8,373,361,59,106,-1,-1,-1,-1
20, 10315.jpg,9,600,319,47,97,-1,-1,-1,-1
20, 10315.jpg,11,801,362,64,121,-1,-1,-1,-1
21, 10316.jpg,2,802,330,55,111,-1,-1,-1,-1
21, 10316.jpg,3,1119,378,48,117,-1,-1,-1,-1
21, 10316.jpg,4,997,398,36,112,-1,-1,-1,-1
21, 10316.jpg,5,1095,302,58,112,-1,-1,-1,-1
21, 10316.jpg,6,596,245,41,89,-1,-1,-1,-1
21, 10316.jpg,7,727,386,50,114,-1,-1,-1,-1
21, 10316.jpg,8,370,352,62,112,-1,-1,-1,-1
21, 10316.jpg,9,596,320,46,97,-1,-1,-1,-1
21, 10316.jpg,11,806,360,65,123,-1,-1,-1,-1
22, 10317.jpg,1,371,315,70,95,-1,-1,-1,-1
22, 10317.jpg,2,807,328,55,110,-1,-1,-1,-1
22, 10317.jpg,3,1120,377,47,116,-1,-1,-1,-1
22, 10317.jpg,4,998,399,37,112,-1,-1,-1,-1
22, 10317.jpg,5,1091,298,59,114,-1,-1,-1,-1
22, 10317.jpg,6,588,245,42,88,-1,-1,-1,-1
22, 10317.jpg,7,725,385,51,115,-1,-1,-1,-1
22, 10317.jpg,8,365,369,57,106,-1,-1,-1,-1
22, 10317.jpg,9,592,318,48,102,-1,-1,-1,-1
22, 10317.jpg,11,801,365,62,120,-1,-1,-1,-1
23, 10318.jpg,1,367,312,71,95,-1,-1,-1,-1
23, 10318.jpg,2,804,328,49,102,-1,-1,-1,-1
23, 10318.jpg,3,1119,374,47,117,-1,-1,-1,-1
23, 10318.jpg,4,998,401,37,110,-1,-1,-1,-1
23, 10318.jpg,5,1088,301,56,108,-1,-1,-1,-1
23, 10318.jpg,6,583,246,42,86,-1,-1,-1,-1
23, 10318.jpg,7,725,385,50,114,-1,-1,-1,-1
23, 10318.jpg,8,362,375,54,105,-1,-1,-1,-1
23, 10318.jpg,9,590,319,47,102,-1,-1,-1,-1
23, 10318.jpg,11,796,358,66,128,-1,-1,-1,-1
24, 10319.jpg,1,359,310,69,93,-1,-1,-1,-1
24, 10319.jpg,2,805,328,46,100,-1,-1,-1,-1
24, 10319.jpg,3,1119,373,46,114,-1,-1,-1,-1
24, 10319.jpg,4,998,401,37,110,-1,-1,-1,-1
24, 10319.jpg,5,1085,303,55,106,-1,-1,-1,-1
24, 10319.jpg,6,576,248,43,86,-1,-1,-1,-1
24, 10319.jpg,7,724,385,51,115,-1,-1,-1,-1
24, 10319.jpg,8,360,377,53,104,-1,-1,-1,-1
24, 10319.jpg,9,587,318,47,103,-1,-1,-1,-1
24, 10319.jpg,11,796,359,63,126,-1,-1,-1,-1
25, 10320.jpg,1,352,310,68,94,-1,-1,-1,-1
25, 10320.jpg,2,803,327,46,100,-1,-1,-1,-1
25, 10320.jpg,3,1117,372,46,113,-1,-1,-1,-1
25, 10320.jpg,4,998,402,37,109,-1,-1,-1,-1
25, 10320.jpg,5,1081,304,54,105,-1,-1,-1,-1
25, 10320.jpg,6,572,249,43,85,-1,-1,-1,-1
25, 10320.jpg,7,723,384,52,116,-1,-1,-1,-1
25, 10320.jpg,8,359,378,53,106,-1,-1,-1,-1
25, 10320.jpg,9,585,319,46,102,-1,-1,-1,-1
25, 10320.jpg,11,795,364,60,121,-1,-1,-1,-1
26, 10321.jpg,1,343,309,68,96,-1,-1,-1,-1
26, 10321.jpg,2,801,324,44,99,-1,-1,-1,-1
26, 10321.jpg,3,1116,371,46,114,-1,-1,-1,-1
26, 10321.jpg,4,999,403,37,109,-1,-1,-1,-1
26, 10321.jpg,5,1079,304,53,107,-1,-1,-1,-1
26, 10321.jpg,6,568,247,45,85,-1,-1,-1,-1
26, 10321.jpg,7,722,384,53,117,-1,-1,-1,-1
26, 10321.jpg,8,358,379,53,105,-1,-1,-1,-1
26, 10321.jpg,9,581,320,47,102,-1,-1,-1,-1
26, 10321.jpg,11,792,370,59,122,-1,-1,-1,-1
26, 10321.jpg,14,389,313,47,63,-1,-1,-1,-1
27, 10322.jpg,1,336,308,70,99,-1,-1,-1,-1
27, 10322.jpg,2,795,327,45,104,-1,-1,-1,-1
27, 10322.jpg,3,1114,370,47,115,-1,-1,-1,-1
27, 10322.jpg,4,1000,403,38,109,-1,-1,-1,-1
27, 10322.jpg,5,1076,306,52,102,-1,-1,-1,-1
27, 10322.jpg,6,564,247,48,86,-1,-1,-1,-1
27, 10322.jpg,7,721,386,53,115,-1,-1,-1,-1
27, 10322.jpg,8,358,379,52,105,-1,-1,-1,-1
27, 10322.jpg,9,578,322,46,101,-1,-1,-1,-1
27, 10322.jpg,11,792,377,56,118,-1,-1,-1,-1
27, 10322.jpg,14,389,312,47,63,-1,-1,-1,-1
28, 10323.jpg,1,345,310,67,93,-1,-1,-1,-1
28, 10323.jpg,2,794,341,44,103,-1,-1,-1,-1
28, 10323.jpg,3,1112,369,48,117,-1,-1,-1,-1
28, 10323.jpg,4,1001,403,39,112,-1,-1,-1,-1
28, 10323.jpg,5,1073,308,50,100,-1,-1,-1,-1
28, 10323.jpg,6,562,248,48,85,-1,-1,-1,-1
28, 10323.jpg,7,722,386,51,112,-1,-1,-1,-1
28, 10323.jpg,8,358,379,52,105,-1,-1,-1,-1
28, 10323.jpg,9,575,325,47,99,-1,-1,-1,-1
28, 10323.jpg,11,791,383,53,115,-1,-1,-1,-1
29, 10324.jpg,1,332,307,69,100,-1,-1,-1,-1
29, 10324.jpg,2,792,343,42,101,-1,-1,-1,-1
29, 10324.jpg,3,1111,369,48,116,-1,-1,-1,-1
29, 10324.jpg,4,1001,403,40,113,-1,-1,-1,-1
29, 10324.jpg,5,1069,307,50,102,-1,-1,-1,-1
29, 10324.jpg,6,559,250,47,82,-1,-1,-1,-1
29, 10324.jpg,7,721,388,50,109,-1,-1,-1,-1
29, 10324.jpg,8,357,379,52,105,-1,-1,-1,-1
29, 10324.jpg,9,572,328,47,98,-1,-1,-1,-1
29, 10324.jpg,11,790,387,50,114,-1,-1,-1,-1
29, 10324.jpg,14,381,322,46,61,-1,-1,-1,-1
30, 10325.jpg,1,342,311,64,91,-1,-1,-1,-1
30, 10325.jpg,2,793,344,41,100,-1,-1,-1,-1
30, 10325.jpg,3,1106,368,50,119,-1,-1,-1,-1
30, 10325.jpg,4,1002,403,40,112,-1,-1,-1,-1
30, 10325.jpg,5,1066,306,49,102,-1,-1,-1,-1
30, 10325.jpg,6,556,250,47,81,-1,-1,-1,-1
30, 10325.jpg,7,718,388,51,107,-1,-1,-1,-1
30, 10325.jpg,8,355,377,51,105,-1,-1,-1,-1
30, 10325.jpg,9,571,330,47,97,-1,-1,-1,-1
30, 10325.jpg,11,791,388,50,114,-1,-1,-1,-1
30, 10325.jpg,12,782,357,50,115,-1,-1,-1,-1
30, 10325.jpg,14,381,322,45,60,-1,-1,-1,-1
31, 10326.jpg,1,325,309,68,99,-1,-1,-1,-1
31, 10326.jpg,2,788,347,41,103,-1,-1,-1,-1
31, 10326.jpg,3,1106,370,49,116,-1,-1,-1,-1
31, 10326.jpg,4,1002,403,40,113,-1,-1,-1,-1
31, 10326.jpg,5,1061,308,50,100,-1,-1,-1,-1
31, 10326.jpg,6,553,250,48,81,-1,-1,-1,-1
31, 10326.jpg,7,715,385,53,109,-1,-1,-1,-1
31, 10326.jpg,8,353,375,51,107,-1,-1,-1,-1
31, 10326.jpg,9,569,330,49,99,-1,-1,-1,-1
31, 10326.jpg,12,787,380,48,118,-1,-1,-1,-1
31, 10326.jpg,14,374,326,46,63,-1,-1,-1,-1
31, 10326.jpg,18,99,265,47,101,-1,-1,-1,-1
32, 10327.jpg,1,320,309,68,101,-1,-1,-1,-1
32, 10327.jpg,2,789,337,39,98,-1,-1,-1,-1
32, 10327.jpg,3,1105,372,48,112,-1,-1,-1,-1
32, 10327.jpg,4,1003,405,39,112,-1,-1,-1,-1
32, 10327.jpg,5,1055,307,52,103,-1,-1,-1,-1
32, 10327.jpg,6,550,249,49,81,-1,-1,-1,-1
32, 10327.jpg,7,711,383,54,111,-1,-1,-1,-1
32, 10327.jpg,8,352,375,50,108,-1,-1,-1,-1
32, 10327.jpg,9,567,334,47,96,-1,-1,-1,-1
32, 10327.jpg,12,785,372,52,136,-1,-1,-1,-1
32, 10327.jpg,14,374,329,45,65,-1,-1,-1,-1
32, 10327.jpg,18,98,264,47,101,-1,-1,-1,-1
33, 10328.jpg,1,317,311,67,101,-1,-1,-1,-1
33, 10328.jpg,2,789,327,36,90,-1,-1,-1,-1
33, 10328.jpg,3,1102,374,47,110,-1,-1,-1,-1
33, 10328.jpg,4,1001,407,40,113,-1,-1,-1,-1
33, 10328.jpg,5,1050,309,52,101,-1,-1,-1,-1
33, 10328.jpg,6,547,250,49,79,-1,-1,-1,-1
33, 10328.jpg,7,708,381,55,113,-1,-1,-1,-1
33, 10328.jpg,8,351,376,50,107,-1,-1,-1,-1
33, 10328.jpg,9,566,337,46,94,-1,-1,-1,-1
33, 10328.jpg,12,786,367,47,128,-1,-1,-1,-1
33, 10328.jpg,14,373,331,45,66,-1,-1,-1,-1
33, 10328.jpg,18,97,264,47,99,-1,-1,-1,-1
34, 10329.jpg,1,314,311,67,102,-1,-1,-1,-1
34, 10329.jpg,2,787,324,37,93,-1,-1,-1,-1
34, 10329.jpg,3,1100,375,46,107,-1,-1,-1,-1
34, 10329.jpg,4,1001,409,40,114,-1,-1,-1,-1
34, 10329.jpg,5,1047,310,52,99,-1,-1,-1,-1
34, 10329.jpg,6,543,248,50,82,-1,-1,-1,-1
34, 10329.jpg,7,705,381,56,111,-1,-1,-1,-1
34, 10329.jpg,8,352,378,49,105,-1,-1,-1,-1
34, 10329.jpg,9,566,341,44,90,-1,-1,-1,-1
34, 10329.jpg,12,787,369,41,115,-1,-1,-1,-1
34, 10329.jpg,14,375,335,44,63,-1,-1,-1,-1
34, 10329.jpg,18,97,265,45,97,-1,-1,-1,-1
35, 10330.jpg,1,312,310,66,105,-1,-1,-1,-1
35, 10330.jpg,2,787,322,37,92,-1,-1,-1,-1
35, 10330.jpg,3,1097,375,46,108,-1,-1,-1,-1
35, 10330.jpg,4,1000,410,41,116,-1,-1,-1,-1
35, 10330.jpg,5,1044,312,50,95,-1,-1,-1,-1
35, 10330.jpg,6,541,251,50,79,-1,-1,-1,-1
35, 10330.jpg,7,700,380,57,113,-1,-1,-1,-1
35, 10330.jpg,8,352,381,47,103,-1,-1,-1,-1
35, 10330.jpg,9,569,345,42,86,-1,-1,-1,-1
35, 10330.jpg,12,783,361,43,122,-1,-1,-1,-1
35, 10330.jpg,14,374,336,48,71,-1,-1,-1,-1
35, 10330.jpg,18,96,264,45,98,-1,-1,-1,-1
36, 10331.jpg,1,310,310,65,105,-1,-1,-1,-1
36, 10331.jpg,3,1094,375,46,109,-1,-1,-1,-1
36, 10331.jpg,4,998,411,42,116,-1,-1,-1,-1
36, 10331.jpg,5,1039,314,48,92,-1,-1,-1,-1
36, 10331.jpg,6,539,251,50,79,-1,-1,-1,-1
36, 10331.jpg,7,696,378,58,115,-1,-1,-1,-1
36, 10331.jpg,8,351,381,47,103,-1,-1,-1,-1
36, 10331.jpg,9,566,349,42,87,-1,-1,-1,-1
36, 10331.jpg,12,782,367,43,125,-1,-1,-1,-1
36, 10331.jpg,14,376,338,51,77,-1,-1,-1,-1
37, 10332.jpg,1,308,312,63,104,-1,-1,-1,-1
37, 10332.jpg,2,783,322,35,88,-1,-1,-1,-1
37, 10332.jpg,3,1090,375,46,109,-1,-1,-1,-1
37, 10332.jpg,4,997,413,42,113,-1,-1,-1,-1
37, 10332.jpg,5,1033,314,48,93,-1,-1,-1,-1
37, 10332.jpg,6,535,251,49,78,-1,-1,-1,-1
37, 10332.jpg,7,692,379,58,116,-1,-1,-1,-1
37, 10332.jpg,8,350,381,47,104,-1,-1,-1,-1
37, 10332.jpg,9,564,352,42,87,-1,-1,-1,-1
37, 10332.jpg,12,782,370,40,121,-1,-1,-1,-1
37, 10332.jpg,14,374,337,55,84,-1,-1,-1,-1
38, 10333.jpg,1,305,312,63,107,-1,-1,-1,-1
38, 10333.jpg,2,783,321,34,86,-1,-1,-1,-1
38, 10333.jpg,3,1085,375,46,109,-1,-1,-1,-1
38, 10333.jpg,4,995,414,43,113,-1,-1,-1,-1
38, 10333.jpg,5,1028,316,47,92,-1,-1,-1,-1
38, 10333.jpg,6,533,251,48,78,-1,-1,-1,-1
38, 10333.jpg,7,687,380,57,116,-1,-1,-1,-1
38, 10333.jpg,8,351,382,46,103,-1,-1,-1,-1
38, 10333.jpg,9,562,354,42,88,-1,-1,-1,-1
38, 10333.jpg,12,782,365,37,110,-1,-1,-1,-1
38, 10333.jpg,14,377,339,55,85,-1,-1,-1,-1
39, 10334.jpg,1,302,314,63,107,-1,-1,-1,-1
39, 10334.jpg,2,779,324,34,87,-1,-1,-1,-1
39, 10334.jpg,3,1081,374,46,109,-1,-1,-1,-1
39, 10334.jpg,4,993,415,44,112,-1,-1,-1,-1
39, 10334.jpg,5,1022,318,47,91,-1,-1,-1,-1
39, 10334.jpg,7,680,381,59,119,-1,-1,-1,-1
39, 10334.jpg,8,350,382,46,103,-1,-1,-1,-1
39, 10334.jpg,9,560,358,42,89,-1,-1,-1,-1
39, 10334.jpg,12,783,364,36,110,-1,-1,-1,-1
39, 10334.jpg,14,381,341,53,82,-1,-1,-1,-1
40, 10335.jpg,1,302,316,61,105,-1,-1,-1,-1
40, 10335.jpg,2,776,323,35,86,-1,-1,-1,-1
40, 10335.jpg,3,1078,374,46,110,-1,-1,-1,-1
40, 10335.jpg,4,991,416,45,111,-1,-1,-1,-1
40, 10335.jpg,5,1016,319,47,91,-1,-1,-1,-1
40, 10335.jpg,7,672,382,62,121,-1,-1,-1,-1
40, 10335.jpg,8,349,382,46,103,-1,-1,-1,-1
40, 10335.jpg,9,559,358,42,89,-1,-1,-1,-1
40, 10335.jpg,14,386,342,50,76,-1,-1,-1,-1
