2, 18757.jpg,1,582,366,37,104,-1,-1,-1,-1
2, 18757.jpg,2,776,397,68,111,-1,-1,-1,-1
2, 18757.jpg,3,904,357,38,114,-1,-1,-1,-1
2, 18757.jpg,4,730,465,80,137,-1,-1,-1,-1
2, 18757.jpg,5,899,295,36,102,-1,-1,-1,-1
2, 18757.jpg,6,580,422,41,122,-1,-1,-1,-1
2, 18757.jpg,7,538,313,41,104,-1,-1,-1,-1
2, 18757.jpg,8,355,423,67,110,-1,-1,-1,-1
2, 18757.jpg,9,668,354,47,98,-1,-1,-1,-1
2, 18757.jpg,10,215,360,42,105,-1,-1,-1,-1
2, 18757.jpg,11,321,329,56,83,-1,-1,-1,-1
3, 18758.jpg,1,579,364,38,107,-1,-1,-1,-1
3, 18758.jpg,2,780,398,66,109,-1,-1,-1,-1
3, 18758.jpg,3,907,357,39,114,-1,-1,-1,-1
3, 18758.jpg,4,740,473,74,128,-1,-1,-1,-1
3, 18758.jpg,5,900,297,33,94,-1,-1,-1,-1
3, 18758.jpg,6,577,422,40,117,-1,-1,-1,-1
3, 18758.jpg,7,541,313,42,104,-1,-1,-1,-1
3, 18758.jpg,8,351,424,67,110,-1,-1,-1,-1
3, 18758.jpg,9,669,353,46,99,-1,-1,-1,-1
3, 18758.jpg,10,213,359,42,107,-1,-1,-1,-1
3, 18758.jpg,11,319,330,56,84,-1,-1,-1,-1
3, 18758.jpg,12,715,384,69,111,-1,-1,-1,-1
4, 18759.jpg,1,579,372,36,103,-1,-1,-1,-1
4, 18759.jpg,2,788,401,64,107,-1,-1,-1,-1
4, 18759.jpg,3,910,355,39,115,-1,-1,-1,-1
4, 18759.jpg,4,746,478,70,121,-1,-1,-1,-1
4, 18759.jpg,5,904,299,29,83,-1,-1,-1,-1
4, 18759.jpg,6,575,423,40,117,-1,-1,-1,-1
4, 18759.jpg,7,543,313,42,105,-1,-1,-1,-1
4, 18759.jpg,8,349,425,67,110,-1,-1,-1,-1
4, 18759.jpg,9,669,354,46,99,-1,-1,-1,-1
4, 18759.jpg,10,210,358,44,108,-1,-1,-1,-1
4, 18759.jpg,11,317,330,56,84,-1,-1,-1,-1
4, 18759.jpg,12,713,383,71,115,-1,-1,-1,-1
5, 18760.jpg,1,576,380,35,99,-1,-1,-1,-1
5, 18760.jpg,2,793,405,62,104,-1,-1,-1,-1
5, 18760.jpg,3,911,350,41,118,-1,-1,-1,-1
5, 18760.jpg,4,752,483,71,121,-1,-1,-1,-1
5, 18760.jpg,5,907,301,29,78,-1,-1,-1,-1
5, 18760.jpg,6,574,422,39,120,-1,-1,-1,-1
5, 18760.jpg,7,545,314,41,104,-1,-1,-1,-1
5, 18760.jpg,8,347,425,69,112,-1,-1,-1,-1
5, 18760.jpg,9,669,354,47,100,-1,-1,-1,-1
5, 18760.jpg,10,208,358,43,108,-1,-1,-1,-1
5, 18760.jpg,11,314,330,58,87,-1,-1,-1,-1
5, 18760.jpg,12,709,383,70,115,-1,-1,-1,-1
6, 18761.jpg,1,574,382,35,99,-1,-1,-1,-1
6, 18761.jpg,2,794,406,64,108,-1,-1,-1,-1
6, 18761.jpg,3,914,350,41,114,-1,-1,-1,-1
6, 18761.jpg,4,760,484,72,122,-1,-1,-1,-1
6, 18761.jpg,5,909,300,28,77,-1,-1,-1,-1
6, 18761.jpg,6,572,420,41,124,-1,-1,-1,-1
6, 18761.jpg,7,549,317,41,105,-1,-1,-1,-1
6, 18761.jpg,8,345,428,68,109,-1,-1,-1,-1
6, 18761.jpg,9,670,353,46,101,-1,-1,-1,-1
6, 18761.jpg,10,207,359,43,107,-1,-1,-1,-1
6, 18761.jpg,11,312,330,58,87,-1,-1,-1,-1
6, 18761.jpg,12,705,380,70,115,-1,-1,-1,-1
7, 18762.jpg,1,573,383,39,112,-1,-1,-1,-1
7, 18762.jpg,2,799,408,63,107,-1,-1,-1,-1
7, 18762.jpg,3,916,353,41,109,-1,-1,-1,-1
7, 18762.jpg,4,766,484,73,122,-1,-1,-1,-1
7, 18762.jpg,5,910,301,29,77,-1,-1,-1,-1
7, 18762.jpg,6,571,420,41,125,-1,-1,-1,-1
7, 18762.jpg,7,559,333,39,97,-1,-1,-1,-1
7, 18762.jpg,8,344,430,67,107,-1,-1,-1,-1
7, 18762.jpg,9,672,352,46,103,-1,-1,-1,-1
7, 18762.jpg,10,205,359,42,106,-1,-1,-1,-1
7, 18762.jpg,11,310,330,57,86,-1,-1,-1,-1
7, 18762.jpg,12,705,383,66,110,-1,-1,-1,-1
8, 18763.jpg,1,571,385,40,114,-1,-1,-1,-1
8, 18763.jpg,2,802,409,63,105,-1,-1,-1,-1
8, 18763.jpg,3,917,356,41,103,-1,-1,-1,-1
8, 18763.jpg,4,770,484,75,124,-1,-1,-1,-1
8, 18763.jpg,5,910,301,31,78,-1,-1,-1,-1
8, 18763.jpg,6,569,414,45,137,-1,-1,-1,-1
8, 18763.jpg,7,559,331,44,110,-1,-1,-1,-1
8, 18763.jpg,8,343,432,67,105,-1,-1,-1,-1
8, 18763.jpg,9,672,352,47,103,-1,-1,-1,-1
8, 18763.jpg,10,204,359,43,108,-1,-1,-1,-1
8, 18763.jpg,11,309,329,57,85,-1,-1,-1,-1
8, 18763.jpg,12,690,373,64,105,-1,-1,-1,-1
9, 18764.jpg,2,804,408,65,105,-1,-1,-1,-1
9, 18764.jpg,3,918,359,42,100,-1,-1,-1,-1
9, 18764.jpg,4,773,488,73,121,-1,-1,-1,-1
9, 18764.jpg,5,911,300,35,82,-1,-1,-1,-1
9, 18764.jpg,6,567,415,43,133,-1,-1,-1,-1
9, 18764.jpg,7,563,349,41,102,-1,-1,-1,-1
9, 18764.jpg,8,341,433,66,104,-1,-1,-1,-1
9, 18764.jpg,9,674,352,46,100,-1,-1,-1,-1
9, 18764.jpg,10,203,359,43,107,-1,-1,-1,-1
9, 18764.jpg,11,308,329,57,85,-1,-1,-1,-1
9, 18764.jpg,12,685,371,69,114,-1,-1,-1,-1
10, 18765.jpg,2,806,409,64,102,-1,-1,-1,-1
10, 18765.jpg,3,918,360,43,98,-1,-1,-1,-1
10, 18765.jpg,4,775,490,72,118,-1,-1,-1,-1
10, 18765.jpg,5,910,299,36,84,-1,-1,-1,-1
10, 18765.jpg,6,566,417,41,129,-1,-1,-1,-1
10, 18765.jpg,7,566,356,36,90,-1,-1,-1,-1
10, 18765.jpg,8,339,433,67,104,-1,-1,-1,-1
10, 18765.jpg,9,674,348,44,94,-1,-1,-1,-1
10, 18765.jpg,10,202,360,43,106,-1,-1,-1,-1
10, 18765.jpg,11,308,328,56,85,-1,-1,-1,-1
10, 18765.jpg,12,681,369,74,121,-1,-1,-1,-1
11, 18766.jpg,2,808,409,65,103,-1,-1,-1,-1
11, 18766.jpg,3,917,359,41,91,-1,-1,-1,-1
11, 18766.jpg,4,775,491,73,118,-1,-1,-1,-1
11, 18766.jpg,5,908,300,37,83,-1,-1,-1,-1
11, 18766.jpg,6,566,417,41,130,-1,-1,-1,-1
11, 18766.jpg,7,566,363,36,90,-1,-1,-1,-1
11, 18766.jpg,8,338,432,68,104,-1,-1,-1,-1
11, 18766.jpg,9,675,347,43,94,-1,-1,-1,-1
11, 18766.jpg,10,201,361,43,105,-1,-1,-1,-1
11, 18766.jpg,11,307,328,56,85,-1,-1,-1,-1
11, 18766.jpg,12,678,367,73,122,-1,-1,-1,-1
12, 18767.jpg,2,807,408,67,105,-1,-1,-1,-1
12, 18767.jpg,3,915,358,44,93,-1,-1,-1,-1
12, 18767.jpg,4,774,491,74,119,-1,-1,-1,-1
12, 18767.jpg,5,906,302,37,81,-1,-1,-1,-1
12, 18767.jpg,6,565,420,40,126,-1,-1,-1,-1
12, 18767.jpg,7,568,368,36,88,-1,-1,-1,-1
12, 18767.jpg,8,337,431,68,105,-1,-1,-1,-1
12, 18767.jpg,10,201,362,42,104,-1,-1,-1,-1
12, 18767.jpg,11,307,328,56,85,-1,-1,-1,-1
12, 18767.jpg,12,674,366,72,122,-1,-1,-1,-1
13, 18768.jpg,2,809,409,67,105,-1,-1,-1,-1
13, 18768.jpg,3,911,360,46,92,-1,-1,-1,-1
13, 18768.jpg,4,775,490,74,119,-1,-1,-1,-1
13, 18768.jpg,5,903,303,40,84,-1,-1,-1,-1
13, 18768.jpg,6,564,408,43,140,-1,-1,-1,-1
13, 18768.jpg,8,336,430,69,106,-1,-1,-1,-1
13, 18768.jpg,9,680,334,47,100,-1,-1,-1,-1
13, 18768.jpg,10,201,363,42,102,-1,-1,-1,-1
13, 18768.jpg,11,307,328,55,84,-1,-1,-1,-1
13, 18768.jpg,12,669,365,73,123,-1,-1,-1,-1
14, 18769.jpg,2,812,410,66,103,-1,-1,-1,-1
14, 18769.jpg,3,909,356,49,92,-1,-1,-1,-1
14, 18769.jpg,4,773,490,74,119,-1,-1,-1,-1
14, 18769.jpg,5,900,304,43,88,-1,-1,-1,-1
14, 18769.jpg,6,562,406,44,143,-1,-1,-1,-1
14, 18769.jpg,7,563,384,43,109,-1,-1,-1,-1
14, 18769.jpg,8,335,432,69,105,-1,-1,-1,-1
14, 18769.jpg,9,680,332,48,103,-1,-1,-1,-1
14, 18769.jpg,10,200,364,42,101,-1,-1,-1,-1
14, 18769.jpg,11,307,327,55,85,-1,-1,-1,-1
14, 18769.jpg,14,557,328,36,95,-1,-1,-1,-1
15, 18770.jpg,2,813,410,66,103,-1,-1,-1,-1
15, 18770.jpg,3,908,353,50,92,-1,-1,-1,-1
15, 18770.jpg,4,769,488,76,121,-1,-1,-1,-1
15, 18770.jpg,5,901,303,41,82,-1,-1,-1,-1
15, 18770.jpg,6,565,415,41,133,-1,-1,-1,-1
15, 18770.jpg,7,565,389,43,111,-1,-1,-1,-1
15, 18770.jpg,8,335,433,69,104,-1,-1,-1,-1
15, 18770.jpg,9,680,334,44,98,-1,-1,-1,-1
15, 18770.jpg,10,200,363,44,105,-1,-1,-1,-1
15, 18770.jpg,11,306,326,58,88,-1,-1,-1,-1
15, 18770.jpg,12,671,385,59,103,-1,-1,-1,-1
15, 18770.jpg,14,562,342,37,99,-1,-1,-1,-1
16, 18771.jpg,2,815,409,66,105,-1,-1,-1,-1
16, 18771.jpg,3,903,356,52,91,-1,-1,-1,-1
16, 18771.jpg,4,767,486,76,123,-1,-1,-1,-1
16, 18771.jpg,5,901,301,44,83,-1,-1,-1,-1
16, 18771.jpg,6,566,419,39,127,-1,-1,-1,-1
16, 18771.jpg,8,335,433,69,103,-1,-1,-1,-1
16, 18771.jpg,9,679,335,44,99,-1,-1,-1,-1
16, 18771.jpg,10,200,363,44,104,-1,-1,-1,-1
16, 18771.jpg,11,308,326,58,88,-1,-1,-1,-1
16, 18771.jpg,12,666,378,63,113,-1,-1,-1,-1
16, 18771.jpg,14,562,337,37,98,-1,-1,-1,-1
17, 18772.jpg,2,819,410,64,104,-1,-1,-1,-1
17, 18772.jpg,3,898,356,54,93,-1,-1,-1,-1
17, 18772.jpg,4,765,484,78,125,-1,-1,-1,-1
17, 18772.jpg,5,900,300,46,83,-1,-1,-1,-1
17, 18772.jpg,6,567,419,38,126,-1,-1,-1,-1
17, 18772.jpg,8,336,432,71,105,-1,-1,-1,-1
17, 18772.jpg,9,680,333,44,100,-1,-1,-1,-1
17, 18772.jpg,10,200,361,44,105,-1,-1,-1,-1
17, 18772.jpg,11,311,325,57,89,-1,-1,-1,-1
17, 18772.jpg,12,665,376,64,119,-1,-1,-1,-1
17, 18772.jpg,14,563,335,35,95,-1,-1,-1,-1
18, 18773.jpg,2,821,410,64,104,-1,-1,-1,-1
18, 18773.jpg,3,894,357,54,93,-1,-1,-1,-1
18, 18773.jpg,4,764,482,79,127,-1,-1,-1,-1
18, 18773.jpg,5,898,298,47,81,-1,-1,-1,-1
18, 18773.jpg,6,568,417,38,126,-1,-1,-1,-1
18, 18773.jpg,8,336,434,70,102,-1,-1,-1,-1
18, 18773.jpg,9,680,333,44,101,-1,-1,-1,-1
18, 18773.jpg,10,201,360,44,106,-1,-1,-1,-1
18, 18773.jpg,11,316,325,57,90,-1,-1,-1,-1
18, 18773.jpg,12,663,376,64,121,-1,-1,-1,-1
18, 18773.jpg,14,562,331,34,90,-1,-1,-1,-1
19, 18774.jpg,2,822,408,64,107,-1,-1,-1,-1
19, 18774.jpg,3,888,358,54,92,-1,-1,-1,-1
19, 18774.jpg,4,764,483,80,127,-1,-1,-1,-1
19, 18774.jpg,5,896,297,48,80,-1,-1,-1,-1
19, 18774.jpg,6,570,411,39,133,-1,-1,-1,-1
19, 18774.jpg,8,337,435,69,101,-1,-1,-1,-1
19, 18774.jpg,9,675,333,54,128,-1,-1,-1,-1
19, 18774.jpg,10,201,360,45,107,-1,-1,-1,-1
19, 18774.jpg,11,319,325,56,90,-1,-1,-1,-1
19, 18774.jpg,12,660,375,64,123,-1,-1,-1,-1
19, 18774.jpg,14,563,333,34,87,-1,-1,-1,-1
20, 18775.jpg,2,823,408,64,107,-1,-1,-1,-1
20, 18775.jpg,3,885,359,53,92,-1,-1,-1,-1
20, 18775.jpg,4,762,482,78,125,-1,-1,-1,-1
20, 18775.jpg,5,890,297,49,81,-1,-1,-1,-1
20, 18775.jpg,6,571,412,41,136,-1,-1,-1,-1
20, 18775.jpg,8,338,435,69,101,-1,-1,-1,-1
20, 18775.jpg,9,671,346,56,133,-1,-1,-1,-1
20, 18775.jpg,10,202,360,45,106,-1,-1,-1,-1
20, 18775.jpg,11,321,327,55,89,-1,-1,-1,-1
20, 18775.jpg,14,564,334,34,91,-1,-1,-1,-1
21, 18776.jpg,2,825,408,63,107,-1,-1,-1,-1
21, 18776.jpg,3,886,346,49,84,-1,-1,-1,-1
21, 18776.jpg,4,754,479,77,124,-1,-1,-1,-1
21, 18776.jpg,5,886,298,48,79,-1,-1,-1,-1
21, 18776.jpg,6,573,413,40,137,-1,-1,-1,-1
21, 18776.jpg,8,339,435,71,102,-1,-1,-1,-1
21, 18776.jpg,9,671,350,56,132,-1,-1,-1,-1
21, 18776.jpg,10,204,360,44,106,-1,-1,-1,-1
21, 18776.jpg,11,326,328,52,87,-1,-1,-1,-1
21, 18776.jpg,14,566,335,35,92,-1,-1,-1,-1
22, 18777.jpg,2,826,407,62,108,-1,-1,-1,-1
22, 18777.jpg,3,882,334,49,85,-1,-1,-1,-1
22, 18777.jpg,4,749,476,77,127,-1,-1,-1,-1
22, 18777.jpg,5,885,298,47,78,-1,-1,-1,-1
22, 18777.jpg,6,573,413,40,136,-1,-1,-1,-1
22, 18777.jpg,8,341,435,72,104,-1,-1,-1,-1
22, 18777.jpg,9,671,350,57,132,-1,-1,-1,-1
22, 18777.jpg,10,205,362,45,104,-1,-1,-1,-1
22, 18777.jpg,11,329,331,51,83,-1,-1,-1,-1
22, 18777.jpg,14,569,335,37,99,-1,-1,-1,-1
23, 18778.jpg,2,828,409,61,107,-1,-1,-1,-1
23, 18778.jpg,3,876,329,54,97,-1,-1,-1,-1
23, 18778.jpg,4,745,473,78,130,-1,-1,-1,-1
23, 18778.jpg,6,576,421,36,124,-1,-1,-1,-1
23, 18778.jpg,8,342,435,72,105,-1,-1,-1,-1
23, 18778.jpg,9,673,353,57,127,-1,-1,-1,-1
23, 18778.jpg,10,208,362,44,104,-1,-1,-1,-1
23, 18778.jpg,11,335,333,49,80,-1,-1,-1,-1
23, 18778.jpg,14,573,336,37,98,-1,-1,-1,-1
24, 18779.jpg,2,829,412,61,104,-1,-1,-1,-1
24, 18779.jpg,3,875,326,51,92,-1,-1,-1,-1
24, 18779.jpg,4,744,470,77,131,-1,-1,-1,-1
24, 18779.jpg,6,579,422,36,121,-1,-1,-1,-1
24, 18779.jpg,8,343,434,72,106,-1,-1,-1,-1
24, 18779.jpg,9,673,351,59,127,-1,-1,-1,-1
24, 18779.jpg,10,210,364,44,102,-1,-1,-1,-1
24, 18779.jpg,11,337,334,49,81,-1,-1,-1,-1
24, 18779.jpg,14,575,334,37,99,-1,-1,-1,-1
25, 18780.jpg,2,830,414,60,102,-1,-1,-1,-1
25, 18780.jpg,3,873,323,51,91,-1,-1,-1,-1
25, 18780.jpg,4,742,469,77,131,-1,-1,-1,-1
25, 18780.jpg,5,873,301,50,83,-1,-1,-1,-1
25, 18780.jpg,6,582,421,35,121,-1,-1,-1,-1
25, 18780.jpg,8,342,435,72,104,-1,-1,-1,-1
25, 18780.jpg,9,679,355,57,118,-1,-1,-1,-1
25, 18780.jpg,10,211,365,45,104,-1,-1,-1,-1
25, 18780.jpg,11,341,334,49,81,-1,-1,-1,-1
25, 18780.jpg,14,578,332,38,104,-1,-1,-1,-1
26, 18781.jpg,2,831,415,60,101,-1,-1,-1,-1
26, 18781.jpg,4,739,466,78,132,-1,-1,-1,-1
26, 18781.jpg,5,871,300,49,84,-1,-1,-1,-1
26, 18781.jpg,6,584,414,38,129,-1,-1,-1,-1
26, 18781.jpg,8,342,435,72,105,-1,-1,-1,-1
26, 18781.jpg,9,677,355,57,117,-1,-1,-1,-1
26, 18781.jpg,10,215,364,45,104,-1,-1,-1,-1
26, 18781.jpg,11,344,334,49,81,-1,-1,-1,-1
26, 18781.jpg,12,697,358,53,107,-1,-1,-1,-1
26, 18781.jpg,14,579,331,40,110,-1,-1,-1,-1
26, 18781.jpg,17,866,354,74,100,-1,-1,-1,-1
27, 18782.jpg,2,832,418,60,99,-1,-1,-1,-1
27, 18782.jpg,4,735,462,78,135,-1,-1,-1,-1
27, 18782.jpg,5,867,299,50,86,-1,-1,-1,-1
27, 18782.jpg,6,587,411,38,130,-1,-1,-1,-1
27, 18782.jpg,8,340,435,73,105,-1,-1,-1,-1
27, 18782.jpg,9,676,356,59,116,-1,-1,-1,-1
27, 18782.jpg,10,218,362,45,104,-1,-1,-1,-1
27, 18782.jpg,11,346,332,50,83,-1,-1,-1,-1
27, 18782.jpg,12,701,356,52,107,-1,-1,-1,-1
27, 18782.jpg,14,581,329,37,102,-1,-1,-1,-1
27, 18782.jpg,17,867,355,70,95,-1,-1,-1,-1
28, 18783.jpg,2,833,418,60,99,-1,-1,-1,-1
28, 18783.jpg,4,733,461,76,133,-1,-1,-1,-1
28, 18783.jpg,5,864,300,48,81,-1,-1,-1,-1
28, 18783.jpg,6,589,403,42,139,-1,-1,-1,-1
28, 18783.jpg,8,340,436,75,103,-1,-1,-1,-1
28, 18783.jpg,9,666,351,62,123,-1,-1,-1,-1
28, 18783.jpg,10,221,361,46,105,-1,-1,-1,-1
28, 18783.jpg,11,351,332,50,82,-1,-1,-1,-1
28, 18783.jpg,12,706,356,50,107,-1,-1,-1,-1
28, 18783.jpg,14,583,328,36,100,-1,-1,-1,-1
28, 18783.jpg,17,863,352,75,101,-1,-1,-1,-1
29, 18784.jpg,2,833,416,62,101,-1,-1,-1,-1
29, 18784.jpg,4,731,461,73,132,-1,-1,-1,-1
29, 18784.jpg,5,863,299,48,83,-1,-1,-1,-1
29, 18784.jpg,6,593,403,40,133,-1,-1,-1,-1
29, 18784.jpg,8,343,438,73,100,-1,-1,-1,-1
29, 18784.jpg,9,666,354,60,121,-1,-1,-1,-1
29, 18784.jpg,10,226,361,46,107,-1,-1,-1,-1
29, 18784.jpg,11,356,331,50,83,-1,-1,-1,-1
29, 18784.jpg,12,711,355,51,112,-1,-1,-1,-1
29, 18784.jpg,14,583,333,36,98,-1,-1,-1,-1
29, 18784.jpg,17,862,353,77,104,-1,-1,-1,-1
30, 18785.jpg,2,835,415,62,102,-1,-1,-1,-1
30, 18785.jpg,4,728,459,70,132,-1,-1,-1,-1
30, 18785.jpg,5,861,299,49,88,-1,-1,-1,-1
30, 18785.jpg,6,595,406,38,123,-1,-1,-1,-1
30, 18785.jpg,8,347,437,75,102,-1,-1,-1,-1
30, 18785.jpg,9,680,357,57,117,-1,-1,-1,-1
30, 18785.jpg,10,230,359,47,107,-1,-1,-1,-1
30, 18785.jpg,11,361,331,50,85,-1,-1,-1,-1
30, 18785.jpg,12,712,354,52,112,-1,-1,-1,-1
30, 18785.jpg,14,583,332,39,102,-1,-1,-1,-1
30, 18785.jpg,17,864,356,74,102,-1,-1,-1,-1
31, 18786.jpg,2,836,414,63,102,-1,-1,-1,-1
31, 18786.jpg,4,726,458,67,128,-1,-1,-1,-1
31, 18786.jpg,5,860,297,50,91,-1,-1,-1,-1
31, 18786.jpg,6,596,409,39,117,-1,-1,-1,-1
31, 18786.jpg,8,349,438,77,101,-1,-1,-1,-1
31, 18786.jpg,9,686,359,57,114,-1,-1,-1,-1
31, 18786.jpg,10,234,356,48,110,-1,-1,-1,-1
31, 18786.jpg,11,364,332,50,86,-1,-1,-1,-1
31, 18786.jpg,14,584,330,42,105,-1,-1,-1,-1
31, 18786.jpg,17,865,358,72,101,-1,-1,-1,-1
32, 18787.jpg,2,838,413,62,102,-1,-1,-1,-1
32, 18787.jpg,4,725,457,65,127,-1,-1,-1,-1
32, 18787.jpg,5,862,299,51,94,-1,-1,-1,-1
32, 18787.jpg,6,597,410,41,115,-1,-1,-1,-1
32, 18787.jpg,8,350,438,79,104,-1,-1,-1,-1
32, 18787.jpg,9,697,362,56,111,-1,-1,-1,-1
32, 18787.jpg,10,239,356,48,111,-1,-1,-1,-1
32, 18787.jpg,11,368,336,50,85,-1,-1,-1,-1
32, 18787.jpg,14,586,332,44,105,-1,-1,-1,-1
32, 18787.jpg,17,866,359,70,102,-1,-1,-1,-1
33, 18788.jpg,2,838,409,63,107,-1,-1,-1,-1
33, 18788.jpg,4,724,456,63,125,-1,-1,-1,-1
33, 18788.jpg,5,861,299,50,94,-1,-1,-1,-1
33, 18788.jpg,6,597,416,42,108,-1,-1,-1,-1
33, 18788.jpg,8,355,439,80,103,-1,-1,-1,-1
33, 18788.jpg,9,702,363,57,113,-1,-1,-1,-1
33, 18788.jpg,10,243,357,50,111,-1,-1,-1,-1
33, 18788.jpg,11,374,340,48,84,-1,-1,-1,-1
33, 18788.jpg,14,585,336,46,105,-1,-1,-1,-1
33, 18788.jpg,17,868,358,69,103,-1,-1,-1,-1
34, 18789.jpg,2,841,409,61,106,-1,-1,-1,-1
34, 18789.jpg,4,724,454,61,121,-1,-1,-1,-1
34, 18789.jpg,5,861,298,49,94,-1,-1,-1,-1
34, 18789.jpg,6,598,418,46,110,-1,-1,-1,-1
34, 18789.jpg,8,362,440,78,101,-1,-1,-1,-1
34, 18789.jpg,9,699,366,57,116,-1,-1,-1,-1
34, 18789.jpg,10,249,355,52,115,-1,-1,-1,-1
34, 18789.jpg,11,381,347,44,78,-1,-1,-1,-1
34, 18789.jpg,12,728,356,48,109,-1,-1,-1,-1
34, 18789.jpg,14,588,340,49,105,-1,-1,-1,-1
34, 18789.jpg,17,871,357,67,105,-1,-1,-1,-1
35, 18790.jpg,2,844,410,59,104,-1,-1,-1,-1
35, 18790.jpg,4,723,454,60,117,-1,-1,-1,-1
35, 18790.jpg,5,862,298,47,92,-1,-1,-1,-1
35, 18790.jpg,6,600,419,51,113,-1,-1,-1,-1
35, 18790.jpg,8,366,441,76,97,-1,-1,-1,-1
35, 18790.jpg,9,688,376,56,116,-1,-1,-1,-1
35, 18790.jpg,10,254,358,53,114,-1,-1,-1,-1
35, 18790.jpg,11,386,350,45,79,-1,-1,-1,-1
35, 18790.jpg,12,733,358,46,106,-1,-1,-1,-1
35, 18790.jpg,14,591,346,47,94,-1,-1,-1,-1
35, 18790.jpg,17,874,358,64,102,-1,-1,-1,-1
36, 18791.jpg,2,848,409,57,105,-1,-1,-1,-1
36, 18791.jpg,4,723,453,59,116,-1,-1,-1,-1
36, 18791.jpg,5,860,298,47,93,-1,-1,-1,-1
36, 18791.jpg,6,599,424,51,106,-1,-1,-1,-1
36, 18791.jpg,8,373,440,75,93,-1,-1,-1,-1
36, 18791.jpg,9,686,383,53,113,-1,-1,-1,-1
36, 18791.jpg,10,258,359,54,115,-1,-1,-1,-1
36, 18791.jpg,11,391,352,44,77,-1,-1,-1,-1
36, 18791.jpg,12,737,360,46,107,-1,-1,-1,-1
36, 18791.jpg,14,596,350,49,95,-1,-1,-1,-1
36, 18791.jpg,17,876,357,62,103,-1,-1,-1,-1
37, 18792.jpg,2,850,408,57,107,-1,-1,-1,-1
37, 18792.jpg,4,723,453,56,115,-1,-1,-1,-1
37, 18792.jpg,5,859,298,47,93,-1,-1,-1,-1
37, 18792.jpg,6,601,423,56,109,-1,-1,-1,-1
37, 18792.jpg,8,378,439,75,91,-1,-1,-1,-1
37, 18792.jpg,9,689,389,50,108,-1,-1,-1,-1
37, 18792.jpg,10,262,362,55,114,-1,-1,-1,-1
37, 18792.jpg,11,395,354,43,75,-1,-1,-1,-1
37, 18792.jpg,12,741,359,45,107,-1,-1,-1,-1
37, 18792.jpg,14,601,357,48,86,-1,-1,-1,-1
37, 18792.jpg,17,878,357,61,103,-1,-1,-1,-1
38, 18793.jpg,2,855,408,54,107,-1,-1,-1,-1
38, 18793.jpg,4,721,450,57,118,-1,-1,-1,-1
38, 18793.jpg,5,859,299,46,91,-1,-1,-1,-1
38, 18793.jpg,6,600,421,60,113,-1,-1,-1,-1
38, 18793.jpg,8,389,442,74,87,-1,-1,-1,-1
38, 18793.jpg,9,692,388,49,109,-1,-1,-1,-1
38, 18793.jpg,10,265,365,55,114,-1,-1,-1,-1
38, 18793.jpg,11,399,354,42,75,-1,-1,-1,-1
38, 18793.jpg,12,744,356,46,111,-1,-1,-1,-1
38, 18793.jpg,14,602,360,53,91,-1,-1,-1,-1
38, 18793.jpg,17,879,353,61,107,-1,-1,-1,-1
39, 18794.jpg,2,858,408,54,108,-1,-1,-1,-1
39, 18794.jpg,4,718,447,58,120,-1,-1,-1,-1
39, 18794.jpg,5,856,301,46,91,-1,-1,-1,-1
39, 18794.jpg,6,600,421,62,112,-1,-1,-1,-1
39, 18794.jpg,7,629,377,38,95,-1,-1,-1,-1
39, 18794.jpg,8,392,442,75,88,-1,-1,-1,-1
39, 18794.jpg,9,696,388,47,108,-1,-1,-1,-1
39, 18794.jpg,10,270,367,53,111,-1,-1,-1,-1
39, 18794.jpg,11,402,353,43,77,-1,-1,-1,-1
39, 18794.jpg,12,745,357,45,109,-1,-1,-1,-1
39, 18794.jpg,14,601,363,52,87,-1,-1,-1,-1
39, 18794.jpg,17,884,356,56,101,-1,-1,-1,-1
40, 18795.jpg,2,861,409,53,107,-1,-1,-1,-1
40, 18795.jpg,4,716,442,59,124,-1,-1,-1,-1
40, 18795.jpg,5,854,302,46,91,-1,-1,-1,-1
40, 18795.jpg,6,597,421,64,111,-1,-1,-1,-1
40, 18795.jpg,7,632,376,37,94,-1,-1,-1,-1
40, 18795.jpg,8,402,447,71,82,-1,-1,-1,-1
40, 18795.jpg,9,698,389,45,106,-1,-1,-1,-1
40, 18795.jpg,10,274,369,53,109,-1,-1,-1,-1
40, 18795.jpg,11,407,352,42,77,-1,-1,-1,-1
40, 18795.jpg,12,746,354,45,110,-1,-1,-1,-1
40, 18795.jpg,14,587,359,50,81,-1,-1,-1,-1
40, 18795.jpg,17,886,356,54,99,-1,-1,-1,-1
