2, 27122.jpg,1,813,450,69,121,-1,-1,-1,-1
2, 27122.jpg,2,923,358,75,95,-1,-1,-1,-1
2, 27122.jpg,3,538,410,37,102,-1,-1,-1,-1
2, 27122.jpg,4,379,345,29,82,-1,-1,-1,-1
2, 27122.jpg,5,536,330,34,98,-1,-1,-1,-1
2, 27122.jpg,6,598,334,48,90,-1,-1,-1,-1
2, 27122.jpg,7,215,357,40,104,-1,-1,-1,-1
2, 27122.jpg,8,695,359,43,100,-1,-1,-1,-1
2, 27122.jpg,9,757,307,46,86,-1,-1,-1,-1
2, 27122.jpg,10,350,440,77,86,-1,-1,-1,-1
3, 27123.jpg,1,812,448,70,123,-1,-1,-1,-1
3, 27123.jpg,2,935,359,77,99,-1,-1,-1,-1
3, 27123.jpg,3,542,412,37,101,-1,-1,-1,-1
3, 27123.jpg,4,383,347,30,83,-1,-1,-1,-1
3, 27123.jpg,5,537,332,36,104,-1,-1,-1,-1
3, 27123.jpg,6,604,335,47,88,-1,-1,-1,-1
3, 27123.jpg,7,218,357,39,103,-1,-1,-1,-1
3, 27123.jpg,8,697,362,42,97,-1,-1,-1,-1
3, 27123.jpg,9,757,307,46,87,-1,-1,-1,-1
3, 27123.jpg,10,351,439,78,87,-1,-1,-1,-1
4, 27124.jpg,1,811,447,71,125,-1,-1,-1,-1
4, 27124.jpg,2,934,359,77,99,-1,-1,-1,-1
4, 27124.jpg,3,544,411,39,105,-1,-1,-1,-1
4, 27124.jpg,4,386,348,31,84,-1,-1,-1,-1
4, 27124.jpg,5,538,334,36,104,-1,-1,-1,-1
4, 27124.jpg,6,609,338,46,86,-1,-1,-1,-1
4, 27124.jpg,7,222,357,39,102,-1,-1,-1,-1
4, 27124.jpg,8,696,360,44,103,-1,-1,-1,-1
4, 27124.jpg,9,757,309,45,85,-1,-1,-1,-1
4, 27124.jpg,10,351,439,77,86,-1,-1,-1,-1
5, 27125.jpg,1,810,446,70,126,-1,-1,-1,-1
5, 27125.jpg,2,938,360,78,100,-1,-1,-1,-1
5, 27125.jpg,3,547,411,38,105,-1,-1,-1,-1
5, 27125.jpg,4,391,349,29,82,-1,-1,-1,-1
5, 27125.jpg,5,540,336,36,103,-1,-1,-1,-1
5, 27125.jpg,6,614,340,45,86,-1,-1,-1,-1
5, 27125.jpg,7,225,355,38,102,-1,-1,-1,-1
5, 27125.jpg,8,695,359,45,106,-1,-1,-1,-1
5, 27125.jpg,9,757,310,44,84,-1,-1,-1,-1
5, 27125.jpg,10,353,437,79,90,-1,-1,-1,-1
5, 27125.jpg,11,928,362,49,89,-1,-1,-1,-1
6, 27126.jpg,1,809,446,70,126,-1,-1,-1,-1
6, 27126.jpg,2,941,362,76,99,-1,-1,-1,-1
6, 27126.jpg,3,549,410,39,107,-1,-1,-1,-1
6, 27126.jpg,4,394,351,29,79,-1,-1,-1,-1
6, 27126.jpg,5,544,336,36,102,-1,-1,-1,-1
6, 27126.jpg,6,620,341,46,87,-1,-1,-1,-1
6, 27126.jpg,7,227,353,38,102,-1,-1,-1,-1
6, 27126.jpg,8,694,358,46,108,-1,-1,-1,-1
6, 27126.jpg,9,757,310,43,84,-1,-1,-1,-1
6, 27126.jpg,10,353,437,80,92,-1,-1,-1,-1
6, 27126.jpg,11,932,364,47,86,-1,-1,-1,-1
7, 27127.jpg,1,807,447,69,126,-1,-1,-1,-1
7, 27127.jpg,2,943,363,75,98,-1,-1,-1,-1
7, 27127.jpg,3,550,409,40,110,-1,-1,-1,-1
7, 27127.jpg,4,398,350,30,81,-1,-1,-1,-1
7, 27127.jpg,5,547,335,36,105,-1,-1,-1,-1
7, 27127.jpg,6,624,342,46,88,-1,-1,-1,-1
7, 27127.jpg,7,228,350,39,102,-1,-1,-1,-1
7, 27127.jpg,8,692,355,47,109,-1,-1,-1,-1
7, 27127.jpg,9,757,310,43,84,-1,-1,-1,-1
7, 27127.jpg,10,353,436,80,93,-1,-1,-1,-1
7, 27127.jpg,11,934,363,47,86,-1,-1,-1,-1
8, 27128.jpg,1,809,448,66,123,-1,-1,-1,-1
8, 27128.jpg,2,950,365,73,97,-1,-1,-1,-1
8, 27128.jpg,3,551,409,40,110,-1,-1,-1,-1
8, 27128.jpg,4,400,349,31,82,-1,-1,-1,-1
8, 27128.jpg,5,550,336,35,101,-1,-1,-1,-1
8, 27128.jpg,6,627,342,46,89,-1,-1,-1,-1
8, 27128.jpg,7,229,348,39,102,-1,-1,-1,-1
8, 27128.jpg,8,690,354,47,110,-1,-1,-1,-1
8, 27128.jpg,9,756,311,43,84,-1,-1,-1,-1
8, 27128.jpg,10,350,435,79,94,-1,-1,-1,-1
8, 27128.jpg,11,933,362,49,89,-1,-1,-1,-1
9, 27129.jpg,1,809,450,65,119,-1,-1,-1,-1
9, 27129.jpg,2,957,368,71,95,-1,-1,-1,-1
9, 27129.jpg,3,553,412,38,104,-1,-1,-1,-1
9, 27129.jpg,4,402,348,31,84,-1,-1,-1,-1
9, 27129.jpg,5,552,334,35,102,-1,-1,-1,-1
9, 27129.jpg,6,631,344,43,85,-1,-1,-1,-1
9, 27129.jpg,7,231,348,38,100,-1,-1,-1,-1
9, 27129.jpg,8,687,354,46,107,-1,-1,-1,-1
9, 27129.jpg,9,756,312,44,84,-1,-1,-1,-1
9, 27129.jpg,10,348,434,79,95,-1,-1,-1,-1
9, 27129.jpg,11,933,363,47,87,-1,-1,-1,-1
10, 27130.jpg,1,809,451,63,116,-1,-1,-1,-1
10, 27130.jpg,2,961,369,68,94,-1,-1,-1,-1
10, 27130.jpg,3,555,408,38,104,-1,-1,-1,-1
10, 27130.jpg,4,404,347,32,86,-1,-1,-1,-1
10, 27130.jpg,5,552,334,37,107,-1,-1,-1,-1
10, 27130.jpg,6,636,343,44,87,-1,-1,-1,-1
10, 27130.jpg,7,232,347,38,100,-1,-1,-1,-1
10, 27130.jpg,8,684,356,44,103,-1,-1,-1,-1
10, 27130.jpg,9,756,313,45,85,-1,-1,-1,-1
10, 27130.jpg,10,347,435,78,95,-1,-1,-1,-1
10, 27130.jpg,11,933,364,46,86,-1,-1,-1,-1
11, 27131.jpg,1,806,451,64,115,-1,-1,-1,-1
11, 27131.jpg,2,962,369,68,95,-1,-1,-1,-1
11, 27131.jpg,3,557,412,37,101,-1,-1,-1,-1
11, 27131.jpg,4,406,346,33,88,-1,-1,-1,-1
11, 27131.jpg,5,552,332,38,113,-1,-1,-1,-1
11, 27131.jpg,6,639,342,44,89,-1,-1,-1,-1
11, 27131.jpg,7,233,347,38,100,-1,-1,-1,-1
11, 27131.jpg,8,680,354,46,108,-1,-1,-1,-1
11, 27131.jpg,9,756,314,44,84,-1,-1,-1,-1
11, 27131.jpg,10,345,435,78,96,-1,-1,-1,-1
11, 27131.jpg,11,935,368,45,84,-1,-1,-1,-1
12, 27132.jpg,1,802,449,67,117,-1,-1,-1,-1
12, 27132.jpg,2,962,369,67,96,-1,-1,-1,-1
12, 27132.jpg,3,559,415,36,98,-1,-1,-1,-1
12, 27132.jpg,4,408,347,33,89,-1,-1,-1,-1
12, 27132.jpg,5,555,332,35,101,-1,-1,-1,-1
12, 27132.jpg,6,641,338,46,96,-1,-1,-1,-1
12, 27132.jpg,7,235,349,38,98,-1,-1,-1,-1
12, 27132.jpg,8,677,357,45,107,-1,-1,-1,-1
12, 27132.jpg,9,757,316,45,84,-1,-1,-1,-1
12, 27132.jpg,10,340,435,79,96,-1,-1,-1,-1
12, 27132.jpg,11,935,372,43,80,-1,-1,-1,-1
13, 27133.jpg,1,799,447,68,119,-1,-1,-1,-1
13, 27133.jpg,2,963,369,67,97,-1,-1,-1,-1
13, 27133.jpg,3,560,416,35,96,-1,-1,-1,-1
13, 27133.jpg,4,410,349,32,87,-1,-1,-1,-1
13, 27133.jpg,5,554,332,38,112,-1,-1,-1,-1
13, 27133.jpg,6,643,336,47,98,-1,-1,-1,-1
13, 27133.jpg,7,235,349,38,100,-1,-1,-1,-1
13, 27133.jpg,8,668,357,46,107,-1,-1,-1,-1
13, 27133.jpg,9,757,317,44,84,-1,-1,-1,-1
13, 27133.jpg,10,337,435,80,97,-1,-1,-1,-1
13, 27133.jpg,11,934,372,43,81,-1,-1,-1,-1
14, 27134.jpg,1,797,447,68,116,-1,-1,-1,-1
14, 27134.jpg,2,966,370,67,97,-1,-1,-1,-1
14, 27134.jpg,3,561,417,35,95,-1,-1,-1,-1
14, 27134.jpg,4,412,349,32,88,-1,-1,-1,-1
14, 27134.jpg,5,556,333,36,105,-1,-1,-1,-1
14, 27134.jpg,6,649,334,44,92,-1,-1,-1,-1
14, 27134.jpg,7,237,349,37,98,-1,-1,-1,-1
14, 27134.jpg,8,661,351,48,112,-1,-1,-1,-1
14, 27134.jpg,9,757,318,44,82,-1,-1,-1,-1
14, 27134.jpg,10,335,437,81,98,-1,-1,-1,-1
14, 27134.jpg,11,940,371,48,86,-1,-1,-1,-1
15, 27135.jpg,1,793,447,69,114,-1,-1,-1,-1
15, 27135.jpg,2,963,369,67,100,-1,-1,-1,-1
15, 27135.jpg,3,562,416,35,96,-1,-1,-1,-1
15, 27135.jpg,4,413,349,33,88,-1,-1,-1,-1
15, 27135.jpg,5,560,333,32,96,-1,-1,-1,-1
15, 27135.jpg,6,654,331,43,92,-1,-1,-1,-1
15, 27135.jpg,7,238,349,38,98,-1,-1,-1,-1
15, 27135.jpg,8,659,351,48,113,-1,-1,-1,-1
15, 27135.jpg,9,758,319,43,82,-1,-1,-1,-1
15, 27135.jpg,10,331,437,84,99,-1,-1,-1,-1
15, 27135.jpg,11,927,369,50,91,-1,-1,-1,-1
16, 27136.jpg,1,788,445,69,113,-1,-1,-1,-1
16, 27136.jpg,2,959,371,67,101,-1,-1,-1,-1
16, 27136.jpg,3,563,418,36,94,-1,-1,-1,-1
16, 27136.jpg,4,414,348,33,89,-1,-1,-1,-1
16, 27136.jpg,5,559,338,32,94,-1,-1,-1,-1
16, 27136.jpg,6,663,322,40,86,-1,-1,-1,-1
16, 27136.jpg,7,238,347,39,100,-1,-1,-1,-1
16, 27136.jpg,8,660,364,45,105,-1,-1,-1,-1
16, 27136.jpg,9,758,320,43,81,-1,-1,-1,-1
16, 27136.jpg,10,332,436,84,101,-1,-1,-1,-1
16, 27136.jpg,11,920,367,51,96,-1,-1,-1,-1
17, 27137.jpg,1,784,447,67,111,-1,-1,-1,-1
17, 27137.jpg,2,959,371,65,101,-1,-1,-1,-1
17, 27137.jpg,3,564,418,36,95,-1,-1,-1,-1
17, 27137.jpg,4,415,348,34,90,-1,-1,-1,-1
17, 27137.jpg,5,559,339,33,98,-1,-1,-1,-1
17, 27137.jpg,6,665,325,41,89,-1,-1,-1,-1
17, 27137.jpg,7,238,346,39,102,-1,-1,-1,-1
17, 27137.jpg,8,660,354,48,114,-1,-1,-1,-1
17, 27137.jpg,9,758,321,41,79,-1,-1,-1,-1
17, 27137.jpg,10,330,438,84,100,-1,-1,-1,-1
17, 27137.jpg,11,916,367,51,98,-1,-1,-1,-1
18, 27138.jpg,1,778,447,67,111,-1,-1,-1,-1
18, 27138.jpg,2,956,372,64,100,-1,-1,-1,-1
18, 27138.jpg,3,565,417,37,97,-1,-1,-1,-1
18, 27138.jpg,4,418,349,34,89,-1,-1,-1,-1
18, 27138.jpg,5,561,344,34,99,-1,-1,-1,-1
18, 27138.jpg,6,670,322,38,84,-1,-1,-1,-1
18, 27138.jpg,7,238,347,39,102,-1,-1,-1,-1
18, 27138.jpg,8,660,343,51,125,-1,-1,-1,-1
18, 27138.jpg,9,757,322,40,79,-1,-1,-1,-1
18, 27138.jpg,10,330,439,85,99,-1,-1,-1,-1
18, 27138.jpg,11,917,372,49,93,-1,-1,-1,-1
19, 27139.jpg,1,775,445,68,113,-1,-1,-1,-1
19, 27139.jpg,2,954,373,63,99,-1,-1,-1,-1
19, 27139.jpg,3,565,415,37,98,-1,-1,-1,-1
19, 27139.jpg,4,420,351,34,86,-1,-1,-1,-1
19, 27139.jpg,5,562,345,36,104,-1,-1,-1,-1
19, 27139.jpg,6,674,321,38,83,-1,-1,-1,-1
19, 27139.jpg,7,237,347,41,102,-1,-1,-1,-1
19, 27139.jpg,8,660,340,52,128,-1,-1,-1,-1
19, 27139.jpg,9,756,323,40,78,-1,-1,-1,-1
19, 27139.jpg,10,330,439,84,100,-1,-1,-1,-1
19, 27139.jpg,11,914,374,48,93,-1,-1,-1,-1
20, 27140.jpg,1,771,442,70,115,-1,-1,-1,-1
20, 27140.jpg,2,956,376,62,101,-1,-1,-1,-1
20, 27140.jpg,3,566,416,37,97,-1,-1,-1,-1
20, 27140.jpg,4,422,354,34,80,-1,-1,-1,-1
20, 27140.jpg,5,563,365,34,101,-1,-1,-1,-1
20, 27140.jpg,7,237,347,41,102,-1,-1,-1,-1
20, 27140.jpg,8,661,335,51,129,-1,-1,-1,-1
20, 27140.jpg,9,755,323,40,79,-1,-1,-1,-1
20, 27140.jpg,10,328,438,84,102,-1,-1,-1,-1
20, 27140.jpg,11,911,376,49,93,-1,-1,-1,-1
21, 27141.jpg,1,765,438,71,114,-1,-1,-1,-1
21, 27141.jpg,2,955,376,61,102,-1,-1,-1,-1
21, 27141.jpg,3,566,407,39,107,-1,-1,-1,-1
21, 27141.jpg,4,420,358,35,76,-1,-1,-1,-1
21, 27141.jpg,5,567,358,33,97,-1,-1,-1,-1
21, 27141.jpg,7,237,349,41,100,-1,-1,-1,-1
21, 27141.jpg,8,663,334,50,127,-1,-1,-1,-1
21, 27141.jpg,9,755,323,40,80,-1,-1,-1,-1
21, 27141.jpg,10,327,438,82,101,-1,-1,-1,-1
21, 27141.jpg,11,907,376,48,91,-1,-1,-1,-1
22, 27142.jpg,1,757,434,74,116,-1,-1,-1,-1
22, 27142.jpg,2,955,378,61,104,-1,-1,-1,-1
22, 27142.jpg,3,567,407,40,107,-1,-1,-1,-1
22, 27142.jpg,4,419,362,36,71,-1,-1,-1,-1
22, 27142.jpg,5,566,374,33,94,-1,-1,-1,-1
22, 27142.jpg,7,238,351,41,98,-1,-1,-1,-1
22, 27142.jpg,8,662,336,49,121,-1,-1,-1,-1
22, 27142.jpg,9,754,323,41,82,-1,-1,-1,-1
22, 27142.jpg,10,326,438,80,101,-1,-1,-1,-1
22, 27142.jpg,11,905,375,48,92,-1,-1,-1,-1
23, 27143.jpg,1,751,431,76,116,-1,-1,-1,-1
23, 27143.jpg,2,955,380,58,102,-1,-1,-1,-1
23, 27143.jpg,3,570,406,40,108,-1,-1,-1,-1
23, 27143.jpg,4,420,365,36,67,-1,-1,-1,-1
23, 27143.jpg,5,569,364,33,95,-1,-1,-1,-1
23, 27143.jpg,7,241,355,40,94,-1,-1,-1,-1
23, 27143.jpg,8,666,338,46,112,-1,-1,-1,-1
23, 27143.jpg,9,752,324,42,87,-1,-1,-1,-1
23, 27143.jpg,10,324,439,80,102,-1,-1,-1,-1
23, 27143.jpg,11,902,375,50,95,-1,-1,-1,-1
24, 27144.jpg,1,742,426,75,116,-1,-1,-1,-1
24, 27144.jpg,2,952,380,58,104,-1,-1,-1,-1
24, 27144.jpg,3,571,406,41,108,-1,-1,-1,-1
24, 27144.jpg,4,420,367,39,66,-1,-1,-1,-1
24, 27144.jpg,5,569,357,41,116,-1,-1,-1,-1
24, 27144.jpg,7,243,358,40,91,-1,-1,-1,-1
24, 27144.jpg,8,669,339,45,106,-1,-1,-1,-1
24, 27144.jpg,9,750,325,44,90,-1,-1,-1,-1
24, 27144.jpg,10,321,440,80,102,-1,-1,-1,-1
24, 27144.jpg,11,897,375,53,99,-1,-1,-1,-1
25, 27145.jpg,1,738,428,69,111,-1,-1,-1,-1
25, 27145.jpg,2,951,381,56,105,-1,-1,-1,-1
25, 27145.jpg,4,421,368,40,65,-1,-1,-1,-1
25, 27145.jpg,5,570,358,41,119,-1,-1,-1,-1
25, 27145.jpg,6,698,347,40,88,-1,-1,-1,-1
25, 27145.jpg,7,245,361,39,89,-1,-1,-1,-1
25, 27145.jpg,8,669,339,45,104,-1,-1,-1,-1
25, 27145.jpg,9,751,328,43,89,-1,-1,-1,-1
25, 27145.jpg,10,321,441,79,100,-1,-1,-1,-1
25, 27145.jpg,11,894,376,55,100,-1,-1,-1,-1
26, 27146.jpg,1,733,430,66,106,-1,-1,-1,-1
26, 27146.jpg,2,948,380,54,104,-1,-1,-1,-1
26, 27146.jpg,3,577,405,39,109,-1,-1,-1,-1
26, 27146.jpg,4,423,367,42,66,-1,-1,-1,-1
26, 27146.jpg,5,571,358,42,123,-1,-1,-1,-1
26, 27146.jpg,6,698,345,45,97,-1,-1,-1,-1
26, 27146.jpg,7,245,361,41,89,-1,-1,-1,-1
26, 27146.jpg,8,664,336,46,106,-1,-1,-1,-1
26, 27146.jpg,9,753,329,42,87,-1,-1,-1,-1
26, 27146.jpg,10,322,444,79,99,-1,-1,-1,-1
26, 27146.jpg,11,892,377,53,97,-1,-1,-1,-1
27, 27147.jpg,1,728,431,64,107,-1,-1,-1,-1
27, 27147.jpg,2,946,379,54,106,-1,-1,-1,-1
27, 27147.jpg,3,579,412,38,101,-1,-1,-1,-1
27, 27147.jpg,4,422,365,45,68,-1,-1,-1,-1
27, 27147.jpg,5,577,354,40,116,-1,-1,-1,-1
27, 27147.jpg,6,701,346,49,101,-1,-1,-1,-1
27, 27147.jpg,7,247,361,41,89,-1,-1,-1,-1
27, 27147.jpg,8,667,339,45,102,-1,-1,-1,-1
27, 27147.jpg,9,757,333,40,82,-1,-1,-1,-1
27, 27147.jpg,10,323,442,80,100,-1,-1,-1,-1
27, 27147.jpg,11,886,378,52,97,-1,-1,-1,-1
28, 27148.jpg,1,722,431,62,105,-1,-1,-1,-1
28, 27148.jpg,2,945,377,54,108,-1,-1,-1,-1
28, 27148.jpg,3,581,411,38,104,-1,-1,-1,-1
28, 27148.jpg,4,421,363,48,72,-1,-1,-1,-1
28, 27148.jpg,5,580,353,37,111,-1,-1,-1,-1
28, 27148.jpg,6,694,347,50,99,-1,-1,-1,-1
28, 27148.jpg,7,247,361,43,89,-1,-1,-1,-1
28, 27148.jpg,8,667,338,44,102,-1,-1,-1,-1
28, 27148.jpg,9,760,337,38,77,-1,-1,-1,-1
28, 27148.jpg,10,326,442,79,98,-1,-1,-1,-1
28, 27148.jpg,11,883,381,51,97,-1,-1,-1,-1
29, 27149.jpg,1,715,432,62,103,-1,-1,-1,-1
29, 27149.jpg,2,944,376,54,109,-1,-1,-1,-1
29, 27149.jpg,3,585,416,38,100,-1,-1,-1,-1
29, 27149.jpg,4,419,362,49,72,-1,-1,-1,-1
29, 27149.jpg,5,582,358,36,106,-1,-1,-1,-1
29, 27149.jpg,6,708,350,46,92,-1,-1,-1,-1
29, 27149.jpg,7,249,360,42,90,-1,-1,-1,-1
29, 27149.jpg,8,662,340,46,107,-1,-1,-1,-1
29, 27149.jpg,9,763,340,37,75,-1,-1,-1,-1
29, 27149.jpg,10,328,443,79,98,-1,-1,-1,-1
29, 27149.jpg,11,880,382,49,97,-1,-1,-1,-1
30, 27150.jpg,1,711,432,61,100,-1,-1,-1,-1
30, 27150.jpg,2,943,375,54,112,-1,-1,-1,-1
30, 27150.jpg,3,589,414,38,102,-1,-1,-1,-1
30, 27150.jpg,4,417,360,49,72,-1,-1,-1,-1
30, 27150.jpg,5,588,354,33,99,-1,-1,-1,-1
30, 27150.jpg,6,720,352,43,87,-1,-1,-1,-1
30, 27150.jpg,7,251,359,43,89,-1,-1,-1,-1
30, 27150.jpg,8,663,342,45,107,-1,-1,-1,-1
30, 27150.jpg,9,767,342,37,75,-1,-1,-1,-1
30, 27150.jpg,10,330,443,78,98,-1,-1,-1,-1
30, 27150.jpg,11,876,384,48,96,-1,-1,-1,-1
31, 27151.jpg,1,708,429,63,103,-1,-1,-1,-1
31, 27151.jpg,2,941,376,55,112,-1,-1,-1,-1
31, 27151.jpg,3,593,412,38,105,-1,-1,-1,-1
31, 27151.jpg,4,415,357,50,74,-1,-1,-1,-1
31, 27151.jpg,5,593,354,33,101,-1,-1,-1,-1
31, 27151.jpg,6,730,353,42,85,-1,-1,-1,-1
31, 27151.jpg,7,252,360,43,88,-1,-1,-1,-1
31, 27151.jpg,8,664,345,45,109,-1,-1,-1,-1
31, 27151.jpg,9,771,342,37,78,-1,-1,-1,-1
31, 27151.jpg,10,331,442,78,97,-1,-1,-1,-1
31, 27151.jpg,11,870,382,51,100,-1,-1,-1,-1
32, 27152.jpg,1,707,425,68,109,-1,-1,-1,-1
32, 27152.jpg,2,940,378,55,112,-1,-1,-1,-1
32, 27152.jpg,3,596,412,39,107,-1,-1,-1,-1
32, 27152.jpg,4,413,355,52,76,-1,-1,-1,-1
32, 27152.jpg,5,603,350,27,83,-1,-1,-1,-1
32, 27152.jpg,6,747,353,42,83,-1,-1,-1,-1
32, 27152.jpg,7,254,360,42,89,-1,-1,-1,-1
32, 27152.jpg,8,664,348,46,112,-1,-1,-1,-1
32, 27152.jpg,9,772,344,38,77,-1,-1,-1,-1
32, 27152.jpg,10,334,443,80,97,-1,-1,-1,-1
32, 27152.jpg,11,865,383,53,101,-1,-1,-1,-1
33, 27153.jpg,1,706,419,72,115,-1,-1,-1,-1
33, 27153.jpg,2,939,380,53,110,-1,-1,-1,-1
33, 27153.jpg,3,597,410,40,111,-1,-1,-1,-1
33, 27153.jpg,4,412,354,52,75,-1,-1,-1,-1
33, 27153.jpg,5,602,357,29,89,-1,-1,-1,-1
33, 27153.jpg,6,752,351,42,84,-1,-1,-1,-1
33, 27153.jpg,7,254,362,43,89,-1,-1,-1,-1
33, 27153.jpg,8,666,355,45,108,-1,-1,-1,-1
33, 27153.jpg,9,774,345,40,80,-1,-1,-1,-1
33, 27153.jpg,10,337,443,80,97,-1,-1,-1,-1
33, 27153.jpg,11,862,382,54,102,-1,-1,-1,-1
34, 27154.jpg,1,706,412,75,119,-1,-1,-1,-1
34, 27154.jpg,2,939,382,50,107,-1,-1,-1,-1
34, 27154.jpg,3,599,407,41,114,-1,-1,-1,-1
34, 27154.jpg,4,409,354,52,73,-1,-1,-1,-1
34, 27154.jpg,5,605,352,28,84,-1,-1,-1,-1
34, 27154.jpg,6,763,349,46,87,-1,-1,-1,-1
34, 27154.jpg,7,256,364,42,89,-1,-1,-1,-1
34, 27154.jpg,8,668,360,44,106,-1,-1,-1,-1
34, 27154.jpg,9,776,347,40,80,-1,-1,-1,-1
34, 27154.jpg,10,341,441,81,98,-1,-1,-1,-1
34, 27154.jpg,11,860,383,54,102,-1,-1,-1,-1
35, 27155.jpg,1,705,406,74,120,-1,-1,-1,-1
35, 27155.jpg,2,936,382,49,109,-1,-1,-1,-1
35, 27155.jpg,3,602,406,40,114,-1,-1,-1,-1
35, 27155.jpg,4,407,356,52,72,-1,-1,-1,-1
35, 27155.jpg,5,609,357,29,87,-1,-1,-1,-1
35, 27155.jpg,6,771,350,46,85,-1,-1,-1,-1
35, 27155.jpg,7,257,367,44,90,-1,-1,-1,-1
35, 27155.jpg,8,670,365,42,103,-1,-1,-1,-1
35, 27155.jpg,10,345,440,82,98,-1,-1,-1,-1
35, 27155.jpg,11,857,386,53,101,-1,-1,-1,-1
36, 27156.jpg,1,704,398,74,123,-1,-1,-1,-1
36, 27156.jpg,2,935,382,50,111,-1,-1,-1,-1
36, 27156.jpg,3,608,406,39,111,-1,-1,-1,-1
36, 27156.jpg,4,406,355,53,74,-1,-1,-1,-1
36, 27156.jpg,5,612,358,28,86,-1,-1,-1,-1
36, 27156.jpg,6,775,352,47,83,-1,-1,-1,-1
36, 27156.jpg,7,259,369,43,89,-1,-1,-1,-1
36, 27156.jpg,8,672,370,40,99,-1,-1,-1,-1
36, 27156.jpg,10,349,440,83,99,-1,-1,-1,-1
36, 27156.jpg,11,855,391,52,100,-1,-1,-1,-1
37, 27157.jpg,1,705,393,72,122,-1,-1,-1,-1
37, 27157.jpg,2,934,382,50,110,-1,-1,-1,-1
37, 27157.jpg,3,611,405,39,112,-1,-1,-1,-1
37, 27157.jpg,4,408,358,52,69,-1,-1,-1,-1
37, 27157.jpg,5,612,368,30,90,-1,-1,-1,-1
37, 27157.jpg,6,777,349,50,89,-1,-1,-1,-1
37, 27157.jpg,7,261,370,43,88,-1,-1,-1,-1
37, 27157.jpg,8,674,371,40,97,-1,-1,-1,-1
37, 27157.jpg,10,355,441,82,96,-1,-1,-1,-1
37, 27157.jpg,11,852,393,50,100,-1,-1,-1,-1
38, 27158.jpg,1,704,387,72,121,-1,-1,-1,-1
38, 27158.jpg,2,932,381,51,111,-1,-1,-1,-1
38, 27158.jpg,3,613,403,38,109,-1,-1,-1,-1
38, 27158.jpg,4,410,356,52,71,-1,-1,-1,-1
38, 27158.jpg,5,618,371,27,79,-1,-1,-1,-1
38, 27158.jpg,6,782,349,52,89,-1,-1,-1,-1
38, 27158.jpg,7,262,370,45,90,-1,-1,-1,-1
38, 27158.jpg,8,676,371,41,97,-1,-1,-1,-1
38, 27158.jpg,10,363,442,81,95,-1,-1,-1,-1
38, 27158.jpg,11,850,394,50,101,-1,-1,-1,-1
39, 27159.jpg,1,705,384,72,122,-1,-1,-1,-1
39, 27159.jpg,2,931,380,51,113,-1,-1,-1,-1
39, 27159.jpg,3,616,402,38,109,-1,-1,-1,-1
39, 27159.jpg,4,413,354,53,71,-1,-1,-1,-1
39, 27159.jpg,5,620,370,28,79,-1,-1,-1,-1
39, 27159.jpg,6,786,348,53,91,-1,-1,-1,-1
39, 27159.jpg,7,263,369,46,94,-1,-1,-1,-1
39, 27159.jpg,8,678,369,42,99,-1,-1,-1,-1
39, 27159.jpg,10,374,444,76,92,-1,-1,-1,-1
39, 27159.jpg,11,848,395,50,103,-1,-1,-1,-1
40, 27160.jpg,1,705,380,69,122,-1,-1,-1,-1
40, 27160.jpg,2,929,381,52,112,-1,-1,-1,-1
40, 27160.jpg,4,416,351,54,72,-1,-1,-1,-1
40, 27160.jpg,5,623,367,31,87,-1,-1,-1,-1
40, 27160.jpg,6,790,348,53,93,-1,-1,-1,-1
40, 27160.jpg,7,266,368,47,95,-1,-1,-1,-1
40, 27160.jpg,8,682,371,40,95,-1,-1,-1,-1
40, 27160.jpg,10,380,444,77,95,-1,-1,-1,-1
40, 27160.jpg,11,847,396,49,102,-1,-1,-1,-1
