2, 26942.jpg,1,915,648,49,147,-1,-1,-1,-1
2, 26942.jpg,2,1431,616,70,130,-1,-1,-1,-1
2, 26942.jpg,3,1187,773,68,143,-1,-1,-1,-1
2, 26942.jpg,4,1167,524,64,110,-1,-1,-1,-1
2, 26942.jpg,5,577,691,98,135,-1,-1,-1,-1
2, 26942.jpg,6,1189,660,113,149,-1,-1,-1,-1
2, 26942.jpg,7,1331,688,88,144,-1,-1,-1,-1
2, 26942.jpg,9,327,602,70,134,-1,-1,-1,-1
2, 26942.jpg,10,544,549,83,116,-1,-1,-1,-1
3, 26943.jpg,1,917,650,51,152,-1,-1,-1,-1
3, 26943.jpg,2,1438,609,67,125,-1,-1,-1,-1
3, 26943.jpg,3,1192,772,64,132,-1,-1,-1,-1
3, 26943.jpg,4,1167,524,65,111,-1,-1,-1,-1
3, 26943.jpg,5,578,692,97,133,-1,-1,-1,-1
3, 26943.jpg,6,1186,661,114,151,-1,-1,-1,-1
3, 26943.jpg,7,1325,690,86,141,-1,-1,-1,-1
3, 26943.jpg,9,334,599,69,133,-1,-1,-1,-1
3, 26943.jpg,10,557,549,82,115,-1,-1,-1,-1
3, 26943.jpg,11,924,748,53,127,-1,-1,-1,-1
4, 26944.jpg,1,918,655,60,176,-1,-1,-1,-1
4, 26944.jpg,2,1449,590,62,116,-1,-1,-1,-1
4, 26944.jpg,3,1197,770,61,125,-1,-1,-1,-1
4, 26944.jpg,4,1167,524,66,114,-1,-1,-1,-1
4, 26944.jpg,5,580,693,96,132,-1,-1,-1,-1
4, 26944.jpg,6,1187,660,113,152,-1,-1,-1,-1
4, 26944.jpg,7,1321,691,86,140,-1,-1,-1,-1
4, 26944.jpg,9,338,595,71,136,-1,-1,-1,-1
4, 26944.jpg,10,565,550,82,115,-1,-1,-1,-1
4, 26944.jpg,11,926,755,49,118,-1,-1,-1,-1
5, 26945.jpg,1,920,654,55,160,-1,-1,-1,-1
5, 26945.jpg,2,1453,590,59,109,-1,-1,-1,-1
5, 26945.jpg,3,1201,769,57,118,-1,-1,-1,-1
5, 26945.jpg,4,1168,525,67,117,-1,-1,-1,-1
5, 26945.jpg,5,584,694,93,128,-1,-1,-1,-1
5, 26945.jpg,6,1187,692,111,151,-1,-1,-1,-1
5, 26945.jpg,7,1320,691,89,146,-1,-1,-1,-1
5, 26945.jpg,9,341,593,72,138,-1,-1,-1,-1
5, 26945.jpg,10,576,551,79,114,-1,-1,-1,-1
6, 26946.jpg,1,922,656,56,162,-1,-1,-1,-1
6, 26946.jpg,2,1454,589,60,113,-1,-1,-1,-1
6, 26946.jpg,4,1167,527,69,119,-1,-1,-1,-1
6, 26946.jpg,5,586,693,93,129,-1,-1,-1,-1
6, 26946.jpg,6,1184,703,109,152,-1,-1,-1,-1
6, 26946.jpg,7,1319,692,89,147,-1,-1,-1,-1
6, 26946.jpg,9,347,594,70,134,-1,-1,-1,-1
6, 26946.jpg,10,585,552,79,114,-1,-1,-1,-1
6, 26946.jpg,11,934,739,54,131,-1,-1,-1,-1
7, 26947.jpg,1,923,665,66,193,-1,-1,-1,-1
7, 26947.jpg,2,1442,600,75,140,-1,-1,-1,-1
7, 26947.jpg,4,1171,528,67,116,-1,-1,-1,-1
7, 26947.jpg,5,590,692,92,129,-1,-1,-1,-1
7, 26947.jpg,6,1182,711,111,157,-1,-1,-1,-1
7, 26947.jpg,7,1316,691,91,150,-1,-1,-1,-1
7, 26947.jpg,9,352,594,69,132,-1,-1,-1,-1
7, 26947.jpg,10,596,554,75,110,-1,-1,-1,-1
7, 26947.jpg,11,941,756,48,113,-1,-1,-1,-1
8, 26948.jpg,1,932,662,56,160,-1,-1,-1,-1
8, 26948.jpg,2,1450,594,67,122,-1,-1,-1,-1
8, 26948.jpg,3,1208,751,65,135,-1,-1,-1,-1
8, 26948.jpg,4,1172,529,68,118,-1,-1,-1,-1
8, 26948.jpg,5,594,693,92,128,-1,-1,-1,-1
8, 26948.jpg,6,1179,719,112,158,-1,-1,-1,-1
8, 26948.jpg,7,1318,692,91,149,-1,-1,-1,-1
8, 26948.jpg,9,358,593,68,130,-1,-1,-1,-1
8, 26948.jpg,10,609,557,70,103,-1,-1,-1,-1
8, 26948.jpg,11,944,760,46,108,-1,-1,-1,-1
9, 26949.jpg,1,939,665,52,147,-1,-1,-1,-1
9, 26949.jpg,2,1444,598,80,145,-1,-1,-1,-1
9, 26949.jpg,3,1209,739,70,147,-1,-1,-1,-1
9, 26949.jpg,4,1173,531,69,120,-1,-1,-1,-1
9, 26949.jpg,5,600,694,89,126,-1,-1,-1,-1
9, 26949.jpg,7,1317,692,92,151,-1,-1,-1,-1
9, 26949.jpg,9,364,595,65,124,-1,-1,-1,-1
9, 26949.jpg,10,620,557,69,100,-1,-1,-1,-1
9, 26949.jpg,13,1176,656,80,132,-1,-1,-1,-1
10, 26950.jpg,1,945,685,56,159,-1,-1,-1,-1
10, 26950.jpg,2,1445,616,78,137,-1,-1,-1,-1
10, 26950.jpg,3,1202,708,82,176,-1,-1,-1,-1
10, 26950.jpg,4,1172,530,73,129,-1,-1,-1,-1
10, 26950.jpg,5,606,695,87,123,-1,-1,-1,-1
10, 26950.jpg,7,1321,693,92,151,-1,-1,-1,-1
10, 26950.jpg,9,370,597,65,122,-1,-1,-1,-1
10, 26950.jpg,10,630,556,69,100,-1,-1,-1,-1
10, 26950.jpg,13,1170,657,80,131,-1,-1,-1,-1
11, 26951.jpg,1,954,693,57,161,-1,-1,-1,-1
11, 26951.jpg,2,1440,612,81,143,-1,-1,-1,-1
11, 26951.jpg,3,1197,683,89,190,-1,-1,-1,-1
11, 26951.jpg,4,1171,529,74,132,-1,-1,-1,-1
11, 26951.jpg,5,613,694,87,120,-1,-1,-1,-1
11, 26951.jpg,7,1319,693,92,149,-1,-1,-1,-1
11, 26951.jpg,9,379,599,62,115,-1,-1,-1,-1
11, 26951.jpg,10,639,555,68,99,-1,-1,-1,-1
11, 26951.jpg,13,1170,656,85,139,-1,-1,-1,-1
12, 26952.jpg,1,958,686,60,173,-1,-1,-1,-1
12, 26952.jpg,2,1441,618,77,135,-1,-1,-1,-1
12, 26952.jpg,3,1213,676,87,194,-1,-1,-1,-1
12, 26952.jpg,4,1173,528,74,134,-1,-1,-1,-1
12, 26952.jpg,5,616,691,90,125,-1,-1,-1,-1
12, 26952.jpg,7,1324,693,91,147,-1,-1,-1,-1
12, 26952.jpg,9,384,601,61,112,-1,-1,-1,-1
12, 26952.jpg,10,646,553,68,96,-1,-1,-1,-1
12, 26952.jpg,13,1161,651,97,160,-1,-1,-1,-1
13, 26953.jpg,1,964,689,57,167,-1,-1,-1,-1
13, 26953.jpg,2,1449,642,70,115,-1,-1,-1,-1
13, 26953.jpg,3,1226,670,83,184,-1,-1,-1,-1
13, 26953.jpg,4,1175,525,74,138,-1,-1,-1,-1
13, 26953.jpg,5,622,686,92,127,-1,-1,-1,-1
13, 26953.jpg,7,1322,690,93,148,-1,-1,-1,-1
13, 26953.jpg,9,390,600,61,110,-1,-1,-1,-1
13, 26953.jpg,10,652,551,71,100,-1,-1,-1,-1
13, 26953.jpg,13,1157,648,104,175,-1,-1,-1,-1
14, 26954.jpg,1,969,678,59,175,-1,-1,-1,-1
14, 26954.jpg,2,1441,618,83,140,-1,-1,-1,-1
14, 26954.jpg,3,1215,659,83,179,-1,-1,-1,-1
14, 26954.jpg,4,1177,524,74,139,-1,-1,-1,-1
14, 26954.jpg,5,628,684,92,125,-1,-1,-1,-1
14, 26954.jpg,7,1293,682,97,146,-1,-1,-1,-1
14, 26954.jpg,9,395,601,61,106,-1,-1,-1,-1
14, 26954.jpg,10,657,548,73,102,-1,-1,-1,-1
14, 26954.jpg,13,1153,646,109,183,-1,-1,-1,-1
14, 26954.jpg,17,1427,589,64,96,-1,-1,-1,-1
15, 26955.jpg,1,975,663,60,179,-1,-1,-1,-1
15, 26955.jpg,2,1437,610,89,150,-1,-1,-1,-1
15, 26955.jpg,3,1207,652,86,181,-1,-1,-1,-1
15, 26955.jpg,4,1179,523,72,137,-1,-1,-1,-1
15, 26955.jpg,5,634,680,93,126,-1,-1,-1,-1
15, 26955.jpg,7,1314,682,102,150,-1,-1,-1,-1
15, 26955.jpg,9,403,601,60,101,-1,-1,-1,-1
15, 26955.jpg,10,665,546,71,99,-1,-1,-1,-1
15, 26955.jpg,17,1425,587,62,93,-1,-1,-1,-1
16, 26956.jpg,1,981,662,60,181,-1,-1,-1,-1
16, 26956.jpg,2,1438,618,82,138,-1,-1,-1,-1
16, 26956.jpg,3,1202,645,88,183,-1,-1,-1,-1
16, 26956.jpg,4,1180,523,71,137,-1,-1,-1,-1
16, 26956.jpg,5,638,672,97,131,-1,-1,-1,-1
16, 26956.jpg,7,1325,681,102,150,-1,-1,-1,-1
16, 26956.jpg,9,410,600,58,98,-1,-1,-1,-1
16, 26956.jpg,10,672,541,71,101,-1,-1,-1,-1
16, 26956.jpg,17,1421,586,74,112,-1,-1,-1,-1
17, 26957.jpg,1,986,656,60,181,-1,-1,-1,-1
17, 26957.jpg,2,1440,633,70,118,-1,-1,-1,-1
17, 26957.jpg,3,1180,647,81,169,-1,-1,-1,-1
17, 26957.jpg,4,1179,525,72,138,-1,-1,-1,-1
17, 26957.jpg,5,642,669,98,132,-1,-1,-1,-1
17, 26957.jpg,7,1326,680,102,150,-1,-1,-1,-1
17, 26957.jpg,9,414,599,60,100,-1,-1,-1,-1
17, 26957.jpg,10,678,538,71,102,-1,-1,-1,-1
17, 26957.jpg,17,1417,583,76,116,-1,-1,-1,-1
17, 26957.jpg,18,1392,792,86,188,-1,-1,-1,-1
18, 26958.jpg,1,991,629,65,202,-1,-1,-1,-1
18, 26958.jpg,2,1444,635,72,121,-1,-1,-1,-1
18, 26958.jpg,3,1167,645,83,171,-1,-1,-1,-1
18, 26958.jpg,4,1179,529,72,139,-1,-1,-1,-1
18, 26958.jpg,5,648,665,99,134,-1,-1,-1,-1
18, 26958.jpg,7,1327,677,103,147,-1,-1,-1,-1
18, 26958.jpg,9,421,595,62,100,-1,-1,-1,-1
18, 26958.jpg,10,683,536,73,104,-1,-1,-1,-1
18, 26958.jpg,17,1410,576,82,126,-1,-1,-1,-1
18, 26958.jpg,20,1265,651,86,158,-1,-1,-1,-1
19, 26959.jpg,1,1004,609,59,185,-1,-1,-1,-1
19, 26959.jpg,2,1434,611,87,145,-1,-1,-1,-1
19, 26959.jpg,3,1160,643,84,170,-1,-1,-1,-1
19, 26959.jpg,4,1182,533,71,139,-1,-1,-1,-1
19, 26959.jpg,5,659,661,98,134,-1,-1,-1,-1
19, 26959.jpg,7,1328,675,103,148,-1,-1,-1,-1
19, 26959.jpg,9,423,591,66,105,-1,-1,-1,-1
19, 26959.jpg,10,689,534,73,105,-1,-1,-1,-1
19, 26959.jpg,17,1406,574,83,130,-1,-1,-1,-1
19, 26959.jpg,20,1288,653,85,154,-1,-1,-1,-1
20, 26960.jpg,1,1009,606,63,201,-1,-1,-1,-1
20, 26960.jpg,2,1436,618,85,142,-1,-1,-1,-1
20, 26960.jpg,3,1157,646,85,165,-1,-1,-1,-1
20, 26960.jpg,4,1185,536,71,139,-1,-1,-1,-1
20, 26960.jpg,5,667,659,97,132,-1,-1,-1,-1
20, 26960.jpg,7,1309,666,101,142,-1,-1,-1,-1
20, 26960.jpg,9,431,588,67,106,-1,-1,-1,-1
20, 26960.jpg,10,696,533,73,106,-1,-1,-1,-1
20, 26960.jpg,17,1407,576,80,126,-1,-1,-1,-1
20, 26960.jpg,20,1292,652,85,154,-1,-1,-1,-1
21, 26961.jpg,1,1015,611,61,195,-1,-1,-1,-1
21, 26961.jpg,2,1431,610,91,149,-1,-1,-1,-1
21, 26961.jpg,3,1159,646,88,169,-1,-1,-1,-1
21, 26961.jpg,4,1191,537,69,134,-1,-1,-1,-1
21, 26961.jpg,5,674,656,98,133,-1,-1,-1,-1
21, 26961.jpg,7,1308,664,102,142,-1,-1,-1,-1
21, 26961.jpg,9,436,585,69,110,-1,-1,-1,-1
21, 26961.jpg,10,701,532,72,105,-1,-1,-1,-1
21, 26961.jpg,17,1402,574,84,133,-1,-1,-1,-1
22, 26962.jpg,1,1019,588,56,179,-1,-1,-1,-1
22, 26962.jpg,2,1438,624,85,136,-1,-1,-1,-1
22, 26962.jpg,3,1159,650,89,161,-1,-1,-1,-1
22, 26962.jpg,4,1185,536,74,144,-1,-1,-1,-1
22, 26962.jpg,5,684,657,94,129,-1,-1,-1,-1
22, 26962.jpg,7,1301,662,105,145,-1,-1,-1,-1
22, 26962.jpg,9,444,582,70,111,-1,-1,-1,-1
22, 26962.jpg,10,707,532,72,106,-1,-1,-1,-1
22, 26962.jpg,17,1400,579,78,125,-1,-1,-1,-1
23, 26963.jpg,1,1031,576,52,161,-1,-1,-1,-1
23, 26963.jpg,2,1442,633,80,128,-1,-1,-1,-1
23, 26963.jpg,3,1161,647,93,165,-1,-1,-1,-1
23, 26963.jpg,4,1184,535,77,151,-1,-1,-1,-1
23, 26963.jpg,5,691,655,95,131,-1,-1,-1,-1
23, 26963.jpg,7,1287,663,100,142,-1,-1,-1,-1
23, 26963.jpg,9,455,582,70,110,-1,-1,-1,-1
23, 26963.jpg,10,715,532,73,106,-1,-1,-1,-1
23, 26963.jpg,17,1398,579,78,126,-1,-1,-1,-1
23, 26963.jpg,20,1352,667,80,145,-1,-1,-1,-1
24, 26964.jpg,1,1046,583,51,157,-1,-1,-1,-1
24, 26964.jpg,2,1442,636,79,126,-1,-1,-1,-1
24, 26964.jpg,3,1169,652,93,162,-1,-1,-1,-1
24, 26964.jpg,4,1186,534,77,153,-1,-1,-1,-1
24, 26964.jpg,5,700,656,91,127,-1,-1,-1,-1
24, 26964.jpg,7,1283,667,96,140,-1,-1,-1,-1
24, 26964.jpg,9,464,582,74,115,-1,-1,-1,-1
24, 26964.jpg,10,721,534,72,104,-1,-1,-1,-1
24, 26964.jpg,17,1399,578,74,122,-1,-1,-1,-1
24, 26964.jpg,20,1360,668,76,141,-1,-1,-1,-1
25, 26965.jpg,1,1053,585,50,152,-1,-1,-1,-1
25, 26965.jpg,2,1441,638,76,125,-1,-1,-1,-1
25, 26965.jpg,3,1175,656,92,155,-1,-1,-1,-1
25, 26965.jpg,4,1190,535,75,151,-1,-1,-1,-1
25, 26965.jpg,5,704,654,96,131,-1,-1,-1,-1
25, 26965.jpg,7,1299,666,103,147,-1,-1,-1,-1
25, 26965.jpg,9,472,587,77,118,-1,-1,-1,-1
25, 26965.jpg,10,725,534,74,107,-1,-1,-1,-1
25, 26965.jpg,17,1397,578,74,122,-1,-1,-1,-1
25, 26965.jpg,20,1362,671,72,136,-1,-1,-1,-1
26, 26966.jpg,1,1060,575,48,136,-1,-1,-1,-1
26, 26966.jpg,2,1440,639,73,124,-1,-1,-1,-1
26, 26966.jpg,3,1180,661,91,148,-1,-1,-1,-1
26, 26966.jpg,4,1192,536,76,151,-1,-1,-1,-1
26, 26966.jpg,5,712,652,95,133,-1,-1,-1,-1
26, 26966.jpg,7,1307,674,97,138,-1,-1,-1,-1
26, 26966.jpg,9,479,592,79,119,-1,-1,-1,-1
26, 26966.jpg,10,733,537,72,103,-1,-1,-1,-1
26, 26966.jpg,11,1045,631,72,173,-1,-1,-1,-1
26, 26966.jpg,17,1391,577,78,130,-1,-1,-1,-1
26, 26966.jpg,18,1429,789,84,194,-1,-1,-1,-1
26, 26966.jpg,20,1371,672,72,134,-1,-1,-1,-1
26, 26966.jpg,21,69,872,65,172,-1,-1,-1,-1
27, 26967.jpg,1,1067,571,47,132,-1,-1,-1,-1
27, 26967.jpg,2,1440,641,72,123,-1,-1,-1,-1
27, 26967.jpg,3,1186,670,88,139,-1,-1,-1,-1
27, 26967.jpg,4,1192,537,76,152,-1,-1,-1,-1
27, 26967.jpg,5,719,652,94,131,-1,-1,-1,-1
27, 26967.jpg,7,1314,675,105,149,-1,-1,-1,-1
27, 26967.jpg,9,488,596,78,117,-1,-1,-1,-1
27, 26967.jpg,10,736,539,72,102,-1,-1,-1,-1
27, 26967.jpg,11,1052,612,69,167,-1,-1,-1,-1
27, 26967.jpg,17,1390,581,78,132,-1,-1,-1,-1
27, 26967.jpg,21,78,874,65,170,-1,-1,-1,-1
28, 26968.jpg,1,1066,582,48,137,-1,-1,-1,-1
28, 26968.jpg,2,1441,643,71,123,-1,-1,-1,-1
28, 26968.jpg,3,1194,666,90,143,-1,-1,-1,-1
28, 26968.jpg,4,1195,541,75,150,-1,-1,-1,-1
28, 26968.jpg,5,724,650,95,134,-1,-1,-1,-1
28, 26968.jpg,7,1317,680,107,152,-1,-1,-1,-1
28, 26968.jpg,9,494,597,80,117,-1,-1,-1,-1
28, 26968.jpg,10,741,542,72,99,-1,-1,-1,-1
28, 26968.jpg,11,1057,634,68,168,-1,-1,-1,-1
28, 26968.jpg,17,1385,582,79,136,-1,-1,-1,-1
28, 26968.jpg,21,79,867,71,184,-1,-1,-1,-1
29, 26969.jpg,1,1070,578,51,144,-1,-1,-1,-1
29, 26969.jpg,2,1438,645,72,125,-1,-1,-1,-1
29, 26969.jpg,3,1197,663,93,146,-1,-1,-1,-1
29, 26969.jpg,4,1197,543,74,150,-1,-1,-1,-1
29, 26969.jpg,5,729,648,96,137,-1,-1,-1,-1
29, 26969.jpg,7,1323,694,104,145,-1,-1,-1,-1
29, 26969.jpg,9,499,598,80,115,-1,-1,-1,-1
29, 26969.jpg,10,744,543,74,99,-1,-1,-1,-1
29, 26969.jpg,11,1058,619,74,187,-1,-1,-1,-1
29, 26969.jpg,17,1384,584,79,139,-1,-1,-1,-1
29, 26969.jpg,21,85,865,72,183,-1,-1,-1,-1
30, 26970.jpg,1,1076,575,50,144,-1,-1,-1,-1
30, 26970.jpg,2,1440,648,71,126,-1,-1,-1,-1
30, 26970.jpg,3,1200,663,95,145,-1,-1,-1,-1
30, 26970.jpg,4,1198,547,72,148,-1,-1,-1,-1
30, 26970.jpg,5,734,646,97,140,-1,-1,-1,-1
30, 26970.jpg,7,1330,709,98,136,-1,-1,-1,-1
30, 26970.jpg,9,509,599,79,111,-1,-1,-1,-1
30, 26970.jpg,10,753,543,72,96,-1,-1,-1,-1
30, 26970.jpg,11,1063,633,74,187,-1,-1,-1,-1
30, 26970.jpg,17,1383,585,80,143,-1,-1,-1,-1
30, 26970.jpg,21,91,861,72,187,-1,-1,-1,-1
31, 26971.jpg,1,1085,581,48,138,-1,-1,-1,-1
31, 26971.jpg,2,1442,649,70,127,-1,-1,-1,-1
31, 26971.jpg,3,1204,663,96,144,-1,-1,-1,-1
31, 26971.jpg,4,1200,552,71,145,-1,-1,-1,-1
31, 26971.jpg,5,741,646,95,140,-1,-1,-1,-1
31, 26971.jpg,7,1338,707,103,141,-1,-1,-1,-1
31, 26971.jpg,9,516,599,79,111,-1,-1,-1,-1
31, 26971.jpg,10,761,543,73,96,-1,-1,-1,-1
31, 26971.jpg,11,1068,646,72,180,-1,-1,-1,-1
31, 26971.jpg,17,1384,589,77,140,-1,-1,-1,-1
31, 26971.jpg,21,100,862,72,184,-1,-1,-1,-1
32, 26972.jpg,1,1085,594,53,154,-1,-1,-1,-1
32, 26972.jpg,2,1446,652,69,125,-1,-1,-1,-1
32, 26972.jpg,3,1209,660,98,147,-1,-1,-1,-1
32, 26972.jpg,4,1203,555,69,142,-1,-1,-1,-1
32, 26972.jpg,5,747,646,93,140,-1,-1,-1,-1
32, 26972.jpg,7,1350,706,104,141,-1,-1,-1,-1
32, 26972.jpg,9,517,598,82,113,-1,-1,-1,-1
32, 26972.jpg,10,765,540,78,101,-1,-1,-1,-1
32, 26972.jpg,11,1073,642,73,183,-1,-1,-1,-1
32, 26972.jpg,17,1384,594,75,137,-1,-1,-1,-1
32, 26972.jpg,21,104,857,74,189,-1,-1,-1,-1
33, 26973.jpg,1,1090,595,54,153,-1,-1,-1,-1
33, 26973.jpg,2,1450,656,66,120,-1,-1,-1,-1
33, 26973.jpg,3,1214,657,102,154,-1,-1,-1,-1
33, 26973.jpg,4,1203,557,70,143,-1,-1,-1,-1
33, 26973.jpg,5,752,645,93,141,-1,-1,-1,-1
33, 26973.jpg,7,1356,707,104,142,-1,-1,-1,-1
33, 26973.jpg,9,523,594,84,116,-1,-1,-1,-1
33, 26973.jpg,10,772,539,80,102,-1,-1,-1,-1
33, 26973.jpg,11,1073,634,79,203,-1,-1,-1,-1
33, 26973.jpg,17,1384,596,75,137,-1,-1,-1,-1
33, 26973.jpg,21,112,860,72,182,-1,-1,-1,-1
34, 26974.jpg,2,1452,660,65,117,-1,-1,-1,-1
34, 26974.jpg,3,1218,656,103,155,-1,-1,-1,-1
34, 26974.jpg,4,1203,558,70,144,-1,-1,-1,-1
34, 26974.jpg,5,752,642,95,146,-1,-1,-1,-1
34, 26974.jpg,7,1360,709,104,142,-1,-1,-1,-1
34, 26974.jpg,9,529,592,87,118,-1,-1,-1,-1
34, 26974.jpg,10,776,537,81,105,-1,-1,-1,-1
34, 26974.jpg,11,1084,661,71,183,-1,-1,-1,-1
34, 26974.jpg,13,1368,672,80,136,-1,-1,-1,-1
34, 26974.jpg,17,1381,599,76,142,-1,-1,-1,-1
34, 26974.jpg,21,115,856,74,189,-1,-1,-1,-1
35, 26975.jpg,2,1453,661,62,114,-1,-1,-1,-1
35, 26975.jpg,3,1224,658,101,153,-1,-1,-1,-1
35, 26975.jpg,4,1202,566,67,135,-1,-1,-1,-1
35, 26975.jpg,5,752,639,96,150,-1,-1,-1,-1
35, 26975.jpg,9,535,589,90,120,-1,-1,-1,-1
35, 26975.jpg,10,775,535,85,110,-1,-1,-1,-1
35, 26975.jpg,11,1090,663,66,176,-1,-1,-1,-1
35, 26975.jpg,13,1369,707,87,144,-1,-1,-1,-1
35, 26975.jpg,17,1380,599,79,150,-1,-1,-1,-1
35, 26975.jpg,21,117,854,75,194,-1,-1,-1,-1
36, 26976.jpg,2,1455,663,60,110,-1,-1,-1,-1
36, 26976.jpg,3,1229,661,99,151,-1,-1,-1,-1
36, 26976.jpg,4,1200,574,64,127,-1,-1,-1,-1
36, 26976.jpg,5,750,634,97,156,-1,-1,-1,-1
36, 26976.jpg,9,538,587,93,125,-1,-1,-1,-1
36, 26976.jpg,10,778,534,86,111,-1,-1,-1,-1
36, 26976.jpg,11,1089,669,67,176,-1,-1,-1,-1
36, 26976.jpg,13,1381,713,84,135,-1,-1,-1,-1
36, 26976.jpg,17,1377,603,74,140,-1,-1,-1,-1
36, 26976.jpg,21,119,853,74,194,-1,-1,-1,-1
37, 26977.jpg,2,1455,663,59,111,-1,-1,-1,-1
37, 26977.jpg,3,1229,660,99,153,-1,-1,-1,-1
37, 26977.jpg,4,1198,575,63,124,-1,-1,-1,-1
37, 26977.jpg,5,750,635,93,153,-1,-1,-1,-1
37, 26977.jpg,9,538,584,96,128,-1,-1,-1,-1
37, 26977.jpg,10,781,533,86,114,-1,-1,-1,-1
37, 26977.jpg,11,1090,679,64,164,-1,-1,-1,-1
37, 26977.jpg,13,1384,716,84,132,-1,-1,-1,-1
37, 26977.jpg,17,1373,606,69,133,-1,-1,-1,-1
37, 26977.jpg,21,118,854,75,195,-1,-1,-1,-1
38, 26978.jpg,2,1455,663,59,113,-1,-1,-1,-1
38, 26978.jpg,3,1224,657,98,152,-1,-1,-1,-1
38, 26978.jpg,4,1193,575,65,127,-1,-1,-1,-1
38, 26978.jpg,5,748,634,91,152,-1,-1,-1,-1
38, 26978.jpg,9,542,580,95,129,-1,-1,-1,-1
38, 26978.jpg,10,783,534,85,114,-1,-1,-1,-1
38, 26978.jpg,11,1085,681,65,170,-1,-1,-1,-1
38, 26978.jpg,13,1384,712,85,135,-1,-1,-1,-1
38, 26978.jpg,17,1366,606,68,133,-1,-1,-1,-1
38, 26978.jpg,21,118,854,73,193,-1,-1,-1,-1
39, 26979.jpg,2,1453,661,61,117,-1,-1,-1,-1
39, 26979.jpg,3,1218,652,101,157,-1,-1,-1,-1
39, 26979.jpg,4,1192,571,67,130,-1,-1,-1,-1
39, 26979.jpg,5,746,635,87,149,-1,-1,-1,-1
39, 26979.jpg,9,544,578,95,129,-1,-1,-1,-1
39, 26979.jpg,10,787,536,81,111,-1,-1,-1,-1
39, 26979.jpg,11,1089,680,66,176,-1,-1,-1,-1
39, 26979.jpg,13,1381,709,88,140,-1,-1,-1,-1
39, 26979.jpg,17,1361,608,65,129,-1,-1,-1,-1
39, 26979.jpg,21,117,856,72,192,-1,-1,-1,-1
40, 26980.jpg,2,1452,658,63,120,-1,-1,-1,-1
40, 26980.jpg,3,1218,652,100,158,-1,-1,-1,-1
40, 26980.jpg,4,1188,570,69,133,-1,-1,-1,-1
40, 26980.jpg,5,744,637,82,147,-1,-1,-1,-1
40, 26980.jpg,9,544,576,96,133,-1,-1,-1,-1
40, 26980.jpg,10,791,536,81,113,-1,-1,-1,-1
40, 26980.jpg,11,1087,681,65,173,-1,-1,-1,-1
40, 26980.jpg,13,1375,715,87,140,-1,-1,-1,-1
40, 26980.jpg,17,1353,606,66,131,-1,-1,-1,-1
40, 26980.jpg,21,116,859,70,185,-1,-1,-1,-1
