2, 18647.jpg,1,704,330,45,99,-1,-1,-1,-1
2, 18647.jpg,3,475,262,46,77,-1,-1,-1,-1
2, 18647.jpg,4,709,380,47,125,-1,-1,-1,-1
2, 18647.jpg,5,367,321,53,89,-1,-1,-1,-1
2, 18647.jpg,6,904,396,43,102,-1,-1,-1,-1
2, 18647.jpg,7,239,467,51,106,-1,-1,-1,-1
2, 18647.jpg,8,240,352,80,99,-1,-1,-1,-1
2, 18647.jpg,9,646,335,48,128,-1,-1,-1,-1
2, 18647.jpg,10,934,335,47,83,-1,-1,-1,-1
2, 18647.jpg,11,507,367,47,99,-1,-1,-1,-1
2, 18647.jpg,12,1032,359,48,103,-1,-1,-1,-1
3, 18648.jpg,1,700,318,42,94,-1,-1,-1,-1
3, 18648.jpg,3,478,262,46,78,-1,-1,-1,-1
3, 18648.jpg,4,708,388,43,116,-1,-1,-1,-1
3, 18648.jpg,5,366,319,53,90,-1,-1,-1,-1
3, 18648.jpg,6,902,398,41,97,-1,-1,-1,-1
3, 18648.jpg,7,237,472,50,105,-1,-1,-1,-1
3, 18648.jpg,8,248,351,80,100,-1,-1,-1,-1
3, 18648.jpg,9,644,333,46,124,-1,-1,-1,-1
3, 18648.jpg,10,930,336,45,81,-1,-1,-1,-1
3, 18648.jpg,11,507,371,45,97,-1,-1,-1,-1
3, 18648.jpg,12,1031,358,48,104,-1,-1,-1,-1
4, 18649.jpg,1,698,310,41,92,-1,-1,-1,-1
4, 18649.jpg,3,481,263,45,77,-1,-1,-1,-1
4, 18649.jpg,4,699,363,49,132,-1,-1,-1,-1
4, 18649.jpg,5,366,318,53,90,-1,-1,-1,-1
4, 18649.jpg,6,900,399,42,97,-1,-1,-1,-1
4, 18649.jpg,7,222,484,49,101,-1,-1,-1,-1
4, 18649.jpg,8,255,351,80,101,-1,-1,-1,-1
4, 18649.jpg,9,642,327,47,126,-1,-1,-1,-1
4, 18649.jpg,10,925,338,45,79,-1,-1,-1,-1
4, 18649.jpg,11,509,375,44,95,-1,-1,-1,-1
4, 18649.jpg,12,1030,359,48,104,-1,-1,-1,-1
5, 18650.jpg,1,696,307,40,90,-1,-1,-1,-1
5, 18650.jpg,3,485,263,44,76,-1,-1,-1,-1
5, 18650.jpg,4,696,369,49,133,-1,-1,-1,-1
5, 18650.jpg,5,365,318,52,88,-1,-1,-1,-1
5, 18650.jpg,6,899,400,41,96,-1,-1,-1,-1
5, 18650.jpg,7,222,487,50,98,-1,-1,-1,-1
5, 18650.jpg,8,261,350,80,103,-1,-1,-1,-1
5, 18650.jpg,9,641,326,44,120,-1,-1,-1,-1
5, 18650.jpg,10,922,339,43,76,-1,-1,-1,-1
5, 18650.jpg,11,509,378,44,91,-1,-1,-1,-1
5, 18650.jpg,12,1029,359,48,104,-1,-1,-1,-1
6, 18651.jpg,1,694,305,40,90,-1,-1,-1,-1
6, 18651.jpg,3,487,260,47,79,-1,-1,-1,-1
6, 18651.jpg,4,694,348,43,117,-1,-1,-1,-1
6, 18651.jpg,5,365,318,52,88,-1,-1,-1,-1
6, 18651.jpg,6,897,400,42,97,-1,-1,-1,-1
6, 18651.jpg,7,228,483,53,100,-1,-1,-1,-1
6, 18651.jpg,8,267,349,80,104,-1,-1,-1,-1
6, 18651.jpg,9,641,326,42,116,-1,-1,-1,-1
6, 18651.jpg,10,918,340,41,73,-1,-1,-1,-1
6, 18651.jpg,11,510,381,46,95,-1,-1,-1,-1
6, 18651.jpg,12,1027,359,47,103,-1,-1,-1,-1
7, 18652.jpg,3,488,258,48,83,-1,-1,-1,-1
7, 18652.jpg,4,692,347,40,108,-1,-1,-1,-1
7, 18652.jpg,5,365,322,49,83,-1,-1,-1,-1
7, 18652.jpg,6,895,400,42,100,-1,-1,-1,-1
7, 18652.jpg,7,229,483,55,98,-1,-1,-1,-1
7, 18652.jpg,8,270,346,81,106,-1,-1,-1,-1
7, 18652.jpg,9,640,325,41,115,-1,-1,-1,-1
7, 18652.jpg,10,913,341,40,71,-1,-1,-1,-1
7, 18652.jpg,11,505,383,50,100,-1,-1,-1,-1
7, 18652.jpg,12,1025,359,46,102,-1,-1,-1,-1
8, 18653.jpg,1,690,300,43,95,-1,-1,-1,-1
8, 18653.jpg,3,489,257,49,85,-1,-1,-1,-1
8, 18653.jpg,4,690,374,43,115,-1,-1,-1,-1
8, 18653.jpg,5,366,322,48,81,-1,-1,-1,-1
8, 18653.jpg,6,893,402,42,101,-1,-1,-1,-1
8, 18653.jpg,7,234,480,56,97,-1,-1,-1,-1
8, 18653.jpg,8,276,344,81,106,-1,-1,-1,-1
8, 18653.jpg,9,639,325,40,112,-1,-1,-1,-1
8, 18653.jpg,10,905,340,43,74,-1,-1,-1,-1
8, 18653.jpg,11,505,385,51,104,-1,-1,-1,-1
8, 18653.jpg,12,1023,358,46,103,-1,-1,-1,-1
9, 18654.jpg,1,683,315,49,110,-1,-1,-1,-1
9, 18654.jpg,3,489,257,49,85,-1,-1,-1,-1
9, 18654.jpg,4,687,382,44,119,-1,-1,-1,-1
9, 18654.jpg,5,366,323,49,80,-1,-1,-1,-1
9, 18654.jpg,6,891,404,42,99,-1,-1,-1,-1
9, 18654.jpg,7,242,475,58,99,-1,-1,-1,-1
9, 18654.jpg,8,281,344,81,105,-1,-1,-1,-1
9, 18654.jpg,9,636,325,40,112,-1,-1,-1,-1
9, 18654.jpg,10,902,341,41,70,-1,-1,-1,-1
9, 18654.jpg,11,504,387,54,110,-1,-1,-1,-1
9, 18654.jpg,12,1021,358,45,100,-1,-1,-1,-1
10, 18655.jpg,1,683,308,44,100,-1,-1,-1,-1
10, 18655.jpg,3,489,258,50,87,-1,-1,-1,-1
10, 18655.jpg,4,684,386,44,122,-1,-1,-1,-1
10, 18655.jpg,5,365,323,50,80,-1,-1,-1,-1
10, 18655.jpg,6,886,409,41,95,-1,-1,-1,-1
10, 18655.jpg,7,236,475,63,103,-1,-1,-1,-1
10, 18655.jpg,8,289,344,81,106,-1,-1,-1,-1
10, 18655.jpg,9,633,328,38,109,-1,-1,-1,-1
10, 18655.jpg,10,898,342,40,67,-1,-1,-1,-1
10, 18655.jpg,11,503,387,55,112,-1,-1,-1,-1
10, 18655.jpg,12,1019,358,45,102,-1,-1,-1,-1
11, 18656.jpg,1,682,306,40,92,-1,-1,-1,-1
11, 18656.jpg,3,490,258,50,90,-1,-1,-1,-1
11, 18656.jpg,4,681,394,42,114,-1,-1,-1,-1
11, 18656.jpg,5,364,323,50,80,-1,-1,-1,-1
11, 18656.jpg,6,881,412,42,93,-1,-1,-1,-1
11, 18656.jpg,7,237,472,67,106,-1,-1,-1,-1
11, 18656.jpg,8,299,346,76,103,-1,-1,-1,-1
11, 18656.jpg,9,628,331,39,112,-1,-1,-1,-1
11, 18656.jpg,10,894,341,40,67,-1,-1,-1,-1
11, 18656.jpg,11,505,390,53,108,-1,-1,-1,-1
11, 18656.jpg,12,1016,357,46,104,-1,-1,-1,-1
12, 18657.jpg,1,670,317,47,108,-1,-1,-1,-1
12, 18657.jpg,3,492,259,49,90,-1,-1,-1,-1
12, 18657.jpg,4,677,400,40,112,-1,-1,-1,-1
12, 18657.jpg,5,362,322,51,80,-1,-1,-1,-1
12, 18657.jpg,6,874,412,43,93,-1,-1,-1,-1
12, 18657.jpg,7,241,470,70,108,-1,-1,-1,-1
12, 18657.jpg,8,309,349,72,98,-1,-1,-1,-1
12, 18657.jpg,9,625,336,38,108,-1,-1,-1,-1
12, 18657.jpg,10,888,340,41,67,-1,-1,-1,-1
12, 18657.jpg,11,506,392,54,111,-1,-1,-1,-1
12, 18657.jpg,12,1013,359,44,101,-1,-1,-1,-1
13, 18658.jpg,1,671,313,41,96,-1,-1,-1,-1
13, 18658.jpg,3,493,263,48,89,-1,-1,-1,-1
13, 18658.jpg,4,672,397,42,117,-1,-1,-1,-1
13, 18658.jpg,5,367,320,50,79,-1,-1,-1,-1
13, 18658.jpg,6,871,416,43,87,-1,-1,-1,-1
13, 18658.jpg,7,245,469,73,110,-1,-1,-1,-1
13, 18658.jpg,8,313,349,72,101,-1,-1,-1,-1
13, 18658.jpg,9,622,340,39,108,-1,-1,-1,-1
13, 18658.jpg,10,882,339,44,71,-1,-1,-1,-1
13, 18658.jpg,11,506,394,57,115,-1,-1,-1,-1
13, 18658.jpg,12,1008,360,45,101,-1,-1,-1,-1
14, 18659.jpg,1,669,314,39,92,-1,-1,-1,-1
14, 18659.jpg,3,494,267,47,87,-1,-1,-1,-1
14, 18659.jpg,4,671,405,39,108,-1,-1,-1,-1
14, 18659.jpg,5,369,319,49,79,-1,-1,-1,-1
14, 18659.jpg,6,864,413,45,91,-1,-1,-1,-1
14, 18659.jpg,7,253,470,71,108,-1,-1,-1,-1
14, 18659.jpg,8,316,349,72,103,-1,-1,-1,-1
14, 18659.jpg,9,617,344,37,104,-1,-1,-1,-1
14, 18659.jpg,10,875,337,44,71,-1,-1,-1,-1
14, 18659.jpg,11,506,397,58,114,-1,-1,-1,-1
14, 18659.jpg,12,1004,361,45,103,-1,-1,-1,-1
15, 18660.jpg,1,665,309,38,86,-1,-1,-1,-1
15, 18660.jpg,3,495,268,46,86,-1,-1,-1,-1
15, 18660.jpg,4,667,408,39,106,-1,-1,-1,-1
15, 18660.jpg,5,369,317,48,78,-1,-1,-1,-1
15, 18660.jpg,6,860,410,47,94,-1,-1,-1,-1
15, 18660.jpg,7,260,471,71,108,-1,-1,-1,-1
15, 18660.jpg,8,315,348,75,105,-1,-1,-1,-1
15, 18660.jpg,9,612,347,37,103,-1,-1,-1,-1
15, 18660.jpg,10,870,337,43,70,-1,-1,-1,-1
15, 18660.jpg,11,506,397,62,119,-1,-1,-1,-1
15, 18660.jpg,12,1000,363,45,103,-1,-1,-1,-1
16, 18661.jpg,1,661,308,38,86,-1,-1,-1,-1
16, 18661.jpg,3,494,269,47,87,-1,-1,-1,-1
16, 18661.jpg,4,664,410,39,106,-1,-1,-1,-1
16, 18661.jpg,5,366,313,49,81,-1,-1,-1,-1
16, 18661.jpg,6,856,409,47,94,-1,-1,-1,-1
16, 18661.jpg,7,266,471,71,109,-1,-1,-1,-1
16, 18661.jpg,8,324,345,77,105,-1,-1,-1,-1
16, 18661.jpg,9,609,347,38,105,-1,-1,-1,-1
16, 18661.jpg,10,864,337,44,72,-1,-1,-1,-1
16, 18661.jpg,11,507,401,61,119,-1,-1,-1,-1
16, 18661.jpg,12,995,364,45,102,-1,-1,-1,-1
17, 18662.jpg,1,654,304,38,88,-1,-1,-1,-1
17, 18662.jpg,3,493,270,48,87,-1,-1,-1,-1
17, 18662.jpg,4,660,410,40,107,-1,-1,-1,-1
17, 18662.jpg,5,359,314,48,78,-1,-1,-1,-1
17, 18662.jpg,6,851,407,49,96,-1,-1,-1,-1
17, 18662.jpg,7,269,469,74,113,-1,-1,-1,-1
17, 18662.jpg,8,325,349,81,104,-1,-1,-1,-1
17, 18662.jpg,9,603,347,37,103,-1,-1,-1,-1
17, 18662.jpg,10,858,336,45,73,-1,-1,-1,-1
17, 18662.jpg,11,507,405,61,117,-1,-1,-1,-1
17, 18662.jpg,12,990,365,44,100,-1,-1,-1,-1
18, 18663.jpg,1,652,306,37,87,-1,-1,-1,-1
18, 18663.jpg,3,492,272,47,86,-1,-1,-1,-1
18, 18663.jpg,4,654,408,42,111,-1,-1,-1,-1
18, 18663.jpg,5,357,315,49,78,-1,-1,-1,-1
18, 18663.jpg,6,844,399,51,103,-1,-1,-1,-1
18, 18663.jpg,7,271,467,76,116,-1,-1,-1,-1
18, 18663.jpg,8,328,350,83,103,-1,-1,-1,-1
18, 18663.jpg,9,599,346,36,102,-1,-1,-1,-1
18, 18663.jpg,10,849,337,46,72,-1,-1,-1,-1
18, 18663.jpg,11,507,407,62,119,-1,-1,-1,-1
18, 18663.jpg,12,986,366,44,100,-1,-1,-1,-1
19, 18664.jpg,1,648,302,38,87,-1,-1,-1,-1
19, 18664.jpg,3,493,274,45,83,-1,-1,-1,-1
19, 18664.jpg,4,652,410,41,107,-1,-1,-1,-1
19, 18664.jpg,5,358,315,49,79,-1,-1,-1,-1
19, 18664.jpg,6,837,393,51,105,-1,-1,-1,-1
19, 18664.jpg,7,275,466,77,115,-1,-1,-1,-1
19, 18664.jpg,8,334,355,82,101,-1,-1,-1,-1
19, 18664.jpg,9,594,342,37,105,-1,-1,-1,-1
19, 18664.jpg,10,836,335,50,77,-1,-1,-1,-1
19, 18664.jpg,11,507,409,61,122,-1,-1,-1,-1
19, 18664.jpg,12,980,365,45,101,-1,-1,-1,-1
20, 18665.jpg,1,642,299,38,88,-1,-1,-1,-1
20, 18665.jpg,3,491,275,45,85,-1,-1,-1,-1
20, 18665.jpg,4,650,412,40,104,-1,-1,-1,-1
20, 18665.jpg,5,357,314,50,85,-1,-1,-1,-1
20, 18665.jpg,6,831,389,51,106,-1,-1,-1,-1
20, 18665.jpg,7,279,464,81,116,-1,-1,-1,-1
20, 18665.jpg,8,339,348,81,102,-1,-1,-1,-1
20, 18665.jpg,9,586,342,38,104,-1,-1,-1,-1
20, 18665.jpg,10,822,334,55,80,-1,-1,-1,-1
20, 18665.jpg,11,507,409,60,125,-1,-1,-1,-1
20, 18665.jpg,12,974,364,45,102,-1,-1,-1,-1
21, 18666.jpg,1,639,297,38,88,-1,-1,-1,-1
21, 18666.jpg,3,491,276,45,84,-1,-1,-1,-1
21, 18666.jpg,4,645,412,42,107,-1,-1,-1,-1
21, 18666.jpg,5,356,315,49,84,-1,-1,-1,-1
21, 18666.jpg,6,822,386,51,106,-1,-1,-1,-1
21, 18666.jpg,7,282,466,82,113,-1,-1,-1,-1
21, 18666.jpg,8,344,347,81,103,-1,-1,-1,-1
21, 18666.jpg,9,581,339,38,107,-1,-1,-1,-1
21, 18666.jpg,10,813,335,56,77,-1,-1,-1,-1
21, 18666.jpg,11,506,409,59,124,-1,-1,-1,-1
21, 18666.jpg,12,970,363,44,102,-1,-1,-1,-1
22, 18667.jpg,1,636,297,37,88,-1,-1,-1,-1
22, 18667.jpg,3,491,275,46,86,-1,-1,-1,-1
22, 18667.jpg,4,643,415,44,108,-1,-1,-1,-1
22, 18667.jpg,5,356,316,46,81,-1,-1,-1,-1
22, 18667.jpg,6,816,388,48,100,-1,-1,-1,-1
22, 18667.jpg,7,283,466,82,110,-1,-1,-1,-1
22, 18667.jpg,9,575,335,39,111,-1,-1,-1,-1
22, 18667.jpg,10,804,334,60,77,-1,-1,-1,-1
22, 18667.jpg,11,505,411,60,130,-1,-1,-1,-1
22, 18667.jpg,12,964,361,45,103,-1,-1,-1,-1
23, 18668.jpg,1,627,301,34,84,-1,-1,-1,-1
23, 18668.jpg,3,493,275,47,90,-1,-1,-1,-1
23, 18668.jpg,4,639,416,47,110,-1,-1,-1,-1
23, 18668.jpg,5,356,321,46,80,-1,-1,-1,-1
23, 18668.jpg,6,810,387,47,97,-1,-1,-1,-1
23, 18668.jpg,7,288,462,83,114,-1,-1,-1,-1
23, 18668.jpg,9,569,333,38,110,-1,-1,-1,-1
23, 18668.jpg,10,800,335,61,75,-1,-1,-1,-1
23, 18668.jpg,11,505,415,58,132,-1,-1,-1,-1
23, 18668.jpg,12,958,359,46,106,-1,-1,-1,-1
24, 18669.jpg,1,623,317,38,94,-1,-1,-1,-1
24, 18669.jpg,3,493,274,49,94,-1,-1,-1,-1
24, 18669.jpg,4,637,418,50,112,-1,-1,-1,-1
24, 18669.jpg,5,356,321,44,78,-1,-1,-1,-1
24, 18669.jpg,6,803,387,48,96,-1,-1,-1,-1
24, 18669.jpg,7,290,460,83,117,-1,-1,-1,-1
24, 18669.jpg,9,565,330,38,109,-1,-1,-1,-1
24, 18669.jpg,10,800,337,61,68,-1,-1,-1,-1
24, 18669.jpg,11,504,418,59,135,-1,-1,-1,-1
24, 18669.jpg,12,954,358,46,104,-1,-1,-1,-1
24, 18669.jpg,13,361,352,48,101,-1,-1,-1,-1
25, 18670.jpg,1,620,323,39,95,-1,-1,-1,-1
25, 18670.jpg,3,494,275,49,95,-1,-1,-1,-1
25, 18670.jpg,4,636,419,52,116,-1,-1,-1,-1
25, 18670.jpg,5,357,319,44,80,-1,-1,-1,-1
25, 18670.jpg,6,793,388,52,98,-1,-1,-1,-1
25, 18670.jpg,7,297,458,81,118,-1,-1,-1,-1
25, 18670.jpg,9,563,327,37,107,-1,-1,-1,-1
25, 18670.jpg,10,796,338,63,68,-1,-1,-1,-1
25, 18670.jpg,11,504,420,59,135,-1,-1,-1,-1
25, 18670.jpg,12,950,356,46,107,-1,-1,-1,-1
25, 18670.jpg,13,364,343,54,114,-1,-1,-1,-1
25, 18670.jpg,14,614,351,39,106,-1,-1,-1,-1
26, 18671.jpg,1,616,323,40,99,-1,-1,-1,-1
26, 18671.jpg,3,495,278,49,95,-1,-1,-1,-1
26, 18671.jpg,4,637,420,53,116,-1,-1,-1,-1
26, 18671.jpg,5,356,320,44,79,-1,-1,-1,-1
26, 18671.jpg,6,787,390,53,94,-1,-1,-1,-1
26, 18671.jpg,7,301,454,81,122,-1,-1,-1,-1
26, 18671.jpg,9,561,327,36,106,-1,-1,-1,-1
26, 18671.jpg,10,791,339,64,63,-1,-1,-1,-1
26, 18671.jpg,11,505,422,57,135,-1,-1,-1,-1
26, 18671.jpg,12,948,356,45,107,-1,-1,-1,-1
26, 18671.jpg,13,367,342,56,117,-1,-1,-1,-1
26, 18671.jpg,14,614,353,38,104,-1,-1,-1,-1
27, 18672.jpg,1,620,316,36,87,-1,-1,-1,-1
27, 18672.jpg,3,496,280,49,96,-1,-1,-1,-1
27, 18672.jpg,4,635,424,56,114,-1,-1,-1,-1
27, 18672.jpg,5,360,319,44,82,-1,-1,-1,-1
27, 18672.jpg,6,783,390,54,94,-1,-1,-1,-1
27, 18672.jpg,7,308,450,80,125,-1,-1,-1,-1
27, 18672.jpg,9,557,327,36,105,-1,-1,-1,-1
27, 18672.jpg,10,786,340,63,59,-1,-1,-1,-1
27, 18672.jpg,11,506,424,57,135,-1,-1,-1,-1
27, 18672.jpg,12,947,356,45,107,-1,-1,-1,-1
27, 18672.jpg,13,372,347,53,111,-1,-1,-1,-1
27, 18672.jpg,14,613,355,38,102,-1,-1,-1,-1
28, 18673.jpg,1,623,315,33,78,-1,-1,-1,-1
28, 18673.jpg,3,499,284,47,94,-1,-1,-1,-1
28, 18673.jpg,4,641,427,57,115,-1,-1,-1,-1
28, 18673.jpg,5,362,320,42,80,-1,-1,-1,-1
28, 18673.jpg,6,779,389,58,95,-1,-1,-1,-1
28, 18673.jpg,7,314,448,76,122,-1,-1,-1,-1
28, 18673.jpg,9,554,327,36,105,-1,-1,-1,-1
28, 18673.jpg,10,786,340,65,57,-1,-1,-1,-1
28, 18673.jpg,11,508,426,55,133,-1,-1,-1,-1
28, 18673.jpg,12,945,354,46,108,-1,-1,-1,-1
28, 18673.jpg,13,375,352,51,106,-1,-1,-1,-1
28, 18673.jpg,14,614,355,37,97,-1,-1,-1,-1
29, 18674.jpg,1,621,315,32,74,-1,-1,-1,-1
29, 18674.jpg,3,501,286,46,93,-1,-1,-1,-1
29, 18674.jpg,4,644,429,58,117,-1,-1,-1,-1
29, 18674.jpg,5,362,319,43,82,-1,-1,-1,-1
29, 18674.jpg,6,776,388,60,97,-1,-1,-1,-1
29, 18674.jpg,7,321,447,73,121,-1,-1,-1,-1
29, 18674.jpg,9,554,329,36,104,-1,-1,-1,-1
29, 18674.jpg,10,787,341,67,56,-1,-1,-1,-1
29, 18674.jpg,11,510,424,55,133,-1,-1,-1,-1
29, 18674.jpg,12,945,354,45,108,-1,-1,-1,-1
29, 18674.jpg,13,378,354,50,103,-1,-1,-1,-1
29, 18674.jpg,14,614,349,41,104,-1,-1,-1,-1
30, 18675.jpg,1,619,316,31,72,-1,-1,-1,-1
30, 18675.jpg,3,504,287,47,95,-1,-1,-1,-1
30, 18675.jpg,4,649,427,58,118,-1,-1,-1,-1
30, 18675.jpg,5,362,319,42,81,-1,-1,-1,-1
30, 18675.jpg,6,773,389,62,97,-1,-1,-1,-1
30, 18675.jpg,7,328,447,73,120,-1,-1,-1,-1
30, 18675.jpg,9,555,330,35,104,-1,-1,-1,-1
30, 18675.jpg,10,785,342,65,52,-1,-1,-1,-1
30, 18675.jpg,11,512,423,54,133,-1,-1,-1,-1
30, 18675.jpg,12,945,353,46,109,-1,-1,-1,-1
30, 18675.jpg,13,382,352,51,105,-1,-1,-1,-1
30, 18675.jpg,14,617,350,40,101,-1,-1,-1,-1
31, 18676.jpg,1,625,313,35,79,-1,-1,-1,-1
31, 18676.jpg,3,507,288,47,98,-1,-1,-1,-1
31, 18676.jpg,4,658,427,60,116,-1,-1,-1,-1
31, 18676.jpg,5,364,318,42,81,-1,-1,-1,-1
31, 18676.jpg,6,770,391,61,94,-1,-1,-1,-1
31, 18676.jpg,7,335,448,70,118,-1,-1,-1,-1
31, 18676.jpg,9,557,333,33,100,-1,-1,-1,-1
31, 18676.jpg,10,790,341,65,53,-1,-1,-1,-1
31, 18676.jpg,11,515,423,54,135,-1,-1,-1,-1
31, 18676.jpg,12,945,351,46,111,-1,-1,-1,-1
31, 18676.jpg,13,384,351,53,106,-1,-1,-1,-1
31, 18676.jpg,14,619,338,45,112,-1,-1,-1,-1
32, 18677.jpg,1,627,313,35,79,-1,-1,-1,-1
32, 18677.jpg,3,511,290,48,101,-1,-1,-1,-1
32, 18677.jpg,4,661,428,62,120,-1,-1,-1,-1
32, 18677.jpg,5,366,318,42,82,-1,-1,-1,-1
32, 18677.jpg,6,767,392,61,93,-1,-1,-1,-1
32, 18677.jpg,7,342,450,70,118,-1,-1,-1,-1
32, 18677.jpg,9,557,335,32,95,-1,-1,-1,-1
32, 18677.jpg,10,789,341,63,52,-1,-1,-1,-1
32, 18677.jpg,11,517,421,54,137,-1,-1,-1,-1
32, 18677.jpg,12,945,349,46,112,-1,-1,-1,-1
32, 18677.jpg,13,382,345,54,108,-1,-1,-1,-1
32, 18677.jpg,14,622,336,48,115,-1,-1,-1,-1
33, 18678.jpg,1,628,315,35,81,-1,-1,-1,-1
33, 18678.jpg,3,513,293,49,102,-1,-1,-1,-1
33, 18678.jpg,4,666,430,62,120,-1,-1,-1,-1
33, 18678.jpg,5,366,318,43,82,-1,-1,-1,-1
33, 18678.jpg,6,764,391,62,94,-1,-1,-1,-1
33, 18678.jpg,7,349,451,69,116,-1,-1,-1,-1
33, 18678.jpg,9,557,337,32,92,-1,-1,-1,-1
33, 18678.jpg,11,518,421,54,139,-1,-1,-1,-1
33, 18678.jpg,12,945,346,45,114,-1,-1,-1,-1
33, 18678.jpg,13,383,343,53,108,-1,-1,-1,-1
33, 18678.jpg,14,622,335,50,117,-1,-1,-1,-1
34, 18679.jpg,1,628,316,36,81,-1,-1,-1,-1
34, 18679.jpg,3,516,297,49,101,-1,-1,-1,-1
34, 18679.jpg,4,672,433,63,121,-1,-1,-1,-1
34, 18679.jpg,5,366,317,44,85,-1,-1,-1,-1
34, 18679.jpg,6,763,392,60,94,-1,-1,-1,-1
34, 18679.jpg,7,354,451,68,116,-1,-1,-1,-1
34, 18679.jpg,9,556,335,32,94,-1,-1,-1,-1
34, 18679.jpg,11,519,421,54,139,-1,-1,-1,-1
34, 18679.jpg,12,944,344,46,115,-1,-1,-1,-1
34, 18679.jpg,13,388,348,55,109,-1,-1,-1,-1
34, 18679.jpg,14,626,338,50,117,-1,-1,-1,-1
35, 18680.jpg,1,627,318,36,78,-1,-1,-1,-1
35, 18680.jpg,3,519,301,47,97,-1,-1,-1,-1
35, 18680.jpg,4,678,436,64,122,-1,-1,-1,-1
35, 18680.jpg,5,366,318,43,85,-1,-1,-1,-1
35, 18680.jpg,6,760,392,60,95,-1,-1,-1,-1
35, 18680.jpg,7,362,453,66,114,-1,-1,-1,-1
35, 18680.jpg,9,555,334,33,97,-1,-1,-1,-1
35, 18680.jpg,11,523,422,53,137,-1,-1,-1,-1
35, 18680.jpg,12,943,344,45,113,-1,-1,-1,-1
35, 18680.jpg,13,393,349,55,109,-1,-1,-1,-1
35, 18680.jpg,14,628,344,49,110,-1,-1,-1,-1
36, 18681.jpg,1,623,318,39,86,-1,-1,-1,-1
36, 18681.jpg,3,524,303,45,94,-1,-1,-1,-1
36, 18681.jpg,4,685,442,64,120,-1,-1,-1,-1
36, 18681.jpg,5,367,319,43,85,-1,-1,-1,-1
36, 18681.jpg,6,759,392,59,96,-1,-1,-1,-1
36, 18681.jpg,7,366,455,65,109,-1,-1,-1,-1
36, 18681.jpg,9,554,331,37,106,-1,-1,-1,-1
36, 18681.jpg,11,525,422,53,137,-1,-1,-1,-1
36, 18681.jpg,12,943,344,43,111,-1,-1,-1,-1
36, 18681.jpg,13,395,351,55,109,-1,-1,-1,-1
36, 18681.jpg,14,631,347,50,108,-1,-1,-1,-1
37, 18682.jpg,1,622,320,38,85,-1,-1,-1,-1
37, 18682.jpg,3,526,305,45,94,-1,-1,-1,-1
37, 18682.jpg,4,689,443,66,124,-1,-1,-1,-1
37, 18682.jpg,5,367,320,43,84,-1,-1,-1,-1
37, 18682.jpg,6,758,393,59,96,-1,-1,-1,-1
37, 18682.jpg,7,368,455,63,109,-1,-1,-1,-1
37, 18682.jpg,9,549,324,36,99,-1,-1,-1,-1
37, 18682.jpg,11,528,424,51,134,-1,-1,-1,-1
37, 18682.jpg,12,940,344,45,112,-1,-1,-1,-1
37, 18682.jpg,13,397,354,54,105,-1,-1,-1,-1
37, 18682.jpg,14,632,344,50,107,-1,-1,-1,-1
38, 18683.jpg,1,619,324,37,83,-1,-1,-1,-1
38, 18683.jpg,3,530,305,44,92,-1,-1,-1,-1
38, 18683.jpg,4,693,445,67,126,-1,-1,-1,-1
38, 18683.jpg,5,367,321,43,84,-1,-1,-1,-1
38, 18683.jpg,6,760,393,58,97,-1,-1,-1,-1
38, 18683.jpg,7,368,454,64,110,-1,-1,-1,-1
38, 18683.jpg,8,374,343,72,96,-1,-1,-1,-1
38, 18683.jpg,9,551,333,37,101,-1,-1,-1,-1
38, 18683.jpg,11,530,425,51,134,-1,-1,-1,-1
38, 18683.jpg,12,938,345,45,108,-1,-1,-1,-1
38, 18683.jpg,13,400,354,54,106,-1,-1,-1,-1
38, 18683.jpg,14,646,352,48,102,-1,-1,-1,-1
39, 18684.jpg,1,618,327,37,85,-1,-1,-1,-1
39, 18684.jpg,3,533,307,44,94,-1,-1,-1,-1
39, 18684.jpg,4,696,450,67,124,-1,-1,-1,-1
39, 18684.jpg,5,368,322,43,83,-1,-1,-1,-1
39, 18684.jpg,6,759,391,59,102,-1,-1,-1,-1
39, 18684.jpg,7,369,455,62,107,-1,-1,-1,-1
39, 18684.jpg,8,386,356,70,95,-1,-1,-1,-1
39, 18684.jpg,9,552,335,37,101,-1,-1,-1,-1
39, 18684.jpg,10,776,330,72,60,-1,-1,-1,-1
39, 18684.jpg,11,531,423,51,134,-1,-1,-1,-1
39, 18684.jpg,12,936,346,45,105,-1,-1,-1,-1
39, 18684.jpg,14,642,345,48,105,-1,-1,-1,-1
40, 18685.jpg,1,619,330,36,84,-1,-1,-1,-1
40, 18685.jpg,3,536,311,42,91,-1,-1,-1,-1
40, 18685.jpg,4,701,454,67,124,-1,-1,-1,-1
40, 18685.jpg,5,368,322,43,83,-1,-1,-1,-1
40, 18685.jpg,6,760,391,57,101,-1,-1,-1,-1
40, 18685.jpg,7,369,455,62,106,-1,-1,-1,-1
40, 18685.jpg,8,380,349,68,94,-1,-1,-1,-1
40, 18685.jpg,9,551,335,37,102,-1,-1,-1,-1
40, 18685.jpg,10,775,328,75,62,-1,-1,-1,-1
40, 18685.jpg,11,533,421,52,138,-1,-1,-1,-1
40, 18685.jpg,12,932,350,46,100,-1,-1,-1,-1
40, 18685.jpg,14,650,350,48,104,-1,-1,-1,-1
