2, 50712.jpg,1,1156,558,54,169,-1,-1,-1,-1
2, 50712.jpg,2,762,510,97,159,-1,-1,-1,-1
2, 50712.jpg,3,1475,645,57,149,-1,-1,-1,-1
2, 50712.jpg,4,1129,503,60,133,-1,-1,-1,-1
2, 50712.jpg,5,822,616,93,140,-1,-1,-1,-1
2, 50712.jpg,7,1607,543,62,154,-1,-1,-1,-1
2, 50712.jpg,8,1509,478,68,156,-1,-1,-1,-1
2, 50712.jpg,9,420,636,95,179,-1,-1,-1,-1
2, 50712.jpg,10,611,533,72,164,-1,-1,-1,-1
2, 50712.jpg,11,634,724,57,96,-1,-1,-1,-1
3, 50713.jpg,1,1168,579,53,163,-1,-1,-1,-1
3, 50713.jpg,2,748,512,97,161,-1,-1,-1,-1
3, 50713.jpg,3,1466,649,56,147,-1,-1,-1,-1
3, 50713.jpg,4,1118,503,62,139,-1,-1,-1,-1
3, 50713.jpg,5,808,618,91,139,-1,-1,-1,-1
3, 50713.jpg,7,1597,539,61,153,-1,-1,-1,-1
3, 50713.jpg,8,1499,478,67,155,-1,-1,-1,-1
3, 50713.jpg,9,415,632,96,182,-1,-1,-1,-1
3, 50713.jpg,10,604,534,72,164,-1,-1,-1,-1
3, 50713.jpg,11,630,727,55,93,-1,-1,-1,-1
4, 50714.jpg,1,1166,586,53,166,-1,-1,-1,-1
4, 50714.jpg,2,739,517,95,159,-1,-1,-1,-1
4, 50714.jpg,3,1458,653,57,149,-1,-1,-1,-1
4, 50714.jpg,4,1110,510,70,159,-1,-1,-1,-1
4, 50714.jpg,5,792,621,91,140,-1,-1,-1,-1
4, 50714.jpg,7,1583,539,61,150,-1,-1,-1,-1
4, 50714.jpg,8,1491,479,68,157,-1,-1,-1,-1
4, 50714.jpg,9,408,633,96,181,-1,-1,-1,-1
4, 50714.jpg,10,595,536,72,167,-1,-1,-1,-1
4, 50714.jpg,11,621,727,58,98,-1,-1,-1,-1
5, 50715.jpg,1,1159,591,53,165,-1,-1,-1,-1
5, 50715.jpg,2,722,519,100,169,-1,-1,-1,-1
5, 50715.jpg,3,1447,656,57,146,-1,-1,-1,-1
5, 50715.jpg,4,1093,504,70,158,-1,-1,-1,-1
5, 50715.jpg,5,771,625,94,146,-1,-1,-1,-1
5, 50715.jpg,7,1573,539,60,147,-1,-1,-1,-1
5, 50715.jpg,8,1483,480,67,158,-1,-1,-1,-1
5, 50715.jpg,9,406,630,95,182,-1,-1,-1,-1
5, 50715.jpg,10,588,540,71,165,-1,-1,-1,-1
5, 50715.jpg,11,615,727,61,102,-1,-1,-1,-1
6, 50716.jpg,1,1154,596,53,162,-1,-1,-1,-1
6, 50716.jpg,2,712,521,101,172,-1,-1,-1,-1
6, 50716.jpg,3,1440,659,55,145,-1,-1,-1,-1
6, 50716.jpg,4,1082,505,76,173,-1,-1,-1,-1
6, 50716.jpg,5,753,630,94,148,-1,-1,-1,-1
6, 50716.jpg,7,1559,538,62,149,-1,-1,-1,-1
6, 50716.jpg,8,1474,482,66,154,-1,-1,-1,-1
6, 50716.jpg,9,402,630,92,179,-1,-1,-1,-1
6, 50716.jpg,10,582,540,72,169,-1,-1,-1,-1
6, 50716.jpg,11,609,727,63,104,-1,-1,-1,-1
7, 50717.jpg,1,1145,596,55,167,-1,-1,-1,-1
7, 50717.jpg,2,704,524,100,170,-1,-1,-1,-1
7, 50717.jpg,3,1430,662,56,146,-1,-1,-1,-1
7, 50717.jpg,4,1076,512,81,186,-1,-1,-1,-1
7, 50717.jpg,5,738,634,93,147,-1,-1,-1,-1
7, 50717.jpg,7,1550,538,62,150,-1,-1,-1,-1
7, 50717.jpg,8,1467,486,65,153,-1,-1,-1,-1
7, 50717.jpg,9,402,631,89,177,-1,-1,-1,-1
7, 50717.jpg,10,575,544,71,167,-1,-1,-1,-1
7, 50717.jpg,11,604,726,69,114,-1,-1,-1,-1
8, 50718.jpg,1,1136,600,55,168,-1,-1,-1,-1
8, 50718.jpg,2,697,527,99,170,-1,-1,-1,-1
8, 50718.jpg,3,1417,663,60,153,-1,-1,-1,-1
8, 50718.jpg,4,1067,513,85,196,-1,-1,-1,-1
8, 50718.jpg,5,730,643,86,139,-1,-1,-1,-1
8, 50718.jpg,7,1536,537,63,152,-1,-1,-1,-1
8, 50718.jpg,8,1460,488,64,153,-1,-1,-1,-1
8, 50718.jpg,9,397,633,86,176,-1,-1,-1,-1
8, 50718.jpg,10,568,545,72,170,-1,-1,-1,-1
8, 50718.jpg,11,600,728,72,118,-1,-1,-1,-1
9, 50719.jpg,1,1130,601,56,167,-1,-1,-1,-1
9, 50719.jpg,2,685,528,98,170,-1,-1,-1,-1
9, 50719.jpg,3,1411,668,59,151,-1,-1,-1,-1
9, 50719.jpg,5,717,644,84,137,-1,-1,-1,-1
9, 50719.jpg,7,1526,535,63,153,-1,-1,-1,-1
9, 50719.jpg,8,1452,489,64,155,-1,-1,-1,-1
9, 50719.jpg,9,395,634,84,174,-1,-1,-1,-1
9, 50719.jpg,10,564,549,71,166,-1,-1,-1,-1
9, 50719.jpg,11,595,729,76,124,-1,-1,-1,-1
10, 50720.jpg,1,1122,600,56,167,-1,-1,-1,-1
10, 50720.jpg,2,668,528,100,175,-1,-1,-1,-1
10, 50720.jpg,3,1403,670,61,152,-1,-1,-1,-1
10, 50720.jpg,5,691,608,93,156,-1,-1,-1,-1
10, 50720.jpg,7,1513,535,64,154,-1,-1,-1,-1
10, 50720.jpg,8,1443,494,63,152,-1,-1,-1,-1
10, 50720.jpg,9,393,634,84,174,-1,-1,-1,-1
10, 50720.jpg,10,563,552,69,160,-1,-1,-1,-1
10, 50720.jpg,11,588,733,77,125,-1,-1,-1,-1
10, 50720.jpg,13,1045,504,47,148,-1,-1,-1,-1
11, 50721.jpg,1,1117,605,55,160,-1,-1,-1,-1
11, 50721.jpg,2,657,529,102,180,-1,-1,-1,-1
11, 50721.jpg,3,1394,673,62,152,-1,-1,-1,-1
11, 50721.jpg,4,1050,545,68,161,-1,-1,-1,-1
11, 50721.jpg,5,679,633,87,148,-1,-1,-1,-1
11, 50721.jpg,7,1503,534,64,155,-1,-1,-1,-1
11, 50721.jpg,8,1437,496,62,150,-1,-1,-1,-1
11, 50721.jpg,9,391,636,85,173,-1,-1,-1,-1
11, 50721.jpg,10,559,556,70,158,-1,-1,-1,-1
11, 50721.jpg,11,582,736,79,129,-1,-1,-1,-1
11, 50721.jpg,13,1036,506,43,137,-1,-1,-1,-1
12, 50722.jpg,1,1111,606,55,161,-1,-1,-1,-1
12, 50722.jpg,2,646,530,103,183,-1,-1,-1,-1
12, 50722.jpg,3,1388,678,63,152,-1,-1,-1,-1
12, 50722.jpg,4,1053,552,62,145,-1,-1,-1,-1
12, 50722.jpg,5,664,607,91,157,-1,-1,-1,-1
12, 50722.jpg,7,1496,535,63,155,-1,-1,-1,-1
12, 50722.jpg,8,1429,497,62,151,-1,-1,-1,-1
12, 50722.jpg,9,386,637,86,172,-1,-1,-1,-1
12, 50722.jpg,10,541,562,72,164,-1,-1,-1,-1
12, 50722.jpg,11,576,738,82,135,-1,-1,-1,-1
12, 50722.jpg,13,1027,506,44,138,-1,-1,-1,-1
13, 50723.jpg,1,1105,609,55,158,-1,-1,-1,-1
13, 50723.jpg,2,645,540,91,163,-1,-1,-1,-1
13, 50723.jpg,3,1384,681,64,154,-1,-1,-1,-1
13, 50723.jpg,4,1035,541,67,158,-1,-1,-1,-1
13, 50723.jpg,5,652,640,87,148,-1,-1,-1,-1
13, 50723.jpg,7,1487,536,62,153,-1,-1,-1,-1
13, 50723.jpg,8,1423,499,61,151,-1,-1,-1,-1
13, 50723.jpg,9,383,639,86,170,-1,-1,-1,-1
13, 50723.jpg,10,533,567,71,162,-1,-1,-1,-1
13, 50723.jpg,11,573,741,83,139,-1,-1,-1,-1
13, 50723.jpg,13,1020,512,44,137,-1,-1,-1,-1
14, 50724.jpg,1,1102,610,55,157,-1,-1,-1,-1
14, 50724.jpg,2,636,540,93,167,-1,-1,-1,-1
14, 50724.jpg,3,1379,684,67,156,-1,-1,-1,-1
14, 50724.jpg,4,1020,535,62,145,-1,-1,-1,-1
14, 50724.jpg,5,634,650,91,157,-1,-1,-1,-1
14, 50724.jpg,7,1480,537,61,151,-1,-1,-1,-1
14, 50724.jpg,8,1419,500,61,153,-1,-1,-1,-1
14, 50724.jpg,9,379,643,88,167,-1,-1,-1,-1
14, 50724.jpg,10,545,568,71,155,-1,-1,-1,-1
14, 50724.jpg,11,571,744,81,140,-1,-1,-1,-1
14, 50724.jpg,13,1013,515,44,135,-1,-1,-1,-1
15, 50725.jpg,1,1098,612,56,158,-1,-1,-1,-1
15, 50725.jpg,2,625,545,94,167,-1,-1,-1,-1
15, 50725.jpg,3,1373,687,68,154,-1,-1,-1,-1
15, 50725.jpg,4,1019,539,68,157,-1,-1,-1,-1
15, 50725.jpg,5,629,630,94,166,-1,-1,-1,-1
15, 50725.jpg,7,1472,538,60,151,-1,-1,-1,-1
15, 50725.jpg,8,1415,500,60,149,-1,-1,-1,-1
15, 50725.jpg,9,376,644,89,166,-1,-1,-1,-1
15, 50725.jpg,10,560,568,66,144,-1,-1,-1,-1
15, 50725.jpg,11,566,745,81,142,-1,-1,-1,-1
15, 50725.jpg,13,1008,516,43,133,-1,-1,-1,-1
16, 50726.jpg,1,1094,612,59,164,-1,-1,-1,-1
16, 50726.jpg,2,625,549,90,161,-1,-1,-1,-1
16, 50726.jpg,3,1371,691,71,158,-1,-1,-1,-1
16, 50726.jpg,4,1007,533,65,153,-1,-1,-1,-1
16, 50726.jpg,5,617,656,92,165,-1,-1,-1,-1
16, 50726.jpg,7,1467,538,60,151,-1,-1,-1,-1
16, 50726.jpg,8,1410,499,61,153,-1,-1,-1,-1
16, 50726.jpg,9,373,644,92,167,-1,-1,-1,-1
16, 50726.jpg,10,571,565,68,144,-1,-1,-1,-1
16, 50726.jpg,11,563,745,82,148,-1,-1,-1,-1
16, 50726.jpg,13,1001,518,43,132,-1,-1,-1,-1
17, 50727.jpg,1,1092,615,60,165,-1,-1,-1,-1
17, 50727.jpg,2,622,552,91,166,-1,-1,-1,-1
17, 50727.jpg,3,1368,694,71,153,-1,-1,-1,-1
17, 50727.jpg,4,1013,543,67,157,-1,-1,-1,-1
17, 50727.jpg,5,610,672,89,159,-1,-1,-1,-1
17, 50727.jpg,7,1449,529,61,152,-1,-1,-1,-1
17, 50727.jpg,8,1405,501,60,151,-1,-1,-1,-1
17, 50727.jpg,9,370,642,94,170,-1,-1,-1,-1
17, 50727.jpg,10,570,567,67,142,-1,-1,-1,-1
17, 50727.jpg,11,560,745,82,152,-1,-1,-1,-1
17, 50727.jpg,13,995,515,44,135,-1,-1,-1,-1
17, 50727.jpg,15,1046,884,70,167,-1,-1,-1,-1
18, 50728.jpg,1,1090,618,61,163,-1,-1,-1,-1
18, 50728.jpg,2,617,551,93,175,-1,-1,-1,-1
18, 50728.jpg,3,1367,697,72,151,-1,-1,-1,-1
18, 50728.jpg,4,1016,548,65,157,-1,-1,-1,-1
18, 50728.jpg,5,588,700,90,162,-1,-1,-1,-1
18, 50728.jpg,7,1427,522,61,150,-1,-1,-1,-1
18, 50728.jpg,8,1399,502,60,151,-1,-1,-1,-1
18, 50728.jpg,9,369,641,96,172,-1,-1,-1,-1
18, 50728.jpg,10,543,568,74,153,-1,-1,-1,-1
18, 50728.jpg,11,555,746,85,155,-1,-1,-1,-1
18, 50728.jpg,13,994,525,49,147,-1,-1,-1,-1
18, 50728.jpg,19,517,577,61,162,-1,-1,-1,-1
19, 50729.jpg,1,1086,619,64,166,-1,-1,-1,-1
19, 50729.jpg,2,614,558,88,167,-1,-1,-1,-1
19, 50729.jpg,3,1364,697,74,152,-1,-1,-1,-1
19, 50729.jpg,4,1001,545,66,157,-1,-1,-1,-1
19, 50729.jpg,5,576,707,93,169,-1,-1,-1,-1
19, 50729.jpg,7,1416,519,63,148,-1,-1,-1,-1
19, 50729.jpg,9,369,642,96,171,-1,-1,-1,-1
19, 50729.jpg,10,533,570,78,157,-1,-1,-1,-1
19, 50729.jpg,13,989,528,49,148,-1,-1,-1,-1
19, 50729.jpg,19,511,579,61,163,-1,-1,-1,-1
20, 50730.jpg,1,1084,620,66,168,-1,-1,-1,-1
20, 50730.jpg,2,609,559,90,172,-1,-1,-1,-1
20, 50730.jpg,3,1362,698,76,151,-1,-1,-1,-1
20, 50730.jpg,4,993,541,66,156,-1,-1,-1,-1
20, 50730.jpg,5,583,702,81,150,-1,-1,-1,-1
20, 50730.jpg,7,1427,527,61,147,-1,-1,-1,-1
20, 50730.jpg,8,1396,505,60,148,-1,-1,-1,-1
20, 50730.jpg,9,368,640,97,174,-1,-1,-1,-1
20, 50730.jpg,10,528,569,81,159,-1,-1,-1,-1
20, 50730.jpg,11,554,751,84,158,-1,-1,-1,-1
20, 50730.jpg,19,508,580,62,166,-1,-1,-1,-1
21, 50731.jpg,1,1083,621,67,167,-1,-1,-1,-1
21, 50731.jpg,2,608,562,86,169,-1,-1,-1,-1
21, 50731.jpg,3,1359,698,80,156,-1,-1,-1,-1
21, 50731.jpg,4,1001,549,67,163,-1,-1,-1,-1
21, 50731.jpg,5,573,711,83,154,-1,-1,-1,-1
21, 50731.jpg,7,1430,527,61,151,-1,-1,-1,-1
21, 50731.jpg,8,1396,505,60,148,-1,-1,-1,-1
21, 50731.jpg,9,371,638,97,176,-1,-1,-1,-1
21, 50731.jpg,10,540,566,80,157,-1,-1,-1,-1
21, 50731.jpg,11,550,752,85,162,-1,-1,-1,-1
21, 50731.jpg,13,976,525,46,137,-1,-1,-1,-1
21, 50731.jpg,19,506,582,62,166,-1,-1,-1,-1
22, 50732.jpg,1,1084,623,68,164,-1,-1,-1,-1
22, 50732.jpg,2,607,567,82,162,-1,-1,-1,-1
22, 50732.jpg,3,1360,696,83,160,-1,-1,-1,-1
22, 50732.jpg,4,1002,552,68,165,-1,-1,-1,-1
22, 50732.jpg,5,560,726,90,170,-1,-1,-1,-1
22, 50732.jpg,7,1427,525,60,151,-1,-1,-1,-1
22, 50732.jpg,8,1395,508,63,149,-1,-1,-1,-1
22, 50732.jpg,9,376,637,94,176,-1,-1,-1,-1
22, 50732.jpg,10,525,575,81,158,-1,-1,-1,-1
22, 50732.jpg,13,972,526,44,132,-1,-1,-1,-1
22, 50732.jpg,19,503,583,63,168,-1,-1,-1,-1
23, 50733.jpg,1,1085,623,68,163,-1,-1,-1,-1
23, 50733.jpg,2,583,569,82,158,-1,-1,-1,-1
23, 50733.jpg,3,1361,694,86,164,-1,-1,-1,-1
23, 50733.jpg,4,1005,556,69,166,-1,-1,-1,-1
23, 50733.jpg,5,553,732,92,177,-1,-1,-1,-1
23, 50733.jpg,7,1419,521,62,152,-1,-1,-1,-1
23, 50733.jpg,8,1391,509,62,149,-1,-1,-1,-1
23, 50733.jpg,9,380,637,91,175,-1,-1,-1,-1
23, 50733.jpg,10,524,573,83,161,-1,-1,-1,-1
23, 50733.jpg,13,968,526,44,132,-1,-1,-1,-1
24, 50734.jpg,1,1085,625,69,161,-1,-1,-1,-1
24, 50734.jpg,2,577,570,82,155,-1,-1,-1,-1
24, 50734.jpg,3,1362,694,87,166,-1,-1,-1,-1
24, 50734.jpg,4,1004,558,67,166,-1,-1,-1,-1
24, 50734.jpg,5,553,742,88,171,-1,-1,-1,-1
24, 50734.jpg,7,1401,512,65,157,-1,-1,-1,-1
24, 50734.jpg,9,388,636,88,176,-1,-1,-1,-1
24, 50734.jpg,10,502,581,85,167,-1,-1,-1,-1
24, 50734.jpg,13,964,526,45,134,-1,-1,-1,-1
25, 50735.jpg,1,1085,625,70,161,-1,-1,-1,-1
25, 50735.jpg,2,592,570,82,159,-1,-1,-1,-1
25, 50735.jpg,3,1364,697,86,163,-1,-1,-1,-1
25, 50735.jpg,4,1004,560,66,163,-1,-1,-1,-1
25, 50735.jpg,5,552,736,93,184,-1,-1,-1,-1
25, 50735.jpg,7,1395,509,69,161,-1,-1,-1,-1
25, 50735.jpg,9,393,636,86,174,-1,-1,-1,-1
25, 50735.jpg,10,493,585,85,169,-1,-1,-1,-1
25, 50735.jpg,13,962,527,45,133,-1,-1,-1,-1
25, 50735.jpg,19,556,577,57,148,-1,-1,-1,-1
26, 50736.jpg,1,1087,624,70,162,-1,-1,-1,-1
26, 50736.jpg,2,598,571,81,160,-1,-1,-1,-1
26, 50736.jpg,3,1368,698,88,166,-1,-1,-1,-1
26, 50736.jpg,4,1005,560,66,165,-1,-1,-1,-1
26, 50736.jpg,5,555,731,94,188,-1,-1,-1,-1
26, 50736.jpg,7,1392,509,70,159,-1,-1,-1,-1
26, 50736.jpg,9,399,636,85,174,-1,-1,-1,-1
26, 50736.jpg,10,511,583,85,165,-1,-1,-1,-1
26, 50736.jpg,13,959,529,45,134,-1,-1,-1,-1
26, 50736.jpg,15,1081,877,85,189,-1,-1,-1,-1
26, 50736.jpg,19,561,576,56,148,-1,-1,-1,-1
27, 50737.jpg,1,1091,625,70,162,-1,-1,-1,-1
27, 50737.jpg,2,600,570,81,162,-1,-1,-1,-1
27, 50737.jpg,3,1370,702,88,163,-1,-1,-1,-1
27, 50737.jpg,4,1006,562,66,165,-1,-1,-1,-1
27, 50737.jpg,5,557,730,95,189,-1,-1,-1,-1
27, 50737.jpg,7,1394,507,73,163,-1,-1,-1,-1
27, 50737.jpg,9,405,634,86,175,-1,-1,-1,-1
27, 50737.jpg,10,515,584,87,166,-1,-1,-1,-1
27, 50737.jpg,13,959,528,44,136,-1,-1,-1,-1
27, 50737.jpg,15,1096,878,79,173,-1,-1,-1,-1
28, 50738.jpg,1,1095,624,70,164,-1,-1,-1,-1
28, 50738.jpg,2,603,569,80,165,-1,-1,-1,-1
28, 50738.jpg,3,1377,702,89,164,-1,-1,-1,-1
28, 50738.jpg,4,1009,561,67,168,-1,-1,-1,-1
28, 50738.jpg,5,559,731,94,188,-1,-1,-1,-1
28, 50738.jpg,7,1398,506,73,160,-1,-1,-1,-1
28, 50738.jpg,9,434,620,92,183,-1,-1,-1,-1
28, 50738.jpg,10,510,585,89,168,-1,-1,-1,-1
28, 50738.jpg,13,956,528,45,137,-1,-1,-1,-1
28, 50738.jpg,15,1105,877,81,173,-1,-1,-1,-1
28, 50738.jpg,19,554,577,57,146,-1,-1,-1,-1
29, 50739.jpg,1,1103,623,69,164,-1,-1,-1,-1
29, 50739.jpg,2,590,573,80,165,-1,-1,-1,-1
29, 50739.jpg,3,1383,704,89,163,-1,-1,-1,-1
29, 50739.jpg,4,1009,561,68,169,-1,-1,-1,-1
29, 50739.jpg,5,559,730,96,188,-1,-1,-1,-1
29, 50739.jpg,7,1401,506,74,163,-1,-1,-1,-1
29, 50739.jpg,9,452,606,94,182,-1,-1,-1,-1
29, 50739.jpg,10,507,587,89,169,-1,-1,-1,-1
29, 50739.jpg,13,955,529,46,138,-1,-1,-1,-1
29, 50739.jpg,15,1108,877,83,174,-1,-1,-1,-1
29, 50739.jpg,19,557,578,59,150,-1,-1,-1,-1
30, 50740.jpg,1,1108,624,69,164,-1,-1,-1,-1
30, 50740.jpg,2,600,573,77,164,-1,-1,-1,-1
30, 50740.jpg,3,1391,706,88,161,-1,-1,-1,-1
30, 50740.jpg,4,1013,564,66,162,-1,-1,-1,-1
30, 50740.jpg,5,561,734,95,183,-1,-1,-1,-1
30, 50740.jpg,7,1405,505,77,169,-1,-1,-1,-1
30, 50740.jpg,9,476,593,93,179,-1,-1,-1,-1
30, 50740.jpg,13,957,530,46,138,-1,-1,-1,-1
30, 50740.jpg,15,1113,877,82,171,-1,-1,-1,-1
30, 50740.jpg,19,558,579,60,149,-1,-1,-1,-1
31, 50741.jpg,1,1114,624,67,166,-1,-1,-1,-1
31, 50741.jpg,2,587,575,78,164,-1,-1,-1,-1
31, 50741.jpg,3,1398,708,86,159,-1,-1,-1,-1
31, 50741.jpg,4,1017,563,65,162,-1,-1,-1,-1
31, 50741.jpg,5,561,737,94,178,-1,-1,-1,-1
31, 50741.jpg,7,1409,508,74,166,-1,-1,-1,-1
31, 50741.jpg,9,468,602,95,178,-1,-1,-1,-1
31, 50741.jpg,13,959,529,47,141,-1,-1,-1,-1
31, 50741.jpg,15,1117,875,81,171,-1,-1,-1,-1
31, 50741.jpg,19,561,579,59,148,-1,-1,-1,-1
32, 50742.jpg,1,1118,625,67,167,-1,-1,-1,-1
32, 50742.jpg,2,580,578,79,161,-1,-1,-1,-1
32, 50742.jpg,3,1405,706,87,160,-1,-1,-1,-1
32, 50742.jpg,4,1019,565,65,162,-1,-1,-1,-1
32, 50742.jpg,5,561,734,95,178,-1,-1,-1,-1
32, 50742.jpg,7,1414,513,69,159,-1,-1,-1,-1
32, 50742.jpg,9,494,589,92,173,-1,-1,-1,-1
32, 50742.jpg,13,958,528,49,145,-1,-1,-1,-1
32, 50742.jpg,15,1121,875,83,173,-1,-1,-1,-1
33, 50743.jpg,1,1122,622,69,174,-1,-1,-1,-1
33, 50743.jpg,2,585,578,74,155,-1,-1,-1,-1
33, 50743.jpg,3,1412,705,84,159,-1,-1,-1,-1
33, 50743.jpg,4,1021,563,68,169,-1,-1,-1,-1
33, 50743.jpg,5,560,734,95,176,-1,-1,-1,-1
33, 50743.jpg,7,1420,511,67,159,-1,-1,-1,-1
33, 50743.jpg,9,507,584,92,172,-1,-1,-1,-1
33, 50743.jpg,10,437,623,93,177,-1,-1,-1,-1
33, 50743.jpg,11,542,722,81,157,-1,-1,-1,-1
33, 50743.jpg,13,957,529,50,148,-1,-1,-1,-1
33, 50743.jpg,15,1123,874,84,176,-1,-1,-1,-1
33, 50743.jpg,19,563,577,59,149,-1,-1,-1,-1
33, 50743.jpg,22,515,325,40,114,-1,-1,-1,-1
34, 50744.jpg,1,1125,621,70,175,-1,-1,-1,-1
34, 50744.jpg,2,579,580,77,157,-1,-1,-1,-1
34, 50744.jpg,3,1418,705,82,158,-1,-1,-1,-1
34, 50744.jpg,4,1024,564,68,170,-1,-1,-1,-1
34, 50744.jpg,5,562,734,94,174,-1,-1,-1,-1
34, 50744.jpg,7,1423,512,65,157,-1,-1,-1,-1
34, 50744.jpg,9,517,580,90,171,-1,-1,-1,-1
34, 50744.jpg,10,450,616,94,179,-1,-1,-1,-1
34, 50744.jpg,11,544,723,76,150,-1,-1,-1,-1
34, 50744.jpg,13,956,529,51,150,-1,-1,-1,-1
34, 50744.jpg,15,1125,873,84,178,-1,-1,-1,-1
34, 50744.jpg,19,566,578,58,148,-1,-1,-1,-1
34, 50744.jpg,22,514,326,38,109,-1,-1,-1,-1
35, 50745.jpg,1,1128,621,70,176,-1,-1,-1,-1
35, 50745.jpg,2,575,581,78,158,-1,-1,-1,-1
35, 50745.jpg,3,1421,706,82,157,-1,-1,-1,-1
35, 50745.jpg,4,1024,565,68,171,-1,-1,-1,-1
35, 50745.jpg,5,559,737,94,173,-1,-1,-1,-1
35, 50745.jpg,7,1422,511,65,157,-1,-1,-1,-1
35, 50745.jpg,10,444,620,95,179,-1,-1,-1,-1
35, 50745.jpg,11,542,722,76,150,-1,-1,-1,-1
35, 50745.jpg,13,954,529,51,152,-1,-1,-1,-1
35, 50745.jpg,15,1130,873,83,178,-1,-1,-1,-1
35, 50745.jpg,19,569,579,57,146,-1,-1,-1,-1
35, 50745.jpg,22,513,325,38,108,-1,-1,-1,-1
