2, 19727.jpg,1,880,594,65,137,-1,-1,-1,-1
2, 19727.jpg,2,1221,608,91,137,-1,-1,-1,-1
2, 19727.jpg,3,1202,509,77,113,-1,-1,-1,-1
2, 19727.jpg,5,957,546,57,144,-1,-1,-1,-1
2, 19727.jpg,6,1284,727,112,186,-1,-1,-1,-1
2, 19727.jpg,7,870,508,51,134,-1,-1,-1,-1
2, 19727.jpg,8,443,656,101,162,-1,-1,-1,-1
2, 19727.jpg,9,633,528,52,139,-1,-1,-1,-1
2, 19727.jpg,10,1369,623,95,123,-1,-1,-1,-1
3, 19728.jpg,1,876,589,65,138,-1,-1,-1,-1
3, 19728.jpg,2,1189,619,89,135,-1,-1,-1,-1
3, 19728.jpg,3,1208,512,72,105,-1,-1,-1,-1
3, 19728.jpg,5,958,546,56,142,-1,-1,-1,-1
3, 19728.jpg,6,1289,730,112,184,-1,-1,-1,-1
3, 19728.jpg,7,876,519,46,119,-1,-1,-1,-1
3, 19728.jpg,8,449,661,99,157,-1,-1,-1,-1
3, 19728.jpg,9,625,529,52,139,-1,-1,-1,-1
3, 19728.jpg,10,1380,626,95,124,-1,-1,-1,-1
3, 19728.jpg,11,872,650,51,154,-1,-1,-1,-1
4, 19729.jpg,1,873,586,66,141,-1,-1,-1,-1
4, 19729.jpg,2,1181,627,84,128,-1,-1,-1,-1
4, 19729.jpg,3,1211,516,67,96,-1,-1,-1,-1
4, 19729.jpg,5,960,546,55,141,-1,-1,-1,-1
4, 19729.jpg,6,1288,738,109,177,-1,-1,-1,-1
4, 19729.jpg,7,879,527,44,113,-1,-1,-1,-1
4, 19729.jpg,8,467,668,98,155,-1,-1,-1,-1
4, 19729.jpg,9,615,530,54,144,-1,-1,-1,-1
4, 19729.jpg,10,1384,629,95,121,-1,-1,-1,-1
4, 19729.jpg,11,872,651,51,152,-1,-1,-1,-1
4, 19729.jpg,12,1281,574,58,136,-1,-1,-1,-1
5, 19730.jpg,1,874,554,69,150,-1,-1,-1,-1
5, 19730.jpg,2,1177,633,81,122,-1,-1,-1,-1
5, 19730.jpg,3,1212,519,66,92,-1,-1,-1,-1
5, 19730.jpg,5,960,546,56,143,-1,-1,-1,-1
5, 19730.jpg,6,1288,742,107,174,-1,-1,-1,-1
5, 19730.jpg,7,882,534,41,106,-1,-1,-1,-1
5, 19730.jpg,8,474,669,98,156,-1,-1,-1,-1
5, 19730.jpg,9,606,533,54,142,-1,-1,-1,-1
5, 19730.jpg,10,1387,630,96,120,-1,-1,-1,-1
5, 19730.jpg,11,872,650,50,153,-1,-1,-1,-1
5, 19730.jpg,12,1283,573,56,133,-1,-1,-1,-1
5, 19730.jpg,13,410,626,84,127,-1,-1,-1,-1
6, 19731.jpg,1,876,545,69,149,-1,-1,-1,-1
6, 19731.jpg,2,1174,635,82,123,-1,-1,-1,-1
6, 19731.jpg,3,1211,518,66,92,-1,-1,-1,-1
6, 19731.jpg,5,963,550,55,139,-1,-1,-1,-1
6, 19731.jpg,6,1289,737,110,178,-1,-1,-1,-1
6, 19731.jpg,8,478,673,93,147,-1,-1,-1,-1
6, 19731.jpg,9,600,536,53,136,-1,-1,-1,-1
6, 19731.jpg,10,1389,631,97,121,-1,-1,-1,-1
6, 19731.jpg,11,871,647,52,156,-1,-1,-1,-1
6, 19731.jpg,12,1287,572,55,131,-1,-1,-1,-1
6, 19731.jpg,13,406,626,85,129,-1,-1,-1,-1
7, 19732.jpg,1,873,572,67,144,-1,-1,-1,-1
7, 19732.jpg,2,1167,631,88,131,-1,-1,-1,-1
7, 19732.jpg,3,1208,516,72,97,-1,-1,-1,-1
7, 19732.jpg,5,965,552,55,138,-1,-1,-1,-1
7, 19732.jpg,6,1286,736,110,178,-1,-1,-1,-1
7, 19732.jpg,8,484,673,90,144,-1,-1,-1,-1
7, 19732.jpg,9,593,541,53,132,-1,-1,-1,-1
7, 19732.jpg,10,1385,631,97,120,-1,-1,-1,-1
7, 19732.jpg,11,871,646,52,157,-1,-1,-1,-1
7, 19732.jpg,12,1289,573,55,129,-1,-1,-1,-1
7, 19732.jpg,13,401,625,85,131,-1,-1,-1,-1
8, 19733.jpg,1,878,594,62,131,-1,-1,-1,-1
8, 19733.jpg,2,1160,631,92,131,-1,-1,-1,-1
8, 19733.jpg,3,1204,512,80,107,-1,-1,-1,-1
8, 19733.jpg,5,966,555,55,137,-1,-1,-1,-1
8, 19733.jpg,6,1282,738,107,173,-1,-1,-1,-1
8, 19733.jpg,7,877,537,49,126,-1,-1,-1,-1
8, 19733.jpg,8,490,672,90,145,-1,-1,-1,-1
8, 19733.jpg,9,587,546,53,127,-1,-1,-1,-1
8, 19733.jpg,10,1379,628,99,121,-1,-1,-1,-1
8, 19733.jpg,11,872,651,51,151,-1,-1,-1,-1
8, 19733.jpg,12,1294,575,53,127,-1,-1,-1,-1
8, 19733.jpg,13,396,624,86,134,-1,-1,-1,-1
9, 19734.jpg,1,879,594,61,131,-1,-1,-1,-1
9, 19734.jpg,2,1151,628,99,138,-1,-1,-1,-1
9, 19734.jpg,3,1197,505,86,113,-1,-1,-1,-1
9, 19734.jpg,5,966,556,57,137,-1,-1,-1,-1
9, 19734.jpg,6,1276,743,107,172,-1,-1,-1,-1
9, 19734.jpg,7,877,537,51,128,-1,-1,-1,-1
9, 19734.jpg,8,499,675,89,145,-1,-1,-1,-1
9, 19734.jpg,9,582,551,52,124,-1,-1,-1,-1
9, 19734.jpg,10,1371,627,96,115,-1,-1,-1,-1
9, 19734.jpg,11,873,653,50,148,-1,-1,-1,-1
9, 19734.jpg,12,1298,573,55,129,-1,-1,-1,-1
9, 19734.jpg,13,393,622,85,137,-1,-1,-1,-1
10, 19735.jpg,1,876,573,63,137,-1,-1,-1,-1
10, 19735.jpg,2,1140,626,103,140,-1,-1,-1,-1
10, 19735.jpg,3,1185,494,97,127,-1,-1,-1,-1
10, 19735.jpg,5,965,550,60,144,-1,-1,-1,-1
10, 19735.jpg,6,1273,747,105,168,-1,-1,-1,-1
10, 19735.jpg,7,878,540,50,128,-1,-1,-1,-1
10, 19735.jpg,8,505,674,87,146,-1,-1,-1,-1
10, 19735.jpg,9,579,555,52,121,-1,-1,-1,-1
10, 19735.jpg,10,1369,626,98,116,-1,-1,-1,-1
10, 19735.jpg,11,874,655,49,146,-1,-1,-1,-1
10, 19735.jpg,12,1303,572,55,129,-1,-1,-1,-1
10, 19735.jpg,13,391,622,85,138,-1,-1,-1,-1
11, 19736.jpg,1,876,570,63,137,-1,-1,-1,-1
11, 19736.jpg,2,1126,627,101,138,-1,-1,-1,-1
11, 19736.jpg,3,1178,491,96,123,-1,-1,-1,-1
11, 19736.jpg,5,964,541,64,154,-1,-1,-1,-1
11, 19736.jpg,6,1272,748,105,167,-1,-1,-1,-1
11, 19736.jpg,7,878,538,51,129,-1,-1,-1,-1
11, 19736.jpg,8,508,673,88,149,-1,-1,-1,-1
11, 19736.jpg,9,578,555,52,119,-1,-1,-1,-1
11, 19736.jpg,10,1369,626,101,117,-1,-1,-1,-1
11, 19736.jpg,11,876,669,45,133,-1,-1,-1,-1
11, 19736.jpg,12,1305,570,55,130,-1,-1,-1,-1
11, 19736.jpg,13,389,623,84,138,-1,-1,-1,-1
12, 19737.jpg,1,872,561,76,164,-1,-1,-1,-1
12, 19737.jpg,2,1113,630,100,139,-1,-1,-1,-1
12, 19737.jpg,3,1171,487,95,120,-1,-1,-1,-1
12, 19737.jpg,5,963,529,68,164,-1,-1,-1,-1
12, 19737.jpg,6,1269,751,105,166,-1,-1,-1,-1
12, 19737.jpg,7,879,541,51,129,-1,-1,-1,-1
12, 19737.jpg,8,512,672,87,150,-1,-1,-1,-1
12, 19737.jpg,9,577,556,52,116,-1,-1,-1,-1
12, 19737.jpg,10,1364,623,106,120,-1,-1,-1,-1
12, 19737.jpg,11,877,667,46,134,-1,-1,-1,-1
12, 19737.jpg,12,1308,570,55,126,-1,-1,-1,-1
12, 19737.jpg,13,386,623,83,138,-1,-1,-1,-1
13, 19738.jpg,1,875,569,76,169,-1,-1,-1,-1
13, 19738.jpg,2,1100,634,96,136,-1,-1,-1,-1
13, 19738.jpg,3,1166,485,96,120,-1,-1,-1,-1
13, 19738.jpg,5,963,520,72,172,-1,-1,-1,-1
13, 19738.jpg,6,1264,751,106,164,-1,-1,-1,-1
13, 19738.jpg,8,516,671,86,151,-1,-1,-1,-1
13, 19738.jpg,9,574,555,54,117,-1,-1,-1,-1
13, 19738.jpg,10,1352,621,112,124,-1,-1,-1,-1
13, 19738.jpg,11,878,669,45,132,-1,-1,-1,-1
13, 19738.jpg,12,1312,572,55,123,-1,-1,-1,-1
13, 19738.jpg,13,385,625,80,135,-1,-1,-1,-1
14, 19739.jpg,1,880,610,63,136,-1,-1,-1,-1
14, 19739.jpg,2,1090,635,94,139,-1,-1,-1,-1
14, 19739.jpg,3,1157,484,97,119,-1,-1,-1,-1
14, 19739.jpg,5,965,514,74,178,-1,-1,-1,-1
14, 19739.jpg,6,1262,747,111,167,-1,-1,-1,-1
14, 19739.jpg,7,878,542,51,126,-1,-1,-1,-1
14, 19739.jpg,8,519,670,84,152,-1,-1,-1,-1
14, 19739.jpg,9,571,554,55,117,-1,-1,-1,-1
14, 19739.jpg,10,1337,615,117,126,-1,-1,-1,-1
14, 19739.jpg,12,1315,570,57,125,-1,-1,-1,-1
14, 19739.jpg,13,383,625,79,134,-1,-1,-1,-1
15, 19740.jpg,1,880,590,64,138,-1,-1,-1,-1
15, 19740.jpg,2,1078,632,95,144,-1,-1,-1,-1
15, 19740.jpg,3,1146,485,95,116,-1,-1,-1,-1
15, 19740.jpg,5,968,510,74,179,-1,-1,-1,-1
15, 19740.jpg,6,1257,751,109,160,-1,-1,-1,-1
15, 19740.jpg,7,879,544,51,126,-1,-1,-1,-1
15, 19740.jpg,8,521,668,83,153,-1,-1,-1,-1
15, 19740.jpg,9,568,550,56,118,-1,-1,-1,-1
15, 19740.jpg,10,1316,598,122,135,-1,-1,-1,-1
15, 19740.jpg,11,878,656,49,141,-1,-1,-1,-1
15, 19740.jpg,12,1314,564,60,128,-1,-1,-1,-1
15, 19740.jpg,13,382,625,78,135,-1,-1,-1,-1
16, 19741.jpg,1,880,582,64,137,-1,-1,-1,-1
16, 19741.jpg,2,1064,632,98,147,-1,-1,-1,-1
16, 19741.jpg,3,1142,488,89,110,-1,-1,-1,-1
16, 19741.jpg,5,972,509,72,177,-1,-1,-1,-1
16, 19741.jpg,6,1239,752,107,156,-1,-1,-1,-1
16, 19741.jpg,8,525,665,82,156,-1,-1,-1,-1
16, 19741.jpg,9,564,551,56,117,-1,-1,-1,-1
16, 19741.jpg,10,1311,595,124,137,-1,-1,-1,-1
16, 19741.jpg,11,877,654,50,145,-1,-1,-1,-1
16, 19741.jpg,12,1318,560,58,124,-1,-1,-1,-1
16, 19741.jpg,13,382,624,77,134,-1,-1,-1,-1
17, 19742.jpg,1,885,598,63,139,-1,-1,-1,-1
17, 19742.jpg,2,1054,629,102,153,-1,-1,-1,-1
17, 19742.jpg,3,1135,488,90,114,-1,-1,-1,-1
17, 19742.jpg,5,974,501,73,178,-1,-1,-1,-1
17, 19742.jpg,6,1230,748,106,159,-1,-1,-1,-1
17, 19742.jpg,7,880,543,48,120,-1,-1,-1,-1
17, 19742.jpg,8,527,663,82,160,-1,-1,-1,-1
17, 19742.jpg,9,560,552,57,116,-1,-1,-1,-1
17, 19742.jpg,11,878,654,50,145,-1,-1,-1,-1
17, 19742.jpg,12,1320,578,56,115,-1,-1,-1,-1
17, 19742.jpg,13,379,623,76,134,-1,-1,-1,-1
18, 19743.jpg,1,882,606,59,132,-1,-1,-1,-1
18, 19743.jpg,2,1048,625,106,160,-1,-1,-1,-1
18, 19743.jpg,3,1132,491,84,109,-1,-1,-1,-1
18, 19743.jpg,5,977,499,71,178,-1,-1,-1,-1
18, 19743.jpg,6,1219,745,103,157,-1,-1,-1,-1
18, 19743.jpg,7,881,541,50,121,-1,-1,-1,-1
18, 19743.jpg,8,528,662,80,160,-1,-1,-1,-1
18, 19743.jpg,9,559,554,56,113,-1,-1,-1,-1
18, 19743.jpg,10,1299,613,112,125,-1,-1,-1,-1
18, 19743.jpg,11,878,653,50,145,-1,-1,-1,-1
18, 19743.jpg,12,1319,579,56,113,-1,-1,-1,-1
18, 19743.jpg,13,377,624,76,132,-1,-1,-1,-1
19, 19744.jpg,1,880,608,59,135,-1,-1,-1,-1
19, 19744.jpg,2,1044,618,109,165,-1,-1,-1,-1
19, 19744.jpg,3,1123,488,85,110,-1,-1,-1,-1
19, 19744.jpg,5,980,498,72,181,-1,-1,-1,-1
19, 19744.jpg,6,1217,751,95,147,-1,-1,-1,-1
19, 19744.jpg,7,881,538,52,126,-1,-1,-1,-1
19, 19744.jpg,8,530,661,78,161,-1,-1,-1,-1
19, 19744.jpg,9,558,555,57,113,-1,-1,-1,-1
19, 19744.jpg,10,1289,614,111,125,-1,-1,-1,-1
19, 19744.jpg,12,1318,559,57,113,-1,-1,-1,-1
19, 19744.jpg,13,377,623,75,134,-1,-1,-1,-1
20, 19745.jpg,1,879,610,60,134,-1,-1,-1,-1
20, 19745.jpg,2,1042,612,108,169,-1,-1,-1,-1
20, 19745.jpg,3,1118,486,88,114,-1,-1,-1,-1
20, 19745.jpg,5,983,502,72,180,-1,-1,-1,-1
20, 19745.jpg,6,1204,750,94,147,-1,-1,-1,-1
20, 19745.jpg,7,884,536,53,129,-1,-1,-1,-1
20, 19745.jpg,8,533,662,76,160,-1,-1,-1,-1
20, 19745.jpg,9,557,556,58,113,-1,-1,-1,-1
20, 19745.jpg,10,1268,615,106,118,-1,-1,-1,-1
20, 19745.jpg,11,882,648,53,156,-1,-1,-1,-1
20, 19745.jpg,12,1318,550,60,118,-1,-1,-1,-1
20, 19745.jpg,13,377,623,75,134,-1,-1,-1,-1
21, 19746.jpg,2,1042,600,108,175,-1,-1,-1,-1
21, 19746.jpg,3,1112,486,88,112,-1,-1,-1,-1
21, 19746.jpg,5,988,514,68,171,-1,-1,-1,-1
21, 19746.jpg,6,1188,750,94,149,-1,-1,-1,-1
21, 19746.jpg,7,887,533,53,127,-1,-1,-1,-1
21, 19746.jpg,8,537,662,74,162,-1,-1,-1,-1
21, 19746.jpg,9,557,561,56,109,-1,-1,-1,-1
21, 19746.jpg,10,1271,591,115,130,-1,-1,-1,-1
21, 19746.jpg,11,883,646,55,160,-1,-1,-1,-1
21, 19746.jpg,12,1320,547,59,118,-1,-1,-1,-1
21, 19746.jpg,13,378,622,73,133,-1,-1,-1,-1
22, 19747.jpg,2,1043,596,105,172,-1,-1,-1,-1
22, 19747.jpg,3,1104,479,97,123,-1,-1,-1,-1
22, 19747.jpg,5,991,522,67,168,-1,-1,-1,-1
22, 19747.jpg,6,1178,746,94,148,-1,-1,-1,-1
22, 19747.jpg,7,891,531,53,125,-1,-1,-1,-1
22, 19747.jpg,8,540,662,74,165,-1,-1,-1,-1
22, 19747.jpg,9,558,561,57,111,-1,-1,-1,-1
22, 19747.jpg,10,1280,574,120,141,-1,-1,-1,-1
22, 19747.jpg,11,885,649,56,161,-1,-1,-1,-1
22, 19747.jpg,13,377,621,74,135,-1,-1,-1,-1
23, 19748.jpg,2,1040,585,106,181,-1,-1,-1,-1
23, 19748.jpg,3,1093,474,105,133,-1,-1,-1,-1
23, 19748.jpg,5,1000,531,65,162,-1,-1,-1,-1
23, 19748.jpg,6,1158,738,105,163,-1,-1,-1,-1
23, 19748.jpg,7,892,530,52,121,-1,-1,-1,-1
23, 19748.jpg,8,546,667,70,157,-1,-1,-1,-1
23, 19748.jpg,9,560,562,57,111,-1,-1,-1,-1
23, 19748.jpg,10,1275,569,122,143,-1,-1,-1,-1
23, 19748.jpg,11,890,653,55,158,-1,-1,-1,-1
23, 19748.jpg,12,1332,554,63,124,-1,-1,-1,-1
23, 19748.jpg,13,378,621,73,137,-1,-1,-1,-1
24, 19749.jpg,2,1039,577,103,179,-1,-1,-1,-1
24, 19749.jpg,3,1090,477,103,131,-1,-1,-1,-1
24, 19749.jpg,5,1006,538,65,158,-1,-1,-1,-1
24, 19749.jpg,6,1145,732,114,175,-1,-1,-1,-1
24, 19749.jpg,7,895,531,50,117,-1,-1,-1,-1
24, 19749.jpg,8,552,668,67,153,-1,-1,-1,-1
24, 19749.jpg,9,563,563,56,110,-1,-1,-1,-1
24, 19749.jpg,11,896,658,53,154,-1,-1,-1,-1
24, 19749.jpg,12,1337,555,67,130,-1,-1,-1,-1
24, 19749.jpg,13,379,620,72,138,-1,-1,-1,-1
24, 19749.jpg,16,1213,612,132,121,-1,-1,-1,-1
25, 19750.jpg,2,1034,571,97,169,-1,-1,-1,-1
25, 19750.jpg,3,1084,480,103,132,-1,-1,-1,-1
25, 19750.jpg,5,1012,547,63,151,-1,-1,-1,-1
25, 19750.jpg,6,1132,728,119,181,-1,-1,-1,-1
25, 19750.jpg,7,900,530,49,116,-1,-1,-1,-1
25, 19750.jpg,8,561,671,64,146,-1,-1,-1,-1
25, 19750.jpg,9,567,564,55,106,-1,-1,-1,-1
25, 19750.jpg,11,901,658,54,155,-1,-1,-1,-1
25, 19750.jpg,12,1342,560,67,131,-1,-1,-1,-1
25, 19750.jpg,13,382,620,71,139,-1,-1,-1,-1
25, 19750.jpg,16,1219,618,123,113,-1,-1,-1,-1
26, 19751.jpg,2,1027,570,96,163,-1,-1,-1,-1
26, 19751.jpg,3,1082,486,100,130,-1,-1,-1,-1
26, 19751.jpg,5,1017,557,60,143,-1,-1,-1,-1
26, 19751.jpg,6,1127,733,117,178,-1,-1,-1,-1
26, 19751.jpg,7,907,530,51,118,-1,-1,-1,-1
26, 19751.jpg,8,566,675,64,145,-1,-1,-1,-1
26, 19751.jpg,9,571,561,56,109,-1,-1,-1,-1
26, 19751.jpg,11,906,657,55,157,-1,-1,-1,-1
26, 19751.jpg,12,1348,564,67,126,-1,-1,-1,-1
26, 19751.jpg,13,386,620,71,138,-1,-1,-1,-1
26, 19751.jpg,16,1214,618,125,117,-1,-1,-1,-1
27, 19752.jpg,2,1020,566,96,164,-1,-1,-1,-1
27, 19752.jpg,3,1079,490,97,129,-1,-1,-1,-1
27, 19752.jpg,5,1018,560,62,144,-1,-1,-1,-1
27, 19752.jpg,6,1126,739,111,169,-1,-1,-1,-1
27, 19752.jpg,7,913,532,49,115,-1,-1,-1,-1
27, 19752.jpg,8,573,678,64,146,-1,-1,-1,-1
27, 19752.jpg,9,574,561,57,110,-1,-1,-1,-1
27, 19752.jpg,11,911,652,55,160,-1,-1,-1,-1
27, 19752.jpg,12,1356,567,65,122,-1,-1,-1,-1
27, 19752.jpg,13,393,620,69,137,-1,-1,-1,-1
27, 19752.jpg,16,1213,617,119,115,-1,-1,-1,-1
28, 19753.jpg,1,914,568,63,150,-1,-1,-1,-1
28, 19753.jpg,3,1081,493,92,125,-1,-1,-1,-1
28, 19753.jpg,5,1028,566,59,135,-1,-1,-1,-1
28, 19753.jpg,6,1122,738,109,170,-1,-1,-1,-1
28, 19753.jpg,7,916,532,49,114,-1,-1,-1,-1
28, 19753.jpg,8,582,681,62,143,-1,-1,-1,-1
28, 19753.jpg,9,576,560,58,113,-1,-1,-1,-1
28, 19753.jpg,11,911,633,61,181,-1,-1,-1,-1
28, 19753.jpg,12,1361,566,67,125,-1,-1,-1,-1
28, 19753.jpg,13,399,618,68,137,-1,-1,-1,-1
28, 19753.jpg,16,1209,617,123,121,-1,-1,-1,-1
29, 19754.jpg,1,916,570,64,158,-1,-1,-1,-1
29, 19754.jpg,2,1027,571,92,162,-1,-1,-1,-1
29, 19754.jpg,3,1081,495,86,122,-1,-1,-1,-1
29, 19754.jpg,5,1033,570,58,132,-1,-1,-1,-1
29, 19754.jpg,6,1118,734,107,174,-1,-1,-1,-1
29, 19754.jpg,8,589,683,63,147,-1,-1,-1,-1
29, 19754.jpg,9,583,561,58,109,-1,-1,-1,-1
29, 19754.jpg,11,914,630,62,185,-1,-1,-1,-1
29, 19754.jpg,12,1368,567,67,125,-1,-1,-1,-1
29, 19754.jpg,13,404,618,67,137,-1,-1,-1,-1
29, 19754.jpg,16,1209,616,123,124,-1,-1,-1,-1
30, 19755.jpg,1,919,568,64,160,-1,-1,-1,-1
30, 19755.jpg,2,1029,582,92,163,-1,-1,-1,-1
30, 19755.jpg,3,1080,497,82,119,-1,-1,-1,-1
30, 19755.jpg,6,1116,733,103,169,-1,-1,-1,-1
30, 19755.jpg,7,927,533,55,131,-1,-1,-1,-1
30, 19755.jpg,8,595,685,65,146,-1,-1,-1,-1
30, 19755.jpg,9,589,559,59,111,-1,-1,-1,-1
30, 19755.jpg,11,922,610,62,187,-1,-1,-1,-1
30, 19755.jpg,12,1375,567,66,123,-1,-1,-1,-1
30, 19755.jpg,13,413,616,68,139,-1,-1,-1,-1
30, 19755.jpg,16,1207,614,127,134,-1,-1,-1,-1
31, 19756.jpg,2,1025,581,92,163,-1,-1,-1,-1
31, 19756.jpg,3,1070,506,84,124,-1,-1,-1,-1
31, 19756.jpg,5,1072,575,61,133,-1,-1,-1,-1
31, 19756.jpg,6,1109,730,104,173,-1,-1,-1,-1
31, 19756.jpg,7,931,533,55,132,-1,-1,-1,-1
31, 19756.jpg,8,605,684,65,147,-1,-1,-1,-1
31, 19756.jpg,9,595,560,61,111,-1,-1,-1,-1
31, 19756.jpg,11,932,594,62,189,-1,-1,-1,-1
31, 19756.jpg,12,1383,564,68,128,-1,-1,-1,-1
31, 19756.jpg,13,421,616,67,136,-1,-1,-1,-1
31, 19756.jpg,16,1210,614,124,136,-1,-1,-1,-1
32, 19757.jpg,3,1082,498,82,123,-1,-1,-1,-1
32, 19757.jpg,5,1074,567,68,146,-1,-1,-1,-1
32, 19757.jpg,6,1107,727,104,174,-1,-1,-1,-1
32, 19757.jpg,7,937,549,64,151,-1,-1,-1,-1
32, 19757.jpg,8,614,683,65,148,-1,-1,-1,-1
32, 19757.jpg,9,605,560,61,109,-1,-1,-1,-1
32, 19757.jpg,11,935,590,64,191,-1,-1,-1,-1
32, 19757.jpg,12,1392,564,69,129,-1,-1,-1,-1
32, 19757.jpg,13,428,616,66,137,-1,-1,-1,-1
32, 19757.jpg,16,1217,615,116,133,-1,-1,-1,-1
33, 19758.jpg,2,1036,588,90,165,-1,-1,-1,-1
33, 19758.jpg,3,1093,502,83,127,-1,-1,-1,-1
33, 19758.jpg,5,1082,569,68,145,-1,-1,-1,-1
33, 19758.jpg,6,1108,724,103,176,-1,-1,-1,-1
33, 19758.jpg,7,947,540,64,149,-1,-1,-1,-1
33, 19758.jpg,8,623,683,66,147,-1,-1,-1,-1
33, 19758.jpg,9,613,561,60,107,-1,-1,-1,-1
33, 19758.jpg,12,1399,563,69,130,-1,-1,-1,-1
33, 19758.jpg,13,435,617,67,140,-1,-1,-1,-1
33, 19758.jpg,16,1223,614,111,133,-1,-1,-1,-1
34, 19759.jpg,1,942,529,54,131,-1,-1,-1,-1
34, 19759.jpg,2,1043,601,83,157,-1,-1,-1,-1
34, 19759.jpg,3,1090,492,81,128,-1,-1,-1,-1
34, 19759.jpg,6,1110,722,103,175,-1,-1,-1,-1
34, 19759.jpg,7,952,541,65,151,-1,-1,-1,-1
34, 19759.jpg,8,633,684,66,145,-1,-1,-1,-1
34, 19759.jpg,9,620,562,62,107,-1,-1,-1,-1
34, 19759.jpg,11,960,577,64,187,-1,-1,-1,-1
34, 19759.jpg,12,1409,563,70,131,-1,-1,-1,-1
34, 19759.jpg,13,445,618,65,138,-1,-1,-1,-1
34, 19759.jpg,16,1229,617,105,130,-1,-1,-1,-1
35, 19760.jpg,1,961,527,61,138,-1,-1,-1,-1
35, 19760.jpg,2,1049,607,82,157,-1,-1,-1,-1
35, 19760.jpg,3,1091,489,80,130,-1,-1,-1,-1
35, 19760.jpg,5,1135,569,55,119,-1,-1,-1,-1
35, 19760.jpg,6,1113,719,103,178,-1,-1,-1,-1
35, 19760.jpg,8,642,684,66,143,-1,-1,-1,-1
35, 19760.jpg,9,629,562,62,105,-1,-1,-1,-1
35, 19760.jpg,11,965,572,65,189,-1,-1,-1,-1
35, 19760.jpg,12,1417,566,70,129,-1,-1,-1,-1
35, 19760.jpg,13,452,620,66,139,-1,-1,-1,-1
35, 19760.jpg,16,1231,619,103,132,-1,-1,-1,-1
36, 19761.jpg,1,954,524,58,131,-1,-1,-1,-1
36, 19761.jpg,2,1056,616,80,155,-1,-1,-1,-1
36, 19761.jpg,3,1095,486,78,129,-1,-1,-1,-1
36, 19761.jpg,5,1155,568,52,110,-1,-1,-1,-1
36, 19761.jpg,6,1114,713,105,183,-1,-1,-1,-1
36, 19761.jpg,8,652,685,65,140,-1,-1,-1,-1
36, 19761.jpg,9,637,563,62,103,-1,-1,-1,-1
36, 19761.jpg,11,972,559,71,204,-1,-1,-1,-1
36, 19761.jpg,12,1423,568,70,131,-1,-1,-1,-1
36, 19761.jpg,13,464,625,62,131,-1,-1,-1,-1
36, 19761.jpg,16,1235,619,101,134,-1,-1,-1,-1
37, 19762.jpg,1,954,522,57,130,-1,-1,-1,-1
37, 19762.jpg,2,1062,625,79,156,-1,-1,-1,-1
37, 19762.jpg,3,1098,485,79,133,-1,-1,-1,-1
37, 19762.jpg,5,1168,567,54,108,-1,-1,-1,-1
37, 19762.jpg,6,1116,709,105,186,-1,-1,-1,-1
37, 19762.jpg,8,658,684,66,139,-1,-1,-1,-1
37, 19762.jpg,9,645,563,62,102,-1,-1,-1,-1
37, 19762.jpg,11,976,563,70,197,-1,-1,-1,-1
37, 19762.jpg,12,1431,571,71,134,-1,-1,-1,-1
37, 19762.jpg,13,473,625,64,134,-1,-1,-1,-1
37, 19762.jpg,16,1239,623,96,134,-1,-1,-1,-1
38, 19763.jpg,1,959,524,55,125,-1,-1,-1,-1
38, 19763.jpg,2,1066,634,79,154,-1,-1,-1,-1
38, 19763.jpg,3,1097,483,82,138,-1,-1,-1,-1
38, 19763.jpg,5,1181,568,57,109,-1,-1,-1,-1
38, 19763.jpg,6,1120,707,102,183,-1,-1,-1,-1
38, 19763.jpg,8,664,684,67,138,-1,-1,-1,-1
38, 19763.jpg,9,651,563,63,101,-1,-1,-1,-1
38, 19763.jpg,11,983,563,70,197,-1,-1,-1,-1
38, 19763.jpg,12,1437,575,71,136,-1,-1,-1,-1
38, 19763.jpg,13,481,628,62,129,-1,-1,-1,-1
38, 19763.jpg,16,1243,629,92,132,-1,-1,-1,-1
39, 19764.jpg,1,961,524,57,126,-1,-1,-1,-1
39, 19764.jpg,2,1071,643,76,150,-1,-1,-1,-1
39, 19764.jpg,3,1099,485,82,141,-1,-1,-1,-1
39, 19764.jpg,5,1190,569,60,110,-1,-1,-1,-1
39, 19764.jpg,6,1123,707,98,178,-1,-1,-1,-1
39, 19764.jpg,8,668,681,69,141,-1,-1,-1,-1
39, 19764.jpg,9,659,565,62,99,-1,-1,-1,-1
39, 19764.jpg,11,984,564,71,196,-1,-1,-1,-1
39, 19764.jpg,12,1443,585,68,131,-1,-1,-1,-1
39, 19764.jpg,13,489,632,61,124,-1,-1,-1,-1
39, 19764.jpg,16,1245,635,89,134,-1,-1,-1,-1
39, 19764.jpg,22,1314,837,102,182,-1,-1,-1,-1
40, 19765.jpg,1,960,525,57,128,-1,-1,-1,-1
40, 19765.jpg,2,1075,654,72,140,-1,-1,-1,-1
40, 19765.jpg,3,1099,484,83,143,-1,-1,-1,-1
40, 19765.jpg,5,1195,571,61,108,-1,-1,-1,-1
40, 19765.jpg,6,1124,707,96,175,-1,-1,-1,-1
40, 19765.jpg,8,674,683,68,140,-1,-1,-1,-1
40, 19765.jpg,9,664,561,64,101,-1,-1,-1,-1
40, 19765.jpg,11,989,566,74,204,-1,-1,-1,-1
40, 19765.jpg,12,1450,593,66,128,-1,-1,-1,-1
40, 19765.jpg,13,494,633,60,121,-1,-1,-1,-1
40, 19765.jpg,16,1246,642,86,134,-1,-1,-1,-1
40, 19765.jpg,22,1320,838,101,181,-1,-1,-1,-1
