2, 18777.jpg,2,746,476,79,127,-1,-1,-1,-1
2, 18777.jpg,3,575,414,37,135,-1,-1,-1,-1
2, 18777.jpg,4,570,335,35,100,-1,-1,-1,-1
2, 18777.jpg,5,884,330,44,85,-1,-1,-1,-1
2, 18777.jpg,7,829,407,55,108,-1,-1,-1,-1
2, 18777.jpg,8,339,435,77,105,-1,-1,-1,-1
2, 18777.jpg,9,675,351,50,129,-1,-1,-1,-1
2, 18777.jpg,10,334,331,42,83,-1,-1,-1,-1
2, 18777.jpg,11,205,362,46,104,-1,-1,-1,-1
3, 18778.jpg,2,743,472,80,131,-1,-1,-1,-1
3, 18778.jpg,3,578,422,33,122,-1,-1,-1,-1
3, 18778.jpg,4,574,335,36,100,-1,-1,-1,-1
3, 18778.jpg,5,878,327,51,99,-1,-1,-1,-1
3, 18778.jpg,7,831,409,54,107,-1,-1,-1,-1
3, 18778.jpg,8,340,435,77,105,-1,-1,-1,-1
3, 18778.jpg,9,677,354,49,124,-1,-1,-1,-1
3, 18778.jpg,10,339,333,41,80,-1,-1,-1,-1
3, 18778.jpg,11,208,362,45,104,-1,-1,-1,-1
4, 18779.jpg,2,742,470,80,131,-1,-1,-1,-1
4, 18779.jpg,3,581,423,33,119,-1,-1,-1,-1
4, 18779.jpg,4,576,333,36,100,-1,-1,-1,-1
4, 18779.jpg,5,876,324,48,94,-1,-1,-1,-1
4, 18779.jpg,7,832,412,54,104,-1,-1,-1,-1
4, 18779.jpg,8,341,434,77,106,-1,-1,-1,-1
4, 18779.jpg,9,678,350,50,125,-1,-1,-1,-1
4, 18779.jpg,10,341,334,41,81,-1,-1,-1,-1
4, 18779.jpg,11,210,365,45,101,-1,-1,-1,-1
5, 18780.jpg,2,740,468,80,132,-1,-1,-1,-1
5, 18780.jpg,3,583,421,33,121,-1,-1,-1,-1
5, 18780.jpg,4,579,331,37,106,-1,-1,-1,-1
5, 18780.jpg,5,875,306,45,88,-1,-1,-1,-1
5, 18780.jpg,7,833,414,54,102,-1,-1,-1,-1
5, 18780.jpg,8,340,435,76,105,-1,-1,-1,-1
5, 18780.jpg,9,684,355,48,116,-1,-1,-1,-1
5, 18780.jpg,10,345,335,42,80,-1,-1,-1,-1
5, 18780.jpg,11,212,365,45,104,-1,-1,-1,-1
6, 18781.jpg,2,737,465,80,133,-1,-1,-1,-1
6, 18781.jpg,3,586,414,35,129,-1,-1,-1,-1
6, 18781.jpg,4,580,331,39,110,-1,-1,-1,-1
6, 18781.jpg,5,873,299,44,85,-1,-1,-1,-1
6, 18781.jpg,7,834,416,53,100,-1,-1,-1,-1
6, 18781.jpg,8,340,434,77,106,-1,-1,-1,-1
6, 18781.jpg,9,681,355,49,115,-1,-1,-1,-1
6, 18781.jpg,10,347,334,43,81,-1,-1,-1,-1
6, 18781.jpg,11,215,364,46,104,-1,-1,-1,-1
6, 18781.jpg,13,866,354,74,100,-1,-1,-1,-1
7, 18782.jpg,2,734,462,80,134,-1,-1,-1,-1
7, 18782.jpg,3,588,411,36,129,-1,-1,-1,-1
7, 18782.jpg,4,582,329,36,101,-1,-1,-1,-1
7, 18782.jpg,5,869,296,45,87,-1,-1,-1,-1
7, 18782.jpg,7,835,418,54,99,-1,-1,-1,-1
7, 18782.jpg,8,338,435,77,105,-1,-1,-1,-1
7, 18782.jpg,9,681,356,50,115,-1,-1,-1,-1
7, 18782.jpg,10,350,332,44,83,-1,-1,-1,-1
7, 18782.jpg,11,218,363,46,103,-1,-1,-1,-1
7, 18782.jpg,13,867,355,70,95,-1,-1,-1,-1
8, 18783.jpg,2,732,461,78,133,-1,-1,-1,-1
8, 18783.jpg,3,591,402,39,140,-1,-1,-1,-1
8, 18783.jpg,4,583,328,36,100,-1,-1,-1,-1
8, 18783.jpg,5,867,297,42,81,-1,-1,-1,-1
8, 18783.jpg,7,835,418,55,99,-1,-1,-1,-1
8, 18783.jpg,8,339,436,77,103,-1,-1,-1,-1
8, 18783.jpg,9,670,350,54,123,-1,-1,-1,-1
8, 18783.jpg,10,354,332,44,82,-1,-1,-1,-1
8, 18783.jpg,11,221,361,47,105,-1,-1,-1,-1
8, 18783.jpg,13,863,352,75,101,-1,-1,-1,-1
8, 18783.jpg,14,711,356,41,107,-1,-1,-1,-1
9, 18784.jpg,2,729,461,76,132,-1,-1,-1,-1
9, 18784.jpg,3,594,402,38,133,-1,-1,-1,-1
9, 18784.jpg,4,584,332,35,99,-1,-1,-1,-1
9, 18784.jpg,5,865,297,43,83,-1,-1,-1,-1
9, 18784.jpg,7,836,416,56,101,-1,-1,-1,-1
9, 18784.jpg,8,342,438,76,100,-1,-1,-1,-1
9, 18784.jpg,9,669,353,53,121,-1,-1,-1,-1
9, 18784.jpg,10,359,331,45,83,-1,-1,-1,-1
9, 18784.jpg,11,226,361,47,107,-1,-1,-1,-1
9, 18784.jpg,13,862,353,77,104,-1,-1,-1,-1
9, 18784.jpg,14,715,355,43,114,-1,-1,-1,-1
10, 18785.jpg,2,726,459,74,131,-1,-1,-1,-1
10, 18785.jpg,3,596,406,36,122,-1,-1,-1,-1
10, 18785.jpg,4,583,331,38,103,-1,-1,-1,-1
10, 18785.jpg,5,862,297,46,87,-1,-1,-1,-1
10, 18785.jpg,7,837,415,58,102,-1,-1,-1,-1
10, 18785.jpg,8,346,437,77,102,-1,-1,-1,-1
10, 18785.jpg,9,683,357,51,115,-1,-1,-1,-1
10, 18785.jpg,10,363,331,46,85,-1,-1,-1,-1
10, 18785.jpg,11,231,359,46,107,-1,-1,-1,-1
10, 18785.jpg,13,864,356,74,102,-1,-1,-1,-1
10, 18785.jpg,14,717,355,45,116,-1,-1,-1,-1
11, 18786.jpg,2,724,457,70,129,-1,-1,-1,-1
11, 18786.jpg,3,598,409,36,116,-1,-1,-1,-1
11, 18786.jpg,4,585,330,40,105,-1,-1,-1,-1
11, 18786.jpg,5,862,295,46,90,-1,-1,-1,-1
11, 18786.jpg,7,839,414,57,102,-1,-1,-1,-1
11, 18786.jpg,8,349,438,78,101,-1,-1,-1,-1
11, 18786.jpg,9,690,359,50,113,-1,-1,-1,-1
11, 18786.jpg,10,366,332,46,86,-1,-1,-1,-1
11, 18786.jpg,11,235,356,47,110,-1,-1,-1,-1
11, 18786.jpg,13,865,358,72,101,-1,-1,-1,-1
12, 18787.jpg,2,723,457,68,127,-1,-1,-1,-1
12, 18787.jpg,3,598,410,39,115,-1,-1,-1,-1
12, 18787.jpg,4,587,331,42,106,-1,-1,-1,-1
12, 18787.jpg,5,863,297,48,95,-1,-1,-1,-1
12, 18787.jpg,7,840,413,58,102,-1,-1,-1,-1
12, 18787.jpg,8,350,438,80,104,-1,-1,-1,-1
12, 18787.jpg,9,700,362,50,110,-1,-1,-1,-1
12, 18787.jpg,10,371,336,45,85,-1,-1,-1,-1
12, 18787.jpg,11,239,356,49,111,-1,-1,-1,-1
12, 18787.jpg,13,866,359,70,102,-1,-1,-1,-1
13, 18788.jpg,2,722,456,66,125,-1,-1,-1,-1
13, 18788.jpg,3,598,416,40,108,-1,-1,-1,-1
13, 18788.jpg,4,586,336,45,105,-1,-1,-1,-1
13, 18788.jpg,5,862,297,47,94,-1,-1,-1,-1
13, 18788.jpg,7,840,409,59,107,-1,-1,-1,-1
13, 18788.jpg,8,355,439,81,103,-1,-1,-1,-1
13, 18788.jpg,9,705,363,52,112,-1,-1,-1,-1
13, 18788.jpg,10,376,341,45,83,-1,-1,-1,-1
13, 18788.jpg,11,243,357,51,111,-1,-1,-1,-1
13, 18788.jpg,13,868,358,69,103,-1,-1,-1,-1
14, 18789.jpg,2,723,454,63,120,-1,-1,-1,-1
14, 18789.jpg,3,599,418,44,109,-1,-1,-1,-1
14, 18789.jpg,4,589,340,47,105,-1,-1,-1,-1
14, 18789.jpg,5,862,296,46,95,-1,-1,-1,-1
14, 18789.jpg,7,843,409,58,106,-1,-1,-1,-1
14, 18789.jpg,8,362,440,78,101,-1,-1,-1,-1
14, 18789.jpg,9,701,366,53,115,-1,-1,-1,-1
14, 18789.jpg,10,383,347,41,78,-1,-1,-1,-1
14, 18789.jpg,11,249,355,53,115,-1,-1,-1,-1
14, 18789.jpg,13,871,357,67,105,-1,-1,-1,-1
14, 18789.jpg,14,732,357,42,109,-1,-1,-1,-1
15, 18790.jpg,2,722,454,62,117,-1,-1,-1,-1
15, 18790.jpg,3,601,419,48,112,-1,-1,-1,-1
15, 18790.jpg,4,592,346,45,94,-1,-1,-1,-1
15, 18790.jpg,5,863,297,45,92,-1,-1,-1,-1
15, 18790.jpg,7,846,410,55,104,-1,-1,-1,-1
15, 18790.jpg,8,366,441,76,97,-1,-1,-1,-1
15, 18790.jpg,9,690,376,52,116,-1,-1,-1,-1
15, 18790.jpg,10,387,350,43,79,-1,-1,-1,-1
15, 18790.jpg,11,254,358,53,114,-1,-1,-1,-1
15, 18790.jpg,13,874,358,64,102,-1,-1,-1,-1
15, 18790.jpg,14,736,359,40,106,-1,-1,-1,-1
16, 18791.jpg,2,722,453,61,116,-1,-1,-1,-1
16, 18791.jpg,3,600,424,49,106,-1,-1,-1,-1
16, 18791.jpg,4,597,350,48,95,-1,-1,-1,-1
16, 18791.jpg,5,861,297,45,93,-1,-1,-1,-1
16, 18791.jpg,7,849,409,54,105,-1,-1,-1,-1
16, 18791.jpg,8,373,440,75,93,-1,-1,-1,-1
16, 18791.jpg,9,687,383,51,113,-1,-1,-1,-1
16, 18791.jpg,10,393,352,41,77,-1,-1,-1,-1
16, 18791.jpg,11,258,359,55,115,-1,-1,-1,-1
16, 18791.jpg,13,876,357,62,103,-1,-1,-1,-1
16, 18791.jpg,14,740,360,41,108,-1,-1,-1,-1
17, 18792.jpg,2,722,453,58,114,-1,-1,-1,-1
17, 18792.jpg,3,603,423,53,109,-1,-1,-1,-1
17, 18792.jpg,4,602,357,46,86,-1,-1,-1,-1
17, 18792.jpg,5,860,297,45,93,-1,-1,-1,-1
17, 18792.jpg,7,851,408,54,107,-1,-1,-1,-1
17, 18792.jpg,8,378,439,75,91,-1,-1,-1,-1
17, 18792.jpg,9,690,389,47,108,-1,-1,-1,-1
17, 18792.jpg,10,397,354,40,75,-1,-1,-1,-1
17, 18792.jpg,11,262,362,55,114,-1,-1,-1,-1
17, 18792.jpg,13,878,357,61,103,-1,-1,-1,-1
17, 18792.jpg,14,744,359,40,108,-1,-1,-1,-1
18, 18793.jpg,2,720,450,59,118,-1,-1,-1,-1
18, 18793.jpg,3,602,422,57,112,-1,-1,-1,-1
18, 18793.jpg,4,602,360,52,91,-1,-1,-1,-1
18, 18793.jpg,5,860,298,44,91,-1,-1,-1,-1
18, 18793.jpg,7,856,408,52,107,-1,-1,-1,-1
18, 18793.jpg,8,389,442,74,87,-1,-1,-1,-1
18, 18793.jpg,9,693,388,47,109,-1,-1,-1,-1
18, 18793.jpg,10,400,354,40,75,-1,-1,-1,-1
18, 18793.jpg,11,265,366,55,113,-1,-1,-1,-1
18, 18793.jpg,13,879,353,61,107,-1,-1,-1,-1
18, 18793.jpg,14,746,357,42,111,-1,-1,-1,-1
19, 18794.jpg,2,717,447,60,120,-1,-1,-1,-1
19, 18794.jpg,3,602,422,59,111,-1,-1,-1,-1
19, 18794.jpg,4,602,363,51,87,-1,-1,-1,-1
19, 18794.jpg,5,857,300,44,91,-1,-1,-1,-1
19, 18794.jpg,7,858,408,53,108,-1,-1,-1,-1
19, 18794.jpg,8,392,442,75,88,-1,-1,-1,-1
19, 18794.jpg,9,697,389,45,106,-1,-1,-1,-1
19, 18794.jpg,10,403,353,41,77,-1,-1,-1,-1
19, 18794.jpg,11,270,367,54,111,-1,-1,-1,-1
19, 18794.jpg,13,884,356,56,101,-1,-1,-1,-1
19, 18794.jpg,14,747,357,42,109,-1,-1,-1,-1
20, 18795.jpg,2,715,442,61,124,-1,-1,-1,-1
20, 18795.jpg,3,598,421,62,111,-1,-1,-1,-1
20, 18795.jpg,4,588,359,49,81,-1,-1,-1,-1
20, 18795.jpg,5,854,301,45,92,-1,-1,-1,-1
20, 18795.jpg,7,862,409,51,107,-1,-1,-1,-1
20, 18795.jpg,8,403,447,70,82,-1,-1,-1,-1
20, 18795.jpg,9,699,389,44,105,-1,-1,-1,-1
20, 18795.jpg,10,408,352,41,77,-1,-1,-1,-1
20, 18795.jpg,11,274,369,53,109,-1,-1,-1,-1
20, 18795.jpg,13,886,356,54,99,-1,-1,-1,-1
20, 18795.jpg,14,748,354,42,110,-1,-1,-1,-1
21, 18796.jpg,2,713,435,62,130,-1,-1,-1,-1
21, 18796.jpg,3,605,400,65,120,-1,-1,-1,-1
21, 18796.jpg,4,585,357,48,77,-1,-1,-1,-1
21, 18796.jpg,5,853,301,45,93,-1,-1,-1,-1
21, 18796.jpg,7,864,408,50,107,-1,-1,-1,-1
21, 18796.jpg,8,408,449,69,79,-1,-1,-1,-1
21, 18796.jpg,9,703,389,43,103,-1,-1,-1,-1
21, 18796.jpg,10,410,350,41,78,-1,-1,-1,-1
21, 18796.jpg,11,277,369,52,110,-1,-1,-1,-1
21, 18796.jpg,13,889,358,51,95,-1,-1,-1,-1
21, 18796.jpg,14,749,354,41,108,-1,-1,-1,-1
22, 18797.jpg,2,709,421,55,118,-1,-1,-1,-1
22, 18797.jpg,3,603,399,69,125,-1,-1,-1,-1
22, 18797.jpg,4,583,354,49,77,-1,-1,-1,-1
22, 18797.jpg,5,849,301,46,96,-1,-1,-1,-1
22, 18797.jpg,7,865,404,51,111,-1,-1,-1,-1
22, 18797.jpg,8,414,452,66,74,-1,-1,-1,-1
22, 18797.jpg,9,704,391,43,102,-1,-1,-1,-1
22, 18797.jpg,10,412,349,41,78,-1,-1,-1,-1
22, 18797.jpg,11,278,369,53,112,-1,-1,-1,-1
22, 18797.jpg,13,882,369,54,106,-1,-1,-1,-1
22, 18797.jpg,14,748,353,41,107,-1,-1,-1,-1
23, 18798.jpg,2,708,425,61,133,-1,-1,-1,-1
23, 18798.jpg,3,600,402,72,130,-1,-1,-1,-1
23, 18798.jpg,4,584,351,51,80,-1,-1,-1,-1
23, 18798.jpg,5,848,300,46,97,-1,-1,-1,-1
23, 18798.jpg,7,868,403,49,110,-1,-1,-1,-1
23, 18798.jpg,8,419,456,63,69,-1,-1,-1,-1
23, 18798.jpg,9,708,385,36,86,-1,-1,-1,-1
23, 18798.jpg,10,416,347,41,78,-1,-1,-1,-1
23, 18798.jpg,11,278,369,54,113,-1,-1,-1,-1
23, 18798.jpg,13,888,360,51,101,-1,-1,-1,-1
23, 18798.jpg,14,749,351,40,106,-1,-1,-1,-1
24, 18799.jpg,2,712,430,58,129,-1,-1,-1,-1
24, 18799.jpg,3,601,406,71,128,-1,-1,-1,-1
24, 18799.jpg,4,583,345,55,85,-1,-1,-1,-1
24, 18799.jpg,5,846,300,46,97,-1,-1,-1,-1
24, 18799.jpg,7,870,402,49,110,-1,-1,-1,-1
24, 18799.jpg,8,428,457,62,68,-1,-1,-1,-1
24, 18799.jpg,9,713,392,38,89,-1,-1,-1,-1
24, 18799.jpg,10,420,345,44,80,-1,-1,-1,-1
24, 18799.jpg,11,278,367,54,114,-1,-1,-1,-1
24, 18799.jpg,13,892,355,49,101,-1,-1,-1,-1
24, 18799.jpg,14,749,349,39,106,-1,-1,-1,-1
24, 18799.jpg,17,636,377,35,101,-1,-1,-1,-1
25, 18800.jpg,2,711,424,57,128,-1,-1,-1,-1
25, 18800.jpg,3,599,405,70,125,-1,-1,-1,-1
25, 18800.jpg,4,579,338,59,94,-1,-1,-1,-1
25, 18800.jpg,5,845,299,47,97,-1,-1,-1,-1
25, 18800.jpg,7,874,402,47,108,-1,-1,-1,-1
25, 18800.jpg,8,435,463,59,63,-1,-1,-1,-1
25, 18800.jpg,9,716,394,37,87,-1,-1,-1,-1
25, 18800.jpg,10,423,344,45,79,-1,-1,-1,-1
25, 18800.jpg,11,276,366,54,116,-1,-1,-1,-1
25, 18800.jpg,13,893,352,48,101,-1,-1,-1,-1
25, 18800.jpg,14,748,345,40,107,-1,-1,-1,-1
25, 18800.jpg,17,636,378,36,104,-1,-1,-1,-1
26, 18801.jpg,2,711,426,53,121,-1,-1,-1,-1
26, 18801.jpg,3,596,407,68,122,-1,-1,-1,-1
26, 18801.jpg,4,576,335,59,94,-1,-1,-1,-1
26, 18801.jpg,5,841,299,48,99,-1,-1,-1,-1
26, 18801.jpg,7,878,402,44,106,-1,-1,-1,-1
26, 18801.jpg,8,439,466,57,61,-1,-1,-1,-1
26, 18801.jpg,10,425,344,45,79,-1,-1,-1,-1
26, 18801.jpg,11,275,365,53,117,-1,-1,-1,-1
26, 18801.jpg,13,895,352,45,99,-1,-1,-1,-1
26, 18801.jpg,14,748,342,39,108,-1,-1,-1,-1
26, 18801.jpg,17,626,382,39,109,-1,-1,-1,-1
27, 18802.jpg,2,710,424,52,120,-1,-1,-1,-1
27, 18802.jpg,3,595,409,66,120,-1,-1,-1,-1
27, 18802.jpg,4,573,332,60,96,-1,-1,-1,-1
27, 18802.jpg,5,839,299,48,99,-1,-1,-1,-1
27, 18802.jpg,7,879,402,43,106,-1,-1,-1,-1
27, 18802.jpg,8,442,467,55,58,-1,-1,-1,-1
27, 18802.jpg,9,713,386,45,107,-1,-1,-1,-1
27, 18802.jpg,10,427,345,48,80,-1,-1,-1,-1
27, 18802.jpg,11,274,363,54,122,-1,-1,-1,-1
27, 18802.jpg,13,895,351,45,99,-1,-1,-1,-1
27, 18802.jpg,14,748,340,39,107,-1,-1,-1,-1
27, 18802.jpg,17,632,379,36,102,-1,-1,-1,-1
28, 18803.jpg,3,593,409,67,121,-1,-1,-1,-1
28, 18803.jpg,4,571,330,59,95,-1,-1,-1,-1
28, 18803.jpg,5,837,301,48,97,-1,-1,-1,-1
28, 18803.jpg,7,880,402,43,106,-1,-1,-1,-1
28, 18803.jpg,8,451,468,59,61,-1,-1,-1,-1
28, 18803.jpg,9,720,392,43,101,-1,-1,-1,-1
28, 18803.jpg,10,427,346,49,78,-1,-1,-1,-1
28, 18803.jpg,11,273,363,54,122,-1,-1,-1,-1
28, 18803.jpg,13,896,350,44,99,-1,-1,-1,-1
28, 18803.jpg,14,748,340,38,105,-1,-1,-1,-1
28, 18803.jpg,17,634,380,35,97,-1,-1,-1,-1
29, 18804.jpg,2,712,426,46,108,-1,-1,-1,-1
29, 18804.jpg,3,593,403,70,127,-1,-1,-1,-1
29, 18804.jpg,4,570,329,58,91,-1,-1,-1,-1
29, 18804.jpg,5,835,304,48,94,-1,-1,-1,-1
29, 18804.jpg,7,881,401,43,107,-1,-1,-1,-1
29, 18804.jpg,8,450,471,56,57,-1,-1,-1,-1
29, 18804.jpg,9,722,393,43,101,-1,-1,-1,-1
29, 18804.jpg,10,428,345,50,77,-1,-1,-1,-1
29, 18804.jpg,11,272,364,54,123,-1,-1,-1,-1
29, 18804.jpg,13,897,350,43,97,-1,-1,-1,-1
29, 18804.jpg,14,747,342,36,101,-1,-1,-1,-1
29, 18804.jpg,17,628,378,39,105,-1,-1,-1,-1
30, 18805.jpg,2,713,424,45,106,-1,-1,-1,-1
30, 18805.jpg,3,591,401,73,132,-1,-1,-1,-1
30, 18805.jpg,4,566,325,60,95,-1,-1,-1,-1
30, 18805.jpg,5,835,306,48,93,-1,-1,-1,-1
30, 18805.jpg,7,882,401,43,106,-1,-1,-1,-1
30, 18805.jpg,8,450,476,55,55,-1,-1,-1,-1
30, 18805.jpg,10,428,346,51,77,-1,-1,-1,-1
30, 18805.jpg,11,270,365,54,125,-1,-1,-1,-1
30, 18805.jpg,13,897,350,42,97,-1,-1,-1,-1
30, 18805.jpg,14,748,341,36,100,-1,-1,-1,-1
30, 18805.jpg,17,622,379,41,107,-1,-1,-1,-1
31, 18806.jpg,2,710,421,46,107,-1,-1,-1,-1
31, 18806.jpg,3,595,395,73,135,-1,-1,-1,-1
31, 18806.jpg,4,565,321,60,97,-1,-1,-1,-1
31, 18806.jpg,5,834,308,48,91,-1,-1,-1,-1
31, 18806.jpg,7,884,401,42,105,-1,-1,-1,-1
31, 18806.jpg,8,452,477,56,57,-1,-1,-1,-1
31, 18806.jpg,9,721,367,46,104,-1,-1,-1,-1
31, 18806.jpg,10,428,344,53,79,-1,-1,-1,-1
31, 18806.jpg,11,269,368,54,126,-1,-1,-1,-1
31, 18806.jpg,13,898,349,43,100,-1,-1,-1,-1
31, 18806.jpg,17,623,380,41,104,-1,-1,-1,-1
32, 18807.jpg,2,709,420,45,106,-1,-1,-1,-1
32, 18807.jpg,3,595,398,72,133,-1,-1,-1,-1
32, 18807.jpg,4,564,318,59,96,-1,-1,-1,-1
32, 18807.jpg,5,834,311,47,89,-1,-1,-1,-1
32, 18807.jpg,7,885,401,42,105,-1,-1,-1,-1
32, 18807.jpg,8,456,479,54,55,-1,-1,-1,-1
32, 18807.jpg,9,718,380,47,106,-1,-1,-1,-1
32, 18807.jpg,10,429,344,54,78,-1,-1,-1,-1
32, 18807.jpg,11,268,372,53,123,-1,-1,-1,-1
32, 18807.jpg,13,900,350,41,100,-1,-1,-1,-1
32, 18807.jpg,14,743,345,36,98,-1,-1,-1,-1
32, 18807.jpg,17,623,380,41,103,-1,-1,-1,-1
33, 18808.jpg,3,596,397,72,132,-1,-1,-1,-1
33, 18808.jpg,4,563,313,60,98,-1,-1,-1,-1
33, 18808.jpg,5,835,311,49,90,-1,-1,-1,-1
33, 18808.jpg,7,888,404,41,103,-1,-1,-1,-1
33, 18808.jpg,9,716,389,42,95,-1,-1,-1,-1
33, 18808.jpg,10,429,343,56,79,-1,-1,-1,-1
33, 18808.jpg,11,268,377,51,118,-1,-1,-1,-1
33, 18808.jpg,13,899,353,40,98,-1,-1,-1,-1
33, 18808.jpg,14,741,345,37,99,-1,-1,-1,-1
33, 18808.jpg,17,621,382,42,101,-1,-1,-1,-1
34, 18809.jpg,2,708,423,44,106,-1,-1,-1,-1
34, 18809.jpg,3,596,407,67,123,-1,-1,-1,-1
34, 18809.jpg,4,562,308,60,102,-1,-1,-1,-1
34, 18809.jpg,5,835,310,51,92,-1,-1,-1,-1
34, 18809.jpg,7,889,406,41,102,-1,-1,-1,-1
34, 18809.jpg,9,716,390,42,95,-1,-1,-1,-1
34, 18809.jpg,10,430,341,58,82,-1,-1,-1,-1
34, 18809.jpg,11,268,381,50,115,-1,-1,-1,-1
34, 18809.jpg,13,899,356,39,93,-1,-1,-1,-1
34, 18809.jpg,14,730,353,39,102,-1,-1,-1,-1
34, 18809.jpg,17,615,381,39,96,-1,-1,-1,-1
35, 18810.jpg,2,707,421,44,108,-1,-1,-1,-1
35, 18810.jpg,3,595,410,65,119,-1,-1,-1,-1
35, 18810.jpg,4,561,304,61,106,-1,-1,-1,-1
35, 18810.jpg,5,836,310,52,92,-1,-1,-1,-1
35, 18810.jpg,7,891,406,41,102,-1,-1,-1,-1
35, 18810.jpg,9,713,384,41,93,-1,-1,-1,-1
35, 18810.jpg,10,430,339,60,83,-1,-1,-1,-1
35, 18810.jpg,11,268,384,50,112,-1,-1,-1,-1
35, 18810.jpg,13,901,353,38,92,-1,-1,-1,-1
35, 18810.jpg,14,732,343,40,105,-1,-1,-1,-1
35, 18810.jpg,17,613,382,39,94,-1,-1,-1,-1
35, 18810.jpg,19,455,477,83,60,-1,-1,-1,-1
36, 18811.jpg,2,708,410,47,118,-1,-1,-1,-1
36, 18811.jpg,3,592,400,70,130,-1,-1,-1,-1
36, 18811.jpg,4,558,302,60,108,-1,-1,-1,-1
36, 18811.jpg,5,837,309,54,93,-1,-1,-1,-1
36, 18811.jpg,7,891,406,43,101,-1,-1,-1,-1
36, 18811.jpg,9,713,384,41,92,-1,-1,-1,-1
36, 18811.jpg,10,432,337,61,85,-1,-1,-1,-1
36, 18811.jpg,11,267,386,51,110,-1,-1,-1,-1
36, 18811.jpg,13,905,352,35,83,-1,-1,-1,-1
36, 18811.jpg,14,734,339,39,104,-1,-1,-1,-1
36, 18811.jpg,19,454,474,86,63,-1,-1,-1,-1
37, 18812.jpg,2,707,408,47,118,-1,-1,-1,-1
37, 18812.jpg,3,590,395,74,138,-1,-1,-1,-1
37, 18812.jpg,4,556,299,59,109,-1,-1,-1,-1
37, 18812.jpg,5,839,306,56,94,-1,-1,-1,-1
37, 18812.jpg,7,894,406,43,103,-1,-1,-1,-1
37, 18812.jpg,9,712,380,40,96,-1,-1,-1,-1
37, 18812.jpg,10,434,335,59,84,-1,-1,-1,-1
37, 18812.jpg,11,266,387,50,108,-1,-1,-1,-1
37, 18812.jpg,13,910,350,33,77,-1,-1,-1,-1
37, 18812.jpg,14,734,336,39,105,-1,-1,-1,-1
37, 18812.jpg,19,454,473,88,64,-1,-1,-1,-1
38, 18813.jpg,3,590,398,70,131,-1,-1,-1,-1
38, 18813.jpg,4,555,298,56,105,-1,-1,-1,-1
38, 18813.jpg,5,842,304,57,95,-1,-1,-1,-1
38, 18813.jpg,7,895,404,45,107,-1,-1,-1,-1
38, 18813.jpg,9,713,379,39,95,-1,-1,-1,-1
38, 18813.jpg,10,436,333,60,85,-1,-1,-1,-1
38, 18813.jpg,11,263,386,51,109,-1,-1,-1,-1
38, 18813.jpg,13,912,351,34,78,-1,-1,-1,-1
38, 18813.jpg,14,734,334,39,104,-1,-1,-1,-1
38, 18813.jpg,19,461,471,86,62,-1,-1,-1,-1
39, 18814.jpg,2,710,403,45,117,-1,-1,-1,-1
39, 18814.jpg,3,589,393,70,132,-1,-1,-1,-1
39, 18814.jpg,4,552,295,54,103,-1,-1,-1,-1
39, 18814.jpg,5,846,303,56,94,-1,-1,-1,-1
39, 18814.jpg,7,896,403,46,108,-1,-1,-1,-1
39, 18814.jpg,9,713,378,39,96,-1,-1,-1,-1
39, 18814.jpg,10,438,331,60,86,-1,-1,-1,-1
39, 18814.jpg,11,260,383,54,112,-1,-1,-1,-1
39, 18814.jpg,13,913,352,34,80,-1,-1,-1,-1
39, 18814.jpg,14,731,329,39,103,-1,-1,-1,-1
39, 18814.jpg,17,583,378,46,110,-1,-1,-1,-1
39, 18814.jpg,19,460,469,88,64,-1,-1,-1,-1
40, 18815.jpg,2,712,400,42,115,-1,-1,-1,-1
40, 18815.jpg,3,591,395,68,129,-1,-1,-1,-1
40, 18815.jpg,4,550,293,52,103,-1,-1,-1,-1
40, 18815.jpg,5,853,302,55,94,-1,-1,-1,-1
40, 18815.jpg,7,897,406,46,104,-1,-1,-1,-1
40, 18815.jpg,10,438,328,61,89,-1,-1,-1,-1
40, 18815.jpg,11,258,381,55,111,-1,-1,-1,-1
40, 18815.jpg,13,911,349,36,84,-1,-1,-1,-1
40, 18815.jpg,14,723,337,38,100,-1,-1,-1,-1
40, 18815.jpg,17,580,380,45,108,-1,-1,-1,-1
40, 18815.jpg,19,461,469,88,65,-1,-1,-1,-1
