2, 44877.jpg,2,632,264,42,103,-1,-1,-1,-1
2, 44877.jpg,3,412,333,72,92,-1,-1,-1,-1
2, 44877.jpg,4,454,398,93,114,-1,-1,-1,-1
2, 44877.jpg,5,800,361,62,129,-1,-1,-1,-1
2, 44877.jpg,6,513,323,65,118,-1,-1,-1,-1
2, 44877.jpg,7,929,360,49,116,-1,-1,-1,-1
2, 44877.jpg,8,1012,249,59,137,-1,-1,-1,-1
2, 44877.jpg,9,501,258,43,86,-1,-1,-1,-1
2, 44877.jpg,10,388,241,50,99,-1,-1,-1,-1
2, 44877.jpg,11,814,254,42,105,-1,-1,-1,-1
3, 44878.jpg,2,630,256,45,112,-1,-1,-1,-1
3, 44878.jpg,3,416,333,75,96,-1,-1,-1,-1
3, 44878.jpg,4,457,398,92,113,-1,-1,-1,-1
3, 44878.jpg,5,803,363,63,128,-1,-1,-1,-1
3, 44878.jpg,6,513,323,66,118,-1,-1,-1,-1
3, 44878.jpg,7,928,360,51,119,-1,-1,-1,-1
3, 44878.jpg,8,1013,253,59,133,-1,-1,-1,-1
3, 44878.jpg,9,503,258,43,87,-1,-1,-1,-1
3, 44878.jpg,10,388,240,52,101,-1,-1,-1,-1
3, 44878.jpg,11,817,257,41,101,-1,-1,-1,-1
4, 44879.jpg,2,628,247,45,111,-1,-1,-1,-1
4, 44879.jpg,3,412,331,74,93,-1,-1,-1,-1
4, 44879.jpg,4,457,399,92,113,-1,-1,-1,-1
4, 44879.jpg,5,805,365,62,128,-1,-1,-1,-1
4, 44879.jpg,6,514,322,66,120,-1,-1,-1,-1
4, 44879.jpg,7,928,361,50,115,-1,-1,-1,-1
4, 44879.jpg,8,1012,254,59,133,-1,-1,-1,-1
4, 44879.jpg,9,502,256,43,88,-1,-1,-1,-1
4, 44879.jpg,10,387,241,53,102,-1,-1,-1,-1
4, 44879.jpg,11,820,258,41,101,-1,-1,-1,-1
5, 44880.jpg,2,638,254,45,111,-1,-1,-1,-1
5, 44880.jpg,3,421,333,74,93,-1,-1,-1,-1
5, 44880.jpg,4,456,399,93,113,-1,-1,-1,-1
5, 44880.jpg,5,807,366,62,126,-1,-1,-1,-1
5, 44880.jpg,6,515,321,66,120,-1,-1,-1,-1
5, 44880.jpg,7,927,360,51,115,-1,-1,-1,-1
5, 44880.jpg,8,1011,255,60,133,-1,-1,-1,-1
5, 44880.jpg,9,500,254,46,91,-1,-1,-1,-1
5, 44880.jpg,10,387,241,54,103,-1,-1,-1,-1
5, 44880.jpg,11,822,258,42,102,-1,-1,-1,-1
5, 44880.jpg,12,662,279,35,95,-1,-1,-1,-1
6, 44881.jpg,2,637,247,46,112,-1,-1,-1,-1
6, 44881.jpg,3,425,333,75,96,-1,-1,-1,-1
6, 44881.jpg,4,453,397,95,116,-1,-1,-1,-1
6, 44881.jpg,5,810,366,60,124,-1,-1,-1,-1
6, 44881.jpg,6,515,321,65,120,-1,-1,-1,-1
6, 44881.jpg,7,927,359,50,115,-1,-1,-1,-1
6, 44881.jpg,8,1012,256,60,131,-1,-1,-1,-1
6, 44881.jpg,9,502,252,46,90,-1,-1,-1,-1
6, 44881.jpg,10,386,239,54,104,-1,-1,-1,-1
6, 44881.jpg,11,824,259,41,99,-1,-1,-1,-1
6, 44881.jpg,12,665,274,38,104,-1,-1,-1,-1
7, 44882.jpg,2,639,244,46,113,-1,-1,-1,-1
7, 44882.jpg,3,426,332,77,97,-1,-1,-1,-1
7, 44882.jpg,4,450,394,97,119,-1,-1,-1,-1
7, 44882.jpg,5,811,366,60,123,-1,-1,-1,-1
7, 44882.jpg,6,515,320,66,119,-1,-1,-1,-1
7, 44882.jpg,7,925,355,51,117,-1,-1,-1,-1
7, 44882.jpg,8,1009,255,60,131,-1,-1,-1,-1
7, 44882.jpg,9,506,249,45,89,-1,-1,-1,-1
7, 44882.jpg,10,385,239,54,104,-1,-1,-1,-1
7, 44882.jpg,11,826,260,40,96,-1,-1,-1,-1
7, 44882.jpg,12,671,272,39,108,-1,-1,-1,-1
8, 44883.jpg,2,640,240,46,115,-1,-1,-1,-1
8, 44883.jpg,3,431,334,70,90,-1,-1,-1,-1
8, 44883.jpg,4,447,390,97,122,-1,-1,-1,-1
8, 44883.jpg,5,814,364,59,123,-1,-1,-1,-1
8, 44883.jpg,6,516,319,65,120,-1,-1,-1,-1
8, 44883.jpg,7,924,354,50,116,-1,-1,-1,-1
8, 44883.jpg,8,1007,254,61,131,-1,-1,-1,-1
8, 44883.jpg,9,506,246,47,92,-1,-1,-1,-1
8, 44883.jpg,10,384,239,53,102,-1,-1,-1,-1
8, 44883.jpg,11,829,259,42,100,-1,-1,-1,-1
8, 44883.jpg,12,666,264,44,117,-1,-1,-1,-1
9, 44884.jpg,2,647,246,45,110,-1,-1,-1,-1
9, 44884.jpg,3,431,332,73,94,-1,-1,-1,-1
9, 44884.jpg,4,444,391,92,118,-1,-1,-1,-1
9, 44884.jpg,5,815,364,61,125,-1,-1,-1,-1
9, 44884.jpg,6,516,318,65,119,-1,-1,-1,-1
9, 44884.jpg,7,923,352,50,117,-1,-1,-1,-1
9, 44884.jpg,8,1006,254,61,132,-1,-1,-1,-1
9, 44884.jpg,9,508,246,48,92,-1,-1,-1,-1
9, 44884.jpg,10,384,238,53,103,-1,-1,-1,-1
9, 44884.jpg,11,832,260,42,99,-1,-1,-1,-1
9, 44884.jpg,12,676,272,42,114,-1,-1,-1,-1
10, 44885.jpg,2,662,259,44,110,-1,-1,-1,-1
10, 44885.jpg,3,435,333,74,95,-1,-1,-1,-1
10, 44885.jpg,4,443,393,88,115,-1,-1,-1,-1
10, 44885.jpg,5,818,366,59,122,-1,-1,-1,-1
10, 44885.jpg,6,516,317,65,121,-1,-1,-1,-1
10, 44885.jpg,7,922,351,50,117,-1,-1,-1,-1
10, 44885.jpg,8,1004,253,61,134,-1,-1,-1,-1
10, 44885.jpg,9,509,243,50,97,-1,-1,-1,-1
10, 44885.jpg,10,383,236,52,105,-1,-1,-1,-1
10, 44885.jpg,11,833,260,43,100,-1,-1,-1,-1
10, 44885.jpg,12,680,271,42,117,-1,-1,-1,-1
11, 44886.jpg,2,659,253,44,109,-1,-1,-1,-1
11, 44886.jpg,3,440,331,74,96,-1,-1,-1,-1
11, 44886.jpg,4,442,395,83,111,-1,-1,-1,-1
11, 44886.jpg,5,820,367,60,122,-1,-1,-1,-1
11, 44886.jpg,6,517,318,63,120,-1,-1,-1,-1
11, 44886.jpg,7,922,351,49,114,-1,-1,-1,-1
11, 44886.jpg,8,1002,253,60,134,-1,-1,-1,-1
11, 44886.jpg,9,513,242,50,99,-1,-1,-1,-1
11, 44886.jpg,10,382,234,53,110,-1,-1,-1,-1
11, 44886.jpg,11,834,260,44,102,-1,-1,-1,-1
11, 44886.jpg,12,689,283,38,105,-1,-1,-1,-1
12, 44887.jpg,2,663,252,42,105,-1,-1,-1,-1
12, 44887.jpg,3,441,329,73,96,-1,-1,-1,-1
12, 44887.jpg,4,442,391,82,114,-1,-1,-1,-1
12, 44887.jpg,5,825,368,58,119,-1,-1,-1,-1
12, 44887.jpg,6,517,321,61,116,-1,-1,-1,-1
12, 44887.jpg,7,921,350,49,114,-1,-1,-1,-1
12, 44887.jpg,8,1001,254,57,131,-1,-1,-1,-1
12, 44887.jpg,9,515,242,50,98,-1,-1,-1,-1
12, 44887.jpg,10,381,234,57,117,-1,-1,-1,-1
12, 44887.jpg,11,834,261,45,103,-1,-1,-1,-1
12, 44887.jpg,12,690,289,37,98,-1,-1,-1,-1
13, 44888.jpg,2,665,253,42,105,-1,-1,-1,-1
13, 44888.jpg,3,442,330,66,84,-1,-1,-1,-1
13, 44888.jpg,4,442,390,80,114,-1,-1,-1,-1
13, 44888.jpg,5,829,367,58,119,-1,-1,-1,-1
13, 44888.jpg,6,517,321,60,116,-1,-1,-1,-1
13, 44888.jpg,7,920,350,48,112,-1,-1,-1,-1
13, 44888.jpg,8,1001,256,54,127,-1,-1,-1,-1
13, 44888.jpg,9,514,240,52,103,-1,-1,-1,-1
13, 44888.jpg,10,380,236,55,115,-1,-1,-1,-1
13, 44888.jpg,11,835,263,44,102,-1,-1,-1,-1
13, 44888.jpg,12,698,289,36,96,-1,-1,-1,-1
14, 44889.jpg,2,672,256,44,103,-1,-1,-1,-1
14, 44889.jpg,3,442,329,73,92,-1,-1,-1,-1
14, 44889.jpg,4,440,389,79,115,-1,-1,-1,-1
14, 44889.jpg,5,834,366,59,120,-1,-1,-1,-1
14, 44889.jpg,6,518,320,59,116,-1,-1,-1,-1
14, 44889.jpg,7,918,351,49,111,-1,-1,-1,-1
14, 44889.jpg,8,997,252,56,134,-1,-1,-1,-1
14, 44889.jpg,9,515,241,51,103,-1,-1,-1,-1
14, 44889.jpg,10,379,239,54,113,-1,-1,-1,-1
14, 44889.jpg,11,836,265,43,100,-1,-1,-1,-1
14, 44889.jpg,12,702,289,37,95,-1,-1,-1,-1
15, 44890.jpg,2,682,266,45,104,-1,-1,-1,-1
15, 44890.jpg,3,450,329,71,90,-1,-1,-1,-1
15, 44890.jpg,4,440,387,76,113,-1,-1,-1,-1
15, 44890.jpg,5,838,365,58,120,-1,-1,-1,-1
15, 44890.jpg,6,518,319,60,119,-1,-1,-1,-1
15, 44890.jpg,7,915,351,49,110,-1,-1,-1,-1
15, 44890.jpg,8,996,253,55,132,-1,-1,-1,-1
15, 44890.jpg,9,515,242,52,105,-1,-1,-1,-1
15, 44890.jpg,10,378,242,52,108,-1,-1,-1,-1
15, 44890.jpg,11,838,266,42,99,-1,-1,-1,-1
15, 44890.jpg,12,705,294,37,94,-1,-1,-1,-1
16, 44891.jpg,2,679,259,46,104,-1,-1,-1,-1
16, 44891.jpg,3,457,330,69,89,-1,-1,-1,-1
16, 44891.jpg,4,439,386,76,115,-1,-1,-1,-1
16, 44891.jpg,5,841,363,59,122,-1,-1,-1,-1
16, 44891.jpg,6,519,318,60,120,-1,-1,-1,-1
16, 44891.jpg,7,912,350,51,113,-1,-1,-1,-1
16, 44891.jpg,8,992,253,56,133,-1,-1,-1,-1
16, 44891.jpg,9,518,242,52,106,-1,-1,-1,-1
16, 44891.jpg,10,378,243,50,106,-1,-1,-1,-1
16, 44891.jpg,11,838,268,43,99,-1,-1,-1,-1
16, 44891.jpg,12,709,296,39,96,-1,-1,-1,-1
17, 44892.jpg,2,678,255,48,107,-1,-1,-1,-1
17, 44892.jpg,3,460,329,68,89,-1,-1,-1,-1
17, 44892.jpg,4,439,386,73,112,-1,-1,-1,-1
17, 44892.jpg,5,848,364,56,119,-1,-1,-1,-1
17, 44892.jpg,6,522,318,57,119,-1,-1,-1,-1
17, 44892.jpg,7,912,348,50,113,-1,-1,-1,-1
17, 44892.jpg,8,988,254,57,133,-1,-1,-1,-1
17, 44892.jpg,9,519,242,53,109,-1,-1,-1,-1
17, 44892.jpg,10,377,244,51,106,-1,-1,-1,-1
17, 44892.jpg,11,839,269,42,99,-1,-1,-1,-1
17, 44892.jpg,12,714,296,40,99,-1,-1,-1,-1
18, 44893.jpg,2,683,256,46,101,-1,-1,-1,-1
18, 44893.jpg,3,461,330,65,89,-1,-1,-1,-1
18, 44893.jpg,4,436,386,75,115,-1,-1,-1,-1
18, 44893.jpg,5,852,362,56,120,-1,-1,-1,-1
18, 44893.jpg,6,513,321,55,112,-1,-1,-1,-1
18, 44893.jpg,7,912,347,50,112,-1,-1,-1,-1
18, 44893.jpg,8,985,254,58,134,-1,-1,-1,-1
18, 44893.jpg,9,521,242,53,111,-1,-1,-1,-1
18, 44893.jpg,10,375,242,53,110,-1,-1,-1,-1
18, 44893.jpg,11,839,270,43,100,-1,-1,-1,-1
18, 44893.jpg,12,715,295,41,101,-1,-1,-1,-1
19, 44894.jpg,2,687,256,48,106,-1,-1,-1,-1
19, 44894.jpg,3,464,332,62,86,-1,-1,-1,-1
19, 44894.jpg,4,437,375,78,121,-1,-1,-1,-1
19, 44894.jpg,5,855,362,56,120,-1,-1,-1,-1
19, 44894.jpg,6,509,321,54,110,-1,-1,-1,-1
19, 44894.jpg,7,895,351,52,117,-1,-1,-1,-1
19, 44894.jpg,8,982,253,61,139,-1,-1,-1,-1
19, 44894.jpg,9,524,241,51,110,-1,-1,-1,-1
19, 44894.jpg,10,371,241,56,117,-1,-1,-1,-1
19, 44894.jpg,11,839,269,43,102,-1,-1,-1,-1
19, 44894.jpg,12,717,291,45,109,-1,-1,-1,-1
20, 44895.jpg,2,692,256,48,107,-1,-1,-1,-1
20, 44895.jpg,3,468,330,60,86,-1,-1,-1,-1
20, 44895.jpg,4,435,381,77,119,-1,-1,-1,-1
20, 44895.jpg,6,507,322,55,108,-1,-1,-1,-1
20, 44895.jpg,7,884,356,53,115,-1,-1,-1,-1
20, 44895.jpg,8,982,255,61,137,-1,-1,-1,-1
20, 44895.jpg,9,526,241,50,109,-1,-1,-1,-1
20, 44895.jpg,10,368,241,56,118,-1,-1,-1,-1
20, 44895.jpg,11,838,268,44,105,-1,-1,-1,-1
20, 44895.jpg,12,716,291,45,108,-1,-1,-1,-1
21, 44896.jpg,2,696,255,47,108,-1,-1,-1,-1
21, 44896.jpg,3,469,330,60,86,-1,-1,-1,-1
21, 44896.jpg,4,431,377,80,125,-1,-1,-1,-1
21, 44896.jpg,5,865,367,52,116,-1,-1,-1,-1
21, 44896.jpg,6,518,318,58,116,-1,-1,-1,-1
21, 44896.jpg,7,886,355,52,115,-1,-1,-1,-1
21, 44896.jpg,8,981,257,60,136,-1,-1,-1,-1
21, 44896.jpg,9,527,241,50,111,-1,-1,-1,-1
21, 44896.jpg,10,364,240,57,123,-1,-1,-1,-1
21, 44896.jpg,11,837,269,44,104,-1,-1,-1,-1
21, 44896.jpg,12,716,286,46,107,-1,-1,-1,-1
22, 44897.jpg,2,701,256,47,109,-1,-1,-1,-1
22, 44897.jpg,3,471,331,57,84,-1,-1,-1,-1
22, 44897.jpg,4,427,378,81,127,-1,-1,-1,-1
22, 44897.jpg,5,868,368,53,114,-1,-1,-1,-1
22, 44897.jpg,6,511,320,56,112,-1,-1,-1,-1
22, 44897.jpg,7,887,355,52,114,-1,-1,-1,-1
22, 44897.jpg,8,977,258,61,136,-1,-1,-1,-1
22, 44897.jpg,9,528,242,50,112,-1,-1,-1,-1
22, 44897.jpg,10,362,242,53,117,-1,-1,-1,-1
22, 44897.jpg,11,836,269,44,106,-1,-1,-1,-1
22, 44897.jpg,12,721,286,48,113,-1,-1,-1,-1
23, 44898.jpg,2,711,267,49,112,-1,-1,-1,-1
23, 44898.jpg,3,471,332,56,83,-1,-1,-1,-1
23, 44898.jpg,4,426,381,79,124,-1,-1,-1,-1
23, 44898.jpg,6,520,319,57,115,-1,-1,-1,-1
23, 44898.jpg,7,887,353,52,115,-1,-1,-1,-1
23, 44898.jpg,8,974,257,62,136,-1,-1,-1,-1
23, 44898.jpg,9,530,241,49,115,-1,-1,-1,-1
23, 44898.jpg,10,360,243,50,113,-1,-1,-1,-1
23, 44898.jpg,11,836,270,44,107,-1,-1,-1,-1
23, 44898.jpg,12,724,286,49,114,-1,-1,-1,-1
24, 44899.jpg,2,710,264,47,109,-1,-1,-1,-1
24, 44899.jpg,3,486,328,62,93,-1,-1,-1,-1
24, 44899.jpg,4,419,372,82,133,-1,-1,-1,-1
24, 44899.jpg,6,523,317,57,119,-1,-1,-1,-1
24, 44899.jpg,7,878,360,56,120,-1,-1,-1,-1
24, 44899.jpg,8,972,257,61,138,-1,-1,-1,-1
24, 44899.jpg,9,533,243,47,112,-1,-1,-1,-1
24, 44899.jpg,10,358,243,48,110,-1,-1,-1,-1
24, 44899.jpg,11,834,270,46,109,-1,-1,-1,-1
25, 44900.jpg,2,723,267,46,105,-1,-1,-1,-1
25, 44900.jpg,3,493,326,65,99,-1,-1,-1,-1
25, 44900.jpg,4,414,365,83,140,-1,-1,-1,-1
25, 44900.jpg,6,524,317,57,119,-1,-1,-1,-1
25, 44900.jpg,7,877,368,57,118,-1,-1,-1,-1
25, 44900.jpg,8,969,258,61,138,-1,-1,-1,-1
25, 44900.jpg,9,535,244,46,109,-1,-1,-1,-1
25, 44900.jpg,10,357,245,48,107,-1,-1,-1,-1
25, 44900.jpg,11,835,271,45,108,-1,-1,-1,-1
26, 44901.jpg,2,728,268,46,104,-1,-1,-1,-1
26, 44901.jpg,3,497,326,66,99,-1,-1,-1,-1
26, 44901.jpg,4,411,363,84,142,-1,-1,-1,-1
26, 44901.jpg,7,875,369,56,118,-1,-1,-1,-1
26, 44901.jpg,8,967,259,61,138,-1,-1,-1,-1
26, 44901.jpg,9,537,244,45,109,-1,-1,-1,-1
26, 44901.jpg,10,356,245,47,107,-1,-1,-1,-1
26, 44901.jpg,11,835,271,45,109,-1,-1,-1,-1
