2, 27052.jpg,2,230,445,75,60,-1,-1,-1,-1
2, 27052.jpg,3,513,297,45,79,-1,-1,-1,-1
2, 27052.jpg,4,699,342,37,80,-1,-1,-1,-1
2, 27052.jpg,5,607,379,44,104,-1,-1,-1,-1
2, 27052.jpg,6,374,417,86,109,-1,-1,-1,-1
2, 27052.jpg,7,946,414,78,98,-1,-1,-1,-1
2, 27052.jpg,8,746,377,50,106,-1,-1,-1,-1
2, 27052.jpg,9,1039,350,41,90,-1,-1,-1,-1
2, 27052.jpg,10,481,335,36,82,-1,-1,-1,-1
2, 27052.jpg,11,578,373,39,59,-1,-1,-1,-1
2, 27052.jpg,12,939,322,53,81,-1,-1,-1,-1
3, 27053.jpg,2,213,448,77,62,-1,-1,-1,-1
3, 27053.jpg,3,509,298,43,76,-1,-1,-1,-1
3, 27053.jpg,4,697,335,40,87,-1,-1,-1,-1
3, 27053.jpg,5,605,377,44,104,-1,-1,-1,-1
3, 27053.jpg,6,377,418,84,106,-1,-1,-1,-1
3, 27053.jpg,7,947,413,78,99,-1,-1,-1,-1
3, 27053.jpg,8,747,377,49,106,-1,-1,-1,-1
3, 27053.jpg,9,1038,349,41,90,-1,-1,-1,-1
3, 27053.jpg,10,475,334,36,81,-1,-1,-1,-1
3, 27053.jpg,11,576,370,39,60,-1,-1,-1,-1
3, 27053.jpg,12,938,319,53,82,-1,-1,-1,-1
4, 27054.jpg,2,225,451,71,58,-1,-1,-1,-1
4, 27054.jpg,3,505,296,44,79,-1,-1,-1,-1
4, 27054.jpg,4,693,329,41,89,-1,-1,-1,-1
4, 27054.jpg,5,601,376,44,105,-1,-1,-1,-1
4, 27054.jpg,6,380,418,85,108,-1,-1,-1,-1
4, 27054.jpg,7,948,412,78,101,-1,-1,-1,-1
4, 27054.jpg,8,747,376,50,110,-1,-1,-1,-1
4, 27054.jpg,9,1036,348,41,90,-1,-1,-1,-1
4, 27054.jpg,10,469,332,37,84,-1,-1,-1,-1
4, 27054.jpg,11,574,368,39,60,-1,-1,-1,-1
4, 27054.jpg,12,938,317,53,83,-1,-1,-1,-1
5, 27055.jpg,2,223,457,66,53,-1,-1,-1,-1
5, 27055.jpg,3,500,295,45,81,-1,-1,-1,-1
5, 27055.jpg,4,690,325,44,96,-1,-1,-1,-1
5, 27055.jpg,5,599,376,44,105,-1,-1,-1,-1
5, 27055.jpg,6,385,416,83,109,-1,-1,-1,-1
5, 27055.jpg,7,950,412,77,101,-1,-1,-1,-1
5, 27055.jpg,8,747,375,52,114,-1,-1,-1,-1
5, 27055.jpg,9,1034,349,40,86,-1,-1,-1,-1
5, 27055.jpg,10,462,332,38,85,-1,-1,-1,-1
5, 27055.jpg,11,568,368,40,62,-1,-1,-1,-1
5, 27055.jpg,12,939,316,50,81,-1,-1,-1,-1
6, 27056.jpg,2,221,454,70,56,-1,-1,-1,-1
6, 27056.jpg,3,498,295,44,81,-1,-1,-1,-1
6, 27056.jpg,4,687,325,44,95,-1,-1,-1,-1
6, 27056.jpg,5,596,376,43,104,-1,-1,-1,-1
6, 27056.jpg,6,389,414,84,112,-1,-1,-1,-1
6, 27056.jpg,7,952,412,76,102,-1,-1,-1,-1
6, 27056.jpg,8,750,377,51,113,-1,-1,-1,-1
6, 27056.jpg,9,1032,350,39,85,-1,-1,-1,-1
6, 27056.jpg,10,458,332,38,84,-1,-1,-1,-1
6, 27056.jpg,11,567,367,40,63,-1,-1,-1,-1
6, 27056.jpg,12,939,316,49,79,-1,-1,-1,-1
7, 27057.jpg,2,209,453,71,58,-1,-1,-1,-1
7, 27057.jpg,3,496,295,44,80,-1,-1,-1,-1
7, 27057.jpg,4,684,324,45,97,-1,-1,-1,-1
7, 27057.jpg,5,593,376,43,103,-1,-1,-1,-1
7, 27057.jpg,6,394,412,81,113,-1,-1,-1,-1
7, 27057.jpg,7,953,413,73,99,-1,-1,-1,-1
7, 27057.jpg,8,751,378,51,114,-1,-1,-1,-1
7, 27057.jpg,9,1030,352,39,83,-1,-1,-1,-1
7, 27057.jpg,10,454,332,37,83,-1,-1,-1,-1
7, 27057.jpg,11,565,365,41,65,-1,-1,-1,-1
7, 27057.jpg,12,938,315,48,77,-1,-1,-1,-1
8, 27058.jpg,2,209,456,67,54,-1,-1,-1,-1
8, 27058.jpg,3,494,296,44,80,-1,-1,-1,-1
8, 27058.jpg,4,681,325,46,96,-1,-1,-1,-1
8, 27058.jpg,5,590,374,43,105,-1,-1,-1,-1
8, 27058.jpg,6,399,410,79,114,-1,-1,-1,-1
8, 27058.jpg,7,952,413,74,101,-1,-1,-1,-1
8, 27058.jpg,8,753,380,50,112,-1,-1,-1,-1
8, 27058.jpg,9,1027,352,39,82,-1,-1,-1,-1
8, 27058.jpg,10,450,330,38,85,-1,-1,-1,-1
8, 27058.jpg,11,564,363,40,65,-1,-1,-1,-1
8, 27058.jpg,12,940,316,46,76,-1,-1,-1,-1
9, 27059.jpg,2,203,454,68,56,-1,-1,-1,-1
9, 27059.jpg,3,489,299,44,80,-1,-1,-1,-1
9, 27059.jpg,4,679,324,47,98,-1,-1,-1,-1
9, 27059.jpg,5,588,373,44,106,-1,-1,-1,-1
9, 27059.jpg,6,404,410,77,114,-1,-1,-1,-1
9, 27059.jpg,7,953,415,71,100,-1,-1,-1,-1
9, 27059.jpg,8,756,381,50,113,-1,-1,-1,-1
9, 27059.jpg,9,1025,353,38,81,-1,-1,-1,-1
9, 27059.jpg,10,446,330,38,85,-1,-1,-1,-1
9, 27059.jpg,11,563,362,40,65,-1,-1,-1,-1
9, 27059.jpg,12,940,317,47,75,-1,-1,-1,-1
10, 27060.jpg,2,209,456,64,53,-1,-1,-1,-1
10, 27060.jpg,3,485,301,45,80,-1,-1,-1,-1
10, 27060.jpg,4,678,325,46,95,-1,-1,-1,-1
10, 27060.jpg,5,587,373,43,107,-1,-1,-1,-1
10, 27060.jpg,6,410,411,72,111,-1,-1,-1,-1
10, 27060.jpg,7,953,418,70,97,-1,-1,-1,-1
10, 27060.jpg,8,760,383,49,111,-1,-1,-1,-1
10, 27060.jpg,9,1023,354,38,80,-1,-1,-1,-1
10, 27060.jpg,10,443,329,39,86,-1,-1,-1,-1
10, 27060.jpg,11,561,360,42,70,-1,-1,-1,-1
10, 27060.jpg,12,941,317,47,76,-1,-1,-1,-1
11, 27061.jpg,2,211,456,64,53,-1,-1,-1,-1
11, 27061.jpg,3,482,302,46,80,-1,-1,-1,-1
11, 27061.jpg,4,676,326,46,92,-1,-1,-1,-1
11, 27061.jpg,5,582,371,44,108,-1,-1,-1,-1
11, 27061.jpg,6,414,413,69,108,-1,-1,-1,-1
11, 27061.jpg,7,952,418,69,97,-1,-1,-1,-1
11, 27061.jpg,8,763,384,49,111,-1,-1,-1,-1
11, 27061.jpg,9,1021,355,38,80,-1,-1,-1,-1
11, 27061.jpg,10,441,329,39,85,-1,-1,-1,-1
11, 27061.jpg,11,559,358,43,74,-1,-1,-1,-1
11, 27061.jpg,12,941,317,47,75,-1,-1,-1,-1
12, 27062.jpg,2,211,454,65,55,-1,-1,-1,-1
12, 27062.jpg,3,481,303,46,79,-1,-1,-1,-1
12, 27062.jpg,4,686,329,45,91,-1,-1,-1,-1
12, 27062.jpg,5,573,368,42,102,-1,-1,-1,-1
12, 27062.jpg,6,420,416,66,106,-1,-1,-1,-1
12, 27062.jpg,7,953,419,68,96,-1,-1,-1,-1
12, 27062.jpg,8,765,385,51,111,-1,-1,-1,-1
12, 27062.jpg,9,1017,354,39,80,-1,-1,-1,-1
12, 27062.jpg,10,440,328,39,85,-1,-1,-1,-1
12, 27062.jpg,11,556,356,45,76,-1,-1,-1,-1
12, 27062.jpg,12,940,317,47,75,-1,-1,-1,-1
13, 27063.jpg,2,212,453,65,56,-1,-1,-1,-1
13, 27063.jpg,3,478,304,47,79,-1,-1,-1,-1
13, 27063.jpg,4,685,327,46,94,-1,-1,-1,-1
13, 27063.jpg,5,575,368,43,104,-1,-1,-1,-1
13, 27063.jpg,6,425,419,63,103,-1,-1,-1,-1
13, 27063.jpg,7,953,417,67,98,-1,-1,-1,-1
13, 27063.jpg,8,765,385,53,114,-1,-1,-1,-1
13, 27063.jpg,9,1014,353,40,82,-1,-1,-1,-1
13, 27063.jpg,10,438,328,39,85,-1,-1,-1,-1
13, 27063.jpg,11,556,354,45,78,-1,-1,-1,-1
13, 27063.jpg,12,939,320,46,72,-1,-1,-1,-1
14, 27064.jpg,2,214,453,64,57,-1,-1,-1,-1
14, 27064.jpg,3,472,304,49,81,-1,-1,-1,-1
14, 27064.jpg,4,679,322,47,94,-1,-1,-1,-1
14, 27064.jpg,5,572,366,43,105,-1,-1,-1,-1
14, 27064.jpg,6,429,422,62,101,-1,-1,-1,-1
14, 27064.jpg,7,952,411,69,104,-1,-1,-1,-1
14, 27064.jpg,8,766,386,53,114,-1,-1,-1,-1
14, 27064.jpg,9,1011,351,42,83,-1,-1,-1,-1
14, 27064.jpg,10,435,327,39,87,-1,-1,-1,-1
14, 27064.jpg,11,556,353,45,77,-1,-1,-1,-1
14, 27064.jpg,12,936,320,45,70,-1,-1,-1,-1
15, 27065.jpg,2,214,452,65,60,-1,-1,-1,-1
15, 27065.jpg,3,469,304,49,82,-1,-1,-1,-1
15, 27065.jpg,4,691,325,47,98,-1,-1,-1,-1
15, 27065.jpg,5,570,363,44,107,-1,-1,-1,-1
15, 27065.jpg,6,433,423,59,98,-1,-1,-1,-1
15, 27065.jpg,7,951,407,69,108,-1,-1,-1,-1
15, 27065.jpg,8,766,388,55,113,-1,-1,-1,-1
15, 27065.jpg,9,1009,349,42,85,-1,-1,-1,-1
15, 27065.jpg,10,432,328,39,85,-1,-1,-1,-1
15, 27065.jpg,11,557,351,46,79,-1,-1,-1,-1
15, 27065.jpg,12,933,321,45,69,-1,-1,-1,-1
16, 27066.jpg,2,213,450,67,64,-1,-1,-1,-1
16, 27066.jpg,3,466,304,50,83,-1,-1,-1,-1
16, 27066.jpg,4,696,326,47,101,-1,-1,-1,-1
16, 27066.jpg,5,567,362,45,107,-1,-1,-1,-1
16, 27066.jpg,6,436,423,59,97,-1,-1,-1,-1
16, 27066.jpg,7,951,404,66,106,-1,-1,-1,-1
16, 27066.jpg,8,768,388,55,112,-1,-1,-1,-1
16, 27066.jpg,9,1006,348,44,86,-1,-1,-1,-1
16, 27066.jpg,10,431,328,37,83,-1,-1,-1,-1
16, 27066.jpg,11,558,350,46,79,-1,-1,-1,-1
16, 27066.jpg,12,931,320,46,70,-1,-1,-1,-1
17, 27067.jpg,2,214,449,65,63,-1,-1,-1,-1
17, 27067.jpg,3,463,303,52,85,-1,-1,-1,-1
17, 27067.jpg,4,700,330,46,99,-1,-1,-1,-1
17, 27067.jpg,6,438,421,62,101,-1,-1,-1,-1
17, 27067.jpg,7,950,400,66,108,-1,-1,-1,-1
17, 27067.jpg,8,769,386,57,114,-1,-1,-1,-1
17, 27067.jpg,9,1004,346,45,88,-1,-1,-1,-1
17, 27067.jpg,10,430,329,36,81,-1,-1,-1,-1
17, 27067.jpg,11,556,348,48,83,-1,-1,-1,-1
17, 27067.jpg,12,928,318,48,72,-1,-1,-1,-1
17, 27067.jpg,17,659,314,33,87,-1,-1,-1,-1
18, 27068.jpg,2,213,447,65,64,-1,-1,-1,-1
18, 27068.jpg,3,461,300,54,87,-1,-1,-1,-1
18, 27068.jpg,4,704,332,45,99,-1,-1,-1,-1
18, 27068.jpg,6,440,420,62,102,-1,-1,-1,-1
18, 27068.jpg,7,950,398,63,107,-1,-1,-1,-1
18, 27068.jpg,8,772,384,57,116,-1,-1,-1,-1
18, 27068.jpg,9,1003,345,45,89,-1,-1,-1,-1
18, 27068.jpg,10,427,327,38,84,-1,-1,-1,-1
18, 27068.jpg,11,556,349,46,81,-1,-1,-1,-1
18, 27068.jpg,12,926,319,48,72,-1,-1,-1,-1
18, 27068.jpg,17,657,315,32,85,-1,-1,-1,-1
19, 27069.jpg,2,213,445,64,67,-1,-1,-1,-1
19, 27069.jpg,3,459,298,55,89,-1,-1,-1,-1
19, 27069.jpg,4,708,334,44,98,-1,-1,-1,-1
19, 27069.jpg,6,440,421,63,102,-1,-1,-1,-1
19, 27069.jpg,7,948,396,61,104,-1,-1,-1,-1
19, 27069.jpg,8,774,381,58,119,-1,-1,-1,-1
19, 27069.jpg,9,999,345,46,89,-1,-1,-1,-1
19, 27069.jpg,10,426,326,38,87,-1,-1,-1,-1
19, 27069.jpg,11,555,347,46,80,-1,-1,-1,-1
19, 27069.jpg,12,920,318,49,73,-1,-1,-1,-1
19, 27069.jpg,17,655,315,32,85,-1,-1,-1,-1
20, 27070.jpg,2,212,442,65,69,-1,-1,-1,-1
20, 27070.jpg,3,456,296,56,91,-1,-1,-1,-1
20, 27070.jpg,4,713,336,43,94,-1,-1,-1,-1
20, 27070.jpg,6,440,421,62,102,-1,-1,-1,-1
20, 27070.jpg,7,946,393,59,101,-1,-1,-1,-1
20, 27070.jpg,8,779,379,57,120,-1,-1,-1,-1
20, 27070.jpg,9,995,342,48,93,-1,-1,-1,-1
20, 27070.jpg,10,423,327,38,87,-1,-1,-1,-1
20, 27070.jpg,11,555,347,45,78,-1,-1,-1,-1
20, 27070.jpg,12,916,316,51,78,-1,-1,-1,-1
20, 27070.jpg,17,653,314,33,87,-1,-1,-1,-1
21, 27071.jpg,2,212,440,64,71,-1,-1,-1,-1
21, 27071.jpg,3,454,294,58,95,-1,-1,-1,-1
21, 27071.jpg,4,716,337,45,94,-1,-1,-1,-1
21, 27071.jpg,6,439,421,64,104,-1,-1,-1,-1
21, 27071.jpg,7,943,389,58,102,-1,-1,-1,-1
21, 27071.jpg,8,782,379,56,120,-1,-1,-1,-1
21, 27071.jpg,9,992,341,47,92,-1,-1,-1,-1
21, 27071.jpg,10,421,327,38,87,-1,-1,-1,-1
21, 27071.jpg,11,552,342,47,83,-1,-1,-1,-1
21, 27071.jpg,12,911,316,53,82,-1,-1,-1,-1
21, 27071.jpg,17,652,313,32,88,-1,-1,-1,-1
22, 27072.jpg,2,210,435,67,76,-1,-1,-1,-1
22, 27072.jpg,3,452,294,59,97,-1,-1,-1,-1
22, 27072.jpg,4,716,336,47,96,-1,-1,-1,-1
22, 27072.jpg,6,440,420,64,106,-1,-1,-1,-1
22, 27072.jpg,7,938,386,59,102,-1,-1,-1,-1
22, 27072.jpg,8,785,380,55,122,-1,-1,-1,-1
22, 27072.jpg,9,987,341,47,91,-1,-1,-1,-1
22, 27072.jpg,10,419,327,38,87,-1,-1,-1,-1
22, 27072.jpg,11,547,341,48,86,-1,-1,-1,-1
22, 27072.jpg,12,905,315,52,81,-1,-1,-1,-1
22, 27072.jpg,17,650,314,32,87,-1,-1,-1,-1
23, 27073.jpg,2,209,432,67,78,-1,-1,-1,-1
23, 27073.jpg,3,450,296,58,96,-1,-1,-1,-1
23, 27073.jpg,4,715,336,49,97,-1,-1,-1,-1
23, 27073.jpg,6,441,418,63,107,-1,-1,-1,-1
23, 27073.jpg,7,935,383,59,101,-1,-1,-1,-1
23, 27073.jpg,8,787,381,53,124,-1,-1,-1,-1
23, 27073.jpg,9,984,340,47,92,-1,-1,-1,-1
23, 27073.jpg,10,417,327,36,85,-1,-1,-1,-1
23, 27073.jpg,11,549,340,47,86,-1,-1,-1,-1
23, 27073.jpg,12,898,315,52,81,-1,-1,-1,-1
23, 27073.jpg,17,648,314,32,87,-1,-1,-1,-1
24, 27074.jpg,2,206,428,67,81,-1,-1,-1,-1
24, 27074.jpg,3,446,298,57,95,-1,-1,-1,-1
24, 27074.jpg,4,715,337,49,95,-1,-1,-1,-1
24, 27074.jpg,6,440,416,65,110,-1,-1,-1,-1
24, 27074.jpg,7,931,383,57,96,-1,-1,-1,-1
24, 27074.jpg,8,790,384,51,121,-1,-1,-1,-1
24, 27074.jpg,9,981,338,46,91,-1,-1,-1,-1
24, 27074.jpg,10,415,328,36,84,-1,-1,-1,-1
24, 27074.jpg,11,553,341,45,84,-1,-1,-1,-1
24, 27074.jpg,12,893,314,53,83,-1,-1,-1,-1
24, 27074.jpg,17,646,313,32,88,-1,-1,-1,-1
25, 27075.jpg,2,202,424,68,84,-1,-1,-1,-1
25, 27075.jpg,3,444,299,58,96,-1,-1,-1,-1
25, 27075.jpg,4,718,338,49,95,-1,-1,-1,-1
25, 27075.jpg,5,558,379,39,98,-1,-1,-1,-1
25, 27075.jpg,6,441,415,63,111,-1,-1,-1,-1
25, 27075.jpg,7,927,383,55,93,-1,-1,-1,-1
25, 27075.jpg,8,792,384,51,120,-1,-1,-1,-1
25, 27075.jpg,9,978,338,46,90,-1,-1,-1,-1
25, 27075.jpg,10,412,327,37,86,-1,-1,-1,-1
25, 27075.jpg,11,557,339,41,80,-1,-1,-1,-1
25, 27075.jpg,12,885,314,51,82,-1,-1,-1,-1
25, 27075.jpg,17,643,313,32,88,-1,-1,-1,-1
26, 27076.jpg,2,200,419,71,90,-1,-1,-1,-1
26, 27076.jpg,3,443,300,58,97,-1,-1,-1,-1
26, 27076.jpg,4,720,337,50,97,-1,-1,-1,-1
26, 27076.jpg,5,556,380,39,97,-1,-1,-1,-1
26, 27076.jpg,6,441,416,62,111,-1,-1,-1,-1
26, 27076.jpg,7,920,381,54,94,-1,-1,-1,-1
26, 27076.jpg,8,795,387,50,118,-1,-1,-1,-1
26, 27076.jpg,9,973,339,47,92,-1,-1,-1,-1
26, 27076.jpg,10,410,328,37,86,-1,-1,-1,-1
26, 27076.jpg,11,558,339,41,81,-1,-1,-1,-1
26, 27076.jpg,12,877,312,51,83,-1,-1,-1,-1
26, 27076.jpg,17,641,313,32,88,-1,-1,-1,-1
27, 27077.jpg,2,199,416,72,93,-1,-1,-1,-1
27, 27077.jpg,3,442,302,59,95,-1,-1,-1,-1
27, 27077.jpg,4,722,336,49,98,-1,-1,-1,-1
27, 27077.jpg,5,556,377,41,104,-1,-1,-1,-1
27, 27077.jpg,6,441,418,60,109,-1,-1,-1,-1
27, 27077.jpg,7,915,384,52,90,-1,-1,-1,-1
27, 27077.jpg,8,798,390,51,119,-1,-1,-1,-1
27, 27077.jpg,9,969,340,46,91,-1,-1,-1,-1
27, 27077.jpg,10,405,328,38,87,-1,-1,-1,-1
27, 27077.jpg,11,558,339,41,82,-1,-1,-1,-1
27, 27077.jpg,12,868,313,50,81,-1,-1,-1,-1
27, 27077.jpg,17,640,313,31,88,-1,-1,-1,-1
28, 27078.jpg,2,196,411,73,98,-1,-1,-1,-1
28, 27078.jpg,3,440,302,61,95,-1,-1,-1,-1
28, 27078.jpg,4,726,335,48,100,-1,-1,-1,-1
28, 27078.jpg,5,555,365,43,113,-1,-1,-1,-1
28, 27078.jpg,6,439,417,60,112,-1,-1,-1,-1
28, 27078.jpg,7,910,384,51,90,-1,-1,-1,-1
28, 27078.jpg,8,801,392,51,120,-1,-1,-1,-1
28, 27078.jpg,9,963,339,46,93,-1,-1,-1,-1
28, 27078.jpg,10,402,328,38,87,-1,-1,-1,-1
28, 27078.jpg,11,557,340,39,79,-1,-1,-1,-1
28, 27078.jpg,12,861,315,49,80,-1,-1,-1,-1
28, 27078.jpg,17,637,314,32,88,-1,-1,-1,-1
29, 27079.jpg,2,194,408,73,100,-1,-1,-1,-1
29, 27079.jpg,3,442,305,60,92,-1,-1,-1,-1
29, 27079.jpg,4,728,334,48,102,-1,-1,-1,-1
29, 27079.jpg,5,555,374,40,106,-1,-1,-1,-1
29, 27079.jpg,6,437,417,58,111,-1,-1,-1,-1
29, 27079.jpg,7,906,381,52,93,-1,-1,-1,-1
29, 27079.jpg,8,801,393,53,123,-1,-1,-1,-1
29, 27079.jpg,9,958,339,46,94,-1,-1,-1,-1
29, 27079.jpg,10,400,330,37,84,-1,-1,-1,-1
29, 27079.jpg,11,557,341,38,80,-1,-1,-1,-1
29, 27079.jpg,12,855,318,48,79,-1,-1,-1,-1
29, 27079.jpg,17,635,314,32,89,-1,-1,-1,-1
30, 27080.jpg,2,192,404,73,102,-1,-1,-1,-1
30, 27080.jpg,3,444,308,59,89,-1,-1,-1,-1
30, 27080.jpg,4,729,334,49,105,-1,-1,-1,-1
30, 27080.jpg,5,553,380,38,101,-1,-1,-1,-1
30, 27080.jpg,6,436,419,56,108,-1,-1,-1,-1
30, 27080.jpg,7,902,379,51,95,-1,-1,-1,-1
30, 27080.jpg,8,801,395,53,122,-1,-1,-1,-1
30, 27080.jpg,9,952,338,47,96,-1,-1,-1,-1
30, 27080.jpg,10,397,330,37,85,-1,-1,-1,-1
30, 27080.jpg,11,554,343,37,78,-1,-1,-1,-1
30, 27080.jpg,12,849,321,47,78,-1,-1,-1,-1
30, 27080.jpg,17,633,314,32,91,-1,-1,-1,-1
31, 27081.jpg,2,189,400,72,104,-1,-1,-1,-1
31, 27081.jpg,3,447,310,56,86,-1,-1,-1,-1
31, 27081.jpg,4,730,334,49,107,-1,-1,-1,-1
31, 27081.jpg,5,551,385,36,98,-1,-1,-1,-1
31, 27081.jpg,6,433,419,56,109,-1,-1,-1,-1
31, 27081.jpg,7,898,378,51,95,-1,-1,-1,-1
31, 27081.jpg,8,803,396,52,121,-1,-1,-1,-1
31, 27081.jpg,9,935,349,49,95,-1,-1,-1,-1
31, 27081.jpg,10,393,330,36,85,-1,-1,-1,-1
31, 27081.jpg,11,553,355,37,78,-1,-1,-1,-1
31, 27081.jpg,12,841,323,47,80,-1,-1,-1,-1
31, 27081.jpg,17,628,314,33,92,-1,-1,-1,-1
32, 27082.jpg,2,184,397,72,106,-1,-1,-1,-1
32, 27082.jpg,3,450,313,55,84,-1,-1,-1,-1
32, 27082.jpg,4,730,337,49,105,-1,-1,-1,-1
32, 27082.jpg,5,550,387,36,98,-1,-1,-1,-1
32, 27082.jpg,6,429,417,57,112,-1,-1,-1,-1
32, 27082.jpg,7,895,377,49,94,-1,-1,-1,-1
32, 27082.jpg,8,804,400,49,114,-1,-1,-1,-1
32, 27082.jpg,9,933,343,49,95,-1,-1,-1,-1
32, 27082.jpg,10,387,330,37,85,-1,-1,-1,-1
32, 27082.jpg,11,552,356,37,79,-1,-1,-1,-1
32, 27082.jpg,12,834,327,48,80,-1,-1,-1,-1
32, 27082.jpg,17,624,314,34,93,-1,-1,-1,-1
33, 27083.jpg,2,181,394,71,108,-1,-1,-1,-1
33, 27083.jpg,3,451,315,54,83,-1,-1,-1,-1
33, 27083.jpg,4,732,339,47,102,-1,-1,-1,-1
33, 27083.jpg,5,548,388,36,98,-1,-1,-1,-1
33, 27083.jpg,6,423,418,56,110,-1,-1,-1,-1
33, 27083.jpg,7,889,374,48,95,-1,-1,-1,-1
33, 27083.jpg,8,804,402,48,112,-1,-1,-1,-1
33, 27083.jpg,9,929,343,47,93,-1,-1,-1,-1
33, 27083.jpg,10,383,330,36,85,-1,-1,-1,-1
33, 27083.jpg,11,550,373,36,78,-1,-1,-1,-1
33, 27083.jpg,12,827,327,47,81,-1,-1,-1,-1
33, 27083.jpg,17,619,315,33,92,-1,-1,-1,-1
34, 27084.jpg,2,177,392,69,109,-1,-1,-1,-1
34, 27084.jpg,3,449,315,54,85,-1,-1,-1,-1
34, 27084.jpg,4,731,344,48,99,-1,-1,-1,-1
34, 27084.jpg,5,542,386,37,102,-1,-1,-1,-1
34, 27084.jpg,6,418,419,55,108,-1,-1,-1,-1
34, 27084.jpg,7,884,373,46,92,-1,-1,-1,-1
34, 27084.jpg,8,802,403,47,111,-1,-1,-1,-1
34, 27084.jpg,9,922,345,45,88,-1,-1,-1,-1
34, 27084.jpg,10,376,330,36,84,-1,-1,-1,-1
34, 27084.jpg,11,549,376,36,77,-1,-1,-1,-1
34, 27084.jpg,12,821,328,47,81,-1,-1,-1,-1
34, 27084.jpg,17,615,316,33,91,-1,-1,-1,-1
35, 27085.jpg,2,173,391,67,108,-1,-1,-1,-1
35, 27085.jpg,3,447,315,55,86,-1,-1,-1,-1
35, 27085.jpg,4,730,345,48,97,-1,-1,-1,-1
35, 27085.jpg,5,537,386,36,101,-1,-1,-1,-1
35, 27085.jpg,6,412,420,55,109,-1,-1,-1,-1
35, 27085.jpg,7,888,362,48,94,-1,-1,-1,-1
35, 27085.jpg,8,801,405,44,107,-1,-1,-1,-1
35, 27085.jpg,9,917,345,45,87,-1,-1,-1,-1
35, 27085.jpg,10,369,330,36,84,-1,-1,-1,-1
35, 27085.jpg,12,815,328,47,81,-1,-1,-1,-1
35, 27085.jpg,17,609,317,33,90,-1,-1,-1,-1
36, 27086.jpg,2,166,389,67,110,-1,-1,-1,-1
36, 27086.jpg,3,445,315,56,88,-1,-1,-1,-1
36, 27086.jpg,4,727,346,49,97,-1,-1,-1,-1
36, 27086.jpg,5,534,387,37,100,-1,-1,-1,-1
36, 27086.jpg,6,404,421,55,108,-1,-1,-1,-1
36, 27086.jpg,7,874,363,47,92,-1,-1,-1,-1
36, 27086.jpg,8,799,406,44,107,-1,-1,-1,-1
36, 27086.jpg,9,903,346,47,92,-1,-1,-1,-1
36, 27086.jpg,10,362,331,35,83,-1,-1,-1,-1
36, 27086.jpg,11,535,361,40,87,-1,-1,-1,-1
36, 27086.jpg,12,807,328,46,80,-1,-1,-1,-1
36, 27086.jpg,17,603,317,31,89,-1,-1,-1,-1
37, 27087.jpg,2,162,388,65,109,-1,-1,-1,-1
37, 27087.jpg,3,443,316,56,87,-1,-1,-1,-1
37, 27087.jpg,4,724,349,49,93,-1,-1,-1,-1
37, 27087.jpg,5,528,395,34,91,-1,-1,-1,-1
37, 27087.jpg,6,397,422,55,109,-1,-1,-1,-1
37, 27087.jpg,7,866,364,45,86,-1,-1,-1,-1
37, 27087.jpg,8,797,405,45,110,-1,-1,-1,-1
37, 27087.jpg,9,895,348,46,89,-1,-1,-1,-1
37, 27087.jpg,10,354,330,35,84,-1,-1,-1,-1
37, 27087.jpg,11,530,351,39,88,-1,-1,-1,-1
37, 27087.jpg,12,803,328,43,77,-1,-1,-1,-1
37, 27087.jpg,17,596,317,32,89,-1,-1,-1,-1
38, 27088.jpg,2,156,388,64,108,-1,-1,-1,-1
38, 27088.jpg,3,438,317,56,86,-1,-1,-1,-1
38, 27088.jpg,4,717,349,51,93,-1,-1,-1,-1
38, 27088.jpg,5,524,391,33,91,-1,-1,-1,-1
38, 27088.jpg,6,389,421,55,110,-1,-1,-1,-1
38, 27088.jpg,7,861,362,45,86,-1,-1,-1,-1
38, 27088.jpg,8,794,405,46,113,-1,-1,-1,-1
38, 27088.jpg,9,879,351,48,90,-1,-1,-1,-1
38, 27088.jpg,10,346,331,35,83,-1,-1,-1,-1
38, 27088.jpg,11,526,348,37,84,-1,-1,-1,-1
38, 27088.jpg,12,794,328,42,75,-1,-1,-1,-1
38, 27088.jpg,17,589,318,31,88,-1,-1,-1,-1
39, 27089.jpg,2,151,388,62,108,-1,-1,-1,-1
39, 27089.jpg,3,437,317,55,88,-1,-1,-1,-1
39, 27089.jpg,4,712,348,53,95,-1,-1,-1,-1
39, 27089.jpg,5,518,392,33,90,-1,-1,-1,-1
39, 27089.jpg,6,382,421,56,112,-1,-1,-1,-1
39, 27089.jpg,7,851,363,43,81,-1,-1,-1,-1
39, 27089.jpg,8,792,408,45,112,-1,-1,-1,-1
39, 27089.jpg,9,875,351,46,86,-1,-1,-1,-1
39, 27089.jpg,10,338,331,34,83,-1,-1,-1,-1
39, 27089.jpg,11,522,346,38,87,-1,-1,-1,-1
39, 27089.jpg,12,786,327,44,77,-1,-1,-1,-1
39, 27089.jpg,17,582,319,32,89,-1,-1,-1,-1
40, 27090.jpg,2,144,388,62,108,-1,-1,-1,-1
40, 27090.jpg,3,436,317,56,90,-1,-1,-1,-1
40, 27090.jpg,4,706,348,54,96,-1,-1,-1,-1
40, 27090.jpg,5,517,380,32,86,-1,-1,-1,-1
40, 27090.jpg,6,374,421,56,111,-1,-1,-1,-1
40, 27090.jpg,7,846,362,42,79,-1,-1,-1,-1
40, 27090.jpg,8,789,411,45,111,-1,-1,-1,-1
40, 27090.jpg,9,861,355,46,85,-1,-1,-1,-1
40, 27090.jpg,10,328,331,34,83,-1,-1,-1,-1
40, 27090.jpg,11,519,346,38,87,-1,-1,-1,-1
40, 27090.jpg,12,777,325,46,81,-1,-1,-1,-1
40, 27090.jpg,17,574,320,32,90,-1,-1,-1,-1
