2, 19762.jpg,1,941,524,78,128,-1,-1,-1,-1
2, 19762.jpg,2,1167,566,53,109,-1,-1,-1,-1
2, 19762.jpg,3,1069,627,69,155,-1,-1,-1,-1
2, 19762.jpg,4,1105,484,68,134,-1,-1,-1,-1
2, 19762.jpg,5,475,626,62,133,-1,-1,-1,-1
2, 19762.jpg,6,1259,623,58,134,-1,-1,-1,-1
2, 19762.jpg,7,1428,572,74,134,-1,-1,-1,-1
2, 19762.jpg,8,640,563,72,102,-1,-1,-1,-1
2, 19762.jpg,9,651,684,77,139,-1,-1,-1,-1
2, 19762.jpg,10,1121,708,100,187,-1,-1,-1,-1
3, 19763.jpg,1,948,526,74,123,-1,-1,-1,-1
3, 19763.jpg,2,1181,568,54,109,-1,-1,-1,-1
3, 19763.jpg,3,1072,635,69,155,-1,-1,-1,-1
3, 19763.jpg,4,1104,483,71,139,-1,-1,-1,-1
3, 19763.jpg,5,482,628,60,129,-1,-1,-1,-1
3, 19763.jpg,6,1261,630,57,132,-1,-1,-1,-1
3, 19763.jpg,7,1434,576,75,137,-1,-1,-1,-1
3, 19763.jpg,8,646,563,72,101,-1,-1,-1,-1
3, 19763.jpg,9,658,683,77,139,-1,-1,-1,-1
3, 19763.jpg,10,1125,706,97,184,-1,-1,-1,-1
3, 19763.jpg,11,980,566,74,195,-1,-1,-1,-1
4, 19764.jpg,1,951,525,75,127,-1,-1,-1,-1
4, 19764.jpg,2,1191,569,56,111,-1,-1,-1,-1
4, 19764.jpg,3,1076,644,68,151,-1,-1,-1,-1
4, 19764.jpg,4,1105,485,72,142,-1,-1,-1,-1
4, 19764.jpg,5,491,632,58,123,-1,-1,-1,-1
4, 19764.jpg,6,1261,637,57,133,-1,-1,-1,-1
4, 19764.jpg,7,1441,586,71,132,-1,-1,-1,-1
4, 19764.jpg,8,655,565,70,99,-1,-1,-1,-1
4, 19764.jpg,9,662,680,78,142,-1,-1,-1,-1
4, 19764.jpg,10,1127,708,94,176,-1,-1,-1,-1
4, 19764.jpg,11,980,567,75,194,-1,-1,-1,-1
4, 19764.jpg,12,1314,837,102,182,-1,-1,-1,-1
5, 19765.jpg,1,950,526,75,128,-1,-1,-1,-1
5, 19765.jpg,2,1196,570,56,110,-1,-1,-1,-1
5, 19765.jpg,3,1080,655,64,140,-1,-1,-1,-1
5, 19765.jpg,4,1105,484,73,144,-1,-1,-1,-1
5, 19765.jpg,5,495,633,58,121,-1,-1,-1,-1
5, 19765.jpg,6,1261,644,57,133,-1,-1,-1,-1
5, 19765.jpg,7,1448,595,69,127,-1,-1,-1,-1
5, 19765.jpg,8,660,561,71,101,-1,-1,-1,-1
5, 19765.jpg,9,668,682,77,141,-1,-1,-1,-1
5, 19765.jpg,10,1128,707,92,174,-1,-1,-1,-1
5, 19765.jpg,11,986,569,78,204,-1,-1,-1,-1
5, 19765.jpg,12,1320,838,101,181,-1,-1,-1,-1
6, 19766.jpg,1,949,526,76,130,-1,-1,-1,-1
6, 19766.jpg,2,1199,571,59,111,-1,-1,-1,-1
6, 19766.jpg,3,1081,658,63,137,-1,-1,-1,-1
6, 19766.jpg,4,1105,488,72,139,-1,-1,-1,-1
6, 19766.jpg,5,497,631,59,122,-1,-1,-1,-1
6, 19766.jpg,6,1263,649,55,130,-1,-1,-1,-1
6, 19766.jpg,7,1452,599,66,123,-1,-1,-1,-1
6, 19766.jpg,8,661,557,76,107,-1,-1,-1,-1
6, 19766.jpg,9,673,680,78,142,-1,-1,-1,-1
6, 19766.jpg,10,1125,704,94,179,-1,-1,-1,-1
6, 19766.jpg,11,986,587,75,193,-1,-1,-1,-1
6, 19766.jpg,12,1325,840,99,180,-1,-1,-1,-1
7, 19767.jpg,1,943,527,80,134,-1,-1,-1,-1
7, 19767.jpg,2,1202,570,60,112,-1,-1,-1,-1
7, 19767.jpg,3,1085,657,63,136,-1,-1,-1,-1
7, 19767.jpg,4,1101,493,70,135,-1,-1,-1,-1
7, 19767.jpg,5,497,628,60,124,-1,-1,-1,-1
7, 19767.jpg,6,1262,650,56,132,-1,-1,-1,-1
7, 19767.jpg,7,1452,601,67,123,-1,-1,-1,-1
7, 19767.jpg,8,664,555,77,109,-1,-1,-1,-1
7, 19767.jpg,9,675,679,79,143,-1,-1,-1,-1
7, 19767.jpg,10,1117,700,97,182,-1,-1,-1,-1
7, 19767.jpg,11,986,600,75,190,-1,-1,-1,-1
7, 19767.jpg,12,1326,839,100,182,-1,-1,-1,-1
8, 19768.jpg,1,943,528,80,134,-1,-1,-1,-1
8, 19768.jpg,2,1204,571,63,112,-1,-1,-1,-1
8, 19768.jpg,3,1084,653,66,142,-1,-1,-1,-1
8, 19768.jpg,4,1095,496,73,137,-1,-1,-1,-1
8, 19768.jpg,5,497,628,60,123,-1,-1,-1,-1
8, 19768.jpg,6,1260,648,56,131,-1,-1,-1,-1
8, 19768.jpg,7,1452,603,66,122,-1,-1,-1,-1
8, 19768.jpg,8,663,552,79,112,-1,-1,-1,-1
8, 19768.jpg,9,674,677,79,145,-1,-1,-1,-1
8, 19768.jpg,10,1113,707,92,173,-1,-1,-1,-1
8, 19768.jpg,11,969,581,75,185,-1,-1,-1,-1
8, 19768.jpg,12,1328,839,98,182,-1,-1,-1,-1
9, 19769.jpg,1,937,531,80,131,-1,-1,-1,-1
9, 19769.jpg,2,1207,571,63,112,-1,-1,-1,-1
9, 19769.jpg,3,1084,654,66,146,-1,-1,-1,-1
9, 19769.jpg,4,1088,504,70,132,-1,-1,-1,-1
9, 19769.jpg,5,493,629,61,123,-1,-1,-1,-1
9, 19769.jpg,6,1258,646,57,133,-1,-1,-1,-1
9, 19769.jpg,7,1448,603,65,120,-1,-1,-1,-1
9, 19769.jpg,8,662,550,79,114,-1,-1,-1,-1
9, 19769.jpg,9,672,675,79,146,-1,-1,-1,-1
9, 19769.jpg,10,1110,719,87,159,-1,-1,-1,-1
9, 19769.jpg,11,974,607,76,184,-1,-1,-1,-1
9, 19769.jpg,12,1331,839,98,183,-1,-1,-1,-1
10, 19770.jpg,1,931,536,78,125,-1,-1,-1,-1
10, 19770.jpg,2,1202,568,63,110,-1,-1,-1,-1
10, 19770.jpg,3,1073,655,69,151,-1,-1,-1,-1
10, 19770.jpg,4,1081,508,72,134,-1,-1,-1,-1
10, 19770.jpg,5,488,629,62,125,-1,-1,-1,-1
10, 19770.jpg,6,1254,643,58,137,-1,-1,-1,-1
10, 19770.jpg,7,1441,602,67,124,-1,-1,-1,-1
10, 19770.jpg,8,660,550,80,116,-1,-1,-1,-1
10, 19770.jpg,9,666,672,79,150,-1,-1,-1,-1
10, 19770.jpg,10,1104,717,89,161,-1,-1,-1,-1
10, 19770.jpg,11,976,616,79,187,-1,-1,-1,-1
11, 19771.jpg,1,929,536,79,123,-1,-1,-1,-1
11, 19771.jpg,2,1197,566,63,110,-1,-1,-1,-1
11, 19771.jpg,3,1073,658,69,151,-1,-1,-1,-1
11, 19771.jpg,4,1078,517,70,127,-1,-1,-1,-1
11, 19771.jpg,5,483,628,63,129,-1,-1,-1,-1
11, 19771.jpg,6,1245,638,59,140,-1,-1,-1,-1
11, 19771.jpg,7,1435,599,68,127,-1,-1,-1,-1
11, 19771.jpg,8,658,550,79,116,-1,-1,-1,-1
11, 19771.jpg,9,662,671,78,151,-1,-1,-1,-1
11, 19771.jpg,10,1086,701,93,166,-1,-1,-1,-1
11, 19771.jpg,11,972,623,80,187,-1,-1,-1,-1
12, 19772.jpg,1,925,536,80,124,-1,-1,-1,-1
12, 19772.jpg,2,1195,565,64,109,-1,-1,-1,-1
12, 19772.jpg,3,1061,654,74,167,-1,-1,-1,-1
12, 19772.jpg,4,1074,528,64,114,-1,-1,-1,-1
12, 19772.jpg,5,477,627,65,130,-1,-1,-1,-1
12, 19772.jpg,6,1236,633,61,142,-1,-1,-1,-1
12, 19772.jpg,7,1428,597,70,130,-1,-1,-1,-1
12, 19772.jpg,8,660,553,76,112,-1,-1,-1,-1
12, 19772.jpg,9,659,670,77,150,-1,-1,-1,-1
12, 19772.jpg,10,1089,710,92,164,-1,-1,-1,-1
12, 19772.jpg,11,967,628,81,187,-1,-1,-1,-1
13, 19773.jpg,1,920,536,81,127,-1,-1,-1,-1
13, 19773.jpg,2,1189,567,62,103,-1,-1,-1,-1
13, 19773.jpg,3,1055,654,79,179,-1,-1,-1,-1
13, 19773.jpg,4,1068,532,64,110,-1,-1,-1,-1
13, 19773.jpg,5,473,625,64,130,-1,-1,-1,-1
13, 19773.jpg,6,1227,631,60,140,-1,-1,-1,-1
13, 19773.jpg,7,1418,596,72,130,-1,-1,-1,-1
13, 19773.jpg,8,659,555,75,111,-1,-1,-1,-1
13, 19773.jpg,9,658,670,72,144,-1,-1,-1,-1
13, 19773.jpg,10,1090,717,92,163,-1,-1,-1,-1
13, 19773.jpg,11,961,632,79,181,-1,-1,-1,-1
14, 19774.jpg,1,916,534,83,129,-1,-1,-1,-1
14, 19774.jpg,2,1178,568,63,103,-1,-1,-1,-1
14, 19774.jpg,3,1053,656,79,181,-1,-1,-1,-1
14, 19774.jpg,4,1061,533,68,111,-1,-1,-1,-1
14, 19774.jpg,5,466,625,65,133,-1,-1,-1,-1
14, 19774.jpg,6,1219,631,60,134,-1,-1,-1,-1
14, 19774.jpg,7,1407,596,73,130,-1,-1,-1,-1
14, 19774.jpg,8,654,556,76,113,-1,-1,-1,-1
14, 19774.jpg,9,656,672,70,142,-1,-1,-1,-1
14, 19774.jpg,10,1101,723,89,158,-1,-1,-1,-1
14, 19774.jpg,11,956,632,79,180,-1,-1,-1,-1
15, 19775.jpg,1,908,535,82,126,-1,-1,-1,-1
15, 19775.jpg,2,1170,567,65,105,-1,-1,-1,-1
15, 19775.jpg,3,1049,660,80,185,-1,-1,-1,-1
15, 19775.jpg,4,1059,532,71,112,-1,-1,-1,-1
15, 19775.jpg,5,459,625,65,133,-1,-1,-1,-1
15, 19775.jpg,6,1211,632,62,131,-1,-1,-1,-1
15, 19775.jpg,7,1394,597,74,131,-1,-1,-1,-1
15, 19775.jpg,8,651,557,75,110,-1,-1,-1,-1
15, 19775.jpg,9,650,667,71,147,-1,-1,-1,-1
15, 19775.jpg,10,1104,726,87,153,-1,-1,-1,-1
15, 19775.jpg,11,951,631,79,179,-1,-1,-1,-1
16, 19776.jpg,1,902,534,84,129,-1,-1,-1,-1
16, 19776.jpg,2,1160,566,71,112,-1,-1,-1,-1
16, 19776.jpg,3,1048,667,79,184,-1,-1,-1,-1
16, 19776.jpg,4,1056,531,75,113,-1,-1,-1,-1
16, 19776.jpg,5,453,626,66,134,-1,-1,-1,-1
16, 19776.jpg,6,1199,633,63,126,-1,-1,-1,-1
16, 19776.jpg,7,1382,601,75,132,-1,-1,-1,-1
16, 19776.jpg,8,643,558,76,112,-1,-1,-1,-1
16, 19776.jpg,9,644,665,73,153,-1,-1,-1,-1
16, 19776.jpg,10,1084,712,94,163,-1,-1,-1,-1
16, 19776.jpg,11,946,630,79,178,-1,-1,-1,-1
17, 19777.jpg,1,897,532,86,133,-1,-1,-1,-1
17, 19777.jpg,2,1158,566,71,112,-1,-1,-1,-1
17, 19777.jpg,3,1042,669,79,183,-1,-1,-1,-1
17, 19777.jpg,4,1052,528,78,116,-1,-1,-1,-1
17, 19777.jpg,5,449,626,65,134,-1,-1,-1,-1
17, 19777.jpg,6,1183,610,75,145,-1,-1,-1,-1
17, 19777.jpg,7,1371,604,73,128,-1,-1,-1,-1
17, 19777.jpg,8,636,559,77,113,-1,-1,-1,-1
17, 19777.jpg,9,641,666,71,154,-1,-1,-1,-1
17, 19777.jpg,10,1074,705,99,168,-1,-1,-1,-1
17, 19777.jpg,11,939,624,83,186,-1,-1,-1,-1
18, 19778.jpg,1,894,532,85,131,-1,-1,-1,-1
18, 19778.jpg,3,1039,667,77,179,-1,-1,-1,-1
18, 19778.jpg,4,1052,520,83,121,-1,-1,-1,-1
18, 19778.jpg,5,444,628,64,134,-1,-1,-1,-1
18, 19778.jpg,6,1166,603,72,131,-1,-1,-1,-1
18, 19778.jpg,7,1362,610,70,123,-1,-1,-1,-1
18, 19778.jpg,8,631,560,77,113,-1,-1,-1,-1
18, 19778.jpg,9,638,669,68,151,-1,-1,-1,-1
18, 19778.jpg,10,1078,710,100,169,-1,-1,-1,-1
18, 19778.jpg,11,931,624,83,187,-1,-1,-1,-1
19, 19779.jpg,1,887,531,86,134,-1,-1,-1,-1
19, 19779.jpg,3,1034,662,78,182,-1,-1,-1,-1
19, 19779.jpg,4,1055,514,87,127,-1,-1,-1,-1
19, 19779.jpg,5,437,627,65,135,-1,-1,-1,-1
19, 19779.jpg,6,1153,596,72,129,-1,-1,-1,-1
19, 19779.jpg,7,1354,613,71,123,-1,-1,-1,-1
19, 19779.jpg,8,624,560,77,112,-1,-1,-1,-1
19, 19779.jpg,9,634,672,67,149,-1,-1,-1,-1
19, 19779.jpg,10,1088,720,96,162,-1,-1,-1,-1
19, 19779.jpg,11,925,626,85,188,-1,-1,-1,-1
20, 19780.jpg,1,882,528,88,137,-1,-1,-1,-1
20, 19780.jpg,3,1031,660,76,181,-1,-1,-1,-1
20, 19780.jpg,4,1074,525,90,130,-1,-1,-1,-1
20, 19780.jpg,5,432,627,65,137,-1,-1,-1,-1
20, 19780.jpg,6,1140,578,71,125,-1,-1,-1,-1
20, 19780.jpg,7,1347,617,69,120,-1,-1,-1,-1
20, 19780.jpg,8,615,561,78,114,-1,-1,-1,-1
20, 19780.jpg,9,630,674,65,148,-1,-1,-1,-1
20, 19780.jpg,10,1093,725,94,159,-1,-1,-1,-1
20, 19780.jpg,11,921,630,82,183,-1,-1,-1,-1
21, 19781.jpg,1,876,527,89,139,-1,-1,-1,-1
21, 19781.jpg,3,1027,656,77,186,-1,-1,-1,-1
21, 19781.jpg,4,1084,530,93,132,-1,-1,-1,-1
21, 19781.jpg,5,429,628,63,134,-1,-1,-1,-1
21, 19781.jpg,6,1132,573,70,124,-1,-1,-1,-1
21, 19781.jpg,7,1342,621,69,120,-1,-1,-1,-1
21, 19781.jpg,8,607,561,79,115,-1,-1,-1,-1
21, 19781.jpg,9,626,677,64,147,-1,-1,-1,-1
21, 19781.jpg,10,1095,721,97,169,-1,-1,-1,-1
21, 19781.jpg,11,917,633,81,181,-1,-1,-1,-1
22, 19782.jpg,1,874,528,88,137,-1,-1,-1,-1
22, 19782.jpg,3,1025,657,75,185,-1,-1,-1,-1
22, 19782.jpg,4,1083,528,96,137,-1,-1,-1,-1
22, 19782.jpg,5,423,630,64,135,-1,-1,-1,-1
22, 19782.jpg,6,1122,570,64,110,-1,-1,-1,-1
22, 19782.jpg,7,1335,624,70,120,-1,-1,-1,-1
22, 19782.jpg,8,598,562,79,117,-1,-1,-1,-1
22, 19782.jpg,9,620,676,63,147,-1,-1,-1,-1
22, 19782.jpg,10,1101,722,96,168,-1,-1,-1,-1
22, 19782.jpg,11,910,636,81,179,-1,-1,-1,-1
22, 19782.jpg,13,1140,632,94,133,-1,-1,-1,-1
23, 19783.jpg,1,874,529,86,136,-1,-1,-1,-1
23, 19783.jpg,3,1024,656,73,185,-1,-1,-1,-1
23, 19783.jpg,4,1087,523,92,133,-1,-1,-1,-1
23, 19783.jpg,5,419,630,63,135,-1,-1,-1,-1
23, 19783.jpg,6,1114,565,63,108,-1,-1,-1,-1
23, 19783.jpg,7,1331,625,70,120,-1,-1,-1,-1
23, 19783.jpg,8,588,561,80,120,-1,-1,-1,-1
23, 19783.jpg,9,614,671,64,153,-1,-1,-1,-1
23, 19783.jpg,10,1105,723,96,168,-1,-1,-1,-1
23, 19783.jpg,11,905,636,82,182,-1,-1,-1,-1
23, 19783.jpg,13,1139,634,89,126,-1,-1,-1,-1
24, 19784.jpg,1,876,530,84,136,-1,-1,-1,-1
24, 19784.jpg,3,1023,655,72,187,-1,-1,-1,-1
24, 19784.jpg,4,1079,510,107,159,-1,-1,-1,-1
24, 19784.jpg,5,415,629,63,135,-1,-1,-1,-1
24, 19784.jpg,7,1326,626,69,119,-1,-1,-1,-1
24, 19784.jpg,8,583,563,75,116,-1,-1,-1,-1
24, 19784.jpg,9,612,671,62,154,-1,-1,-1,-1
24, 19784.jpg,10,1109,725,97,170,-1,-1,-1,-1
24, 19784.jpg,11,902,636,81,182,-1,-1,-1,-1
24, 19784.jpg,13,1138,633,88,125,-1,-1,-1,-1
25, 19785.jpg,1,876,531,83,138,-1,-1,-1,-1
25, 19785.jpg,3,1023,655,72,192,-1,-1,-1,-1
25, 19785.jpg,4,1076,506,111,169,-1,-1,-1,-1
25, 19785.jpg,5,409,629,63,138,-1,-1,-1,-1
25, 19785.jpg,7,1322,625,68,119,-1,-1,-1,-1
25, 19785.jpg,8,577,562,75,117,-1,-1,-1,-1
25, 19785.jpg,9,610,672,61,153,-1,-1,-1,-1
25, 19785.jpg,10,1115,727,100,177,-1,-1,-1,-1
25, 19785.jpg,11,900,637,80,180,-1,-1,-1,-1
25, 19785.jpg,13,1120,630,94,131,-1,-1,-1,-1
26, 19786.jpg,1,878,531,80,139,-1,-1,-1,-1
26, 19786.jpg,3,1023,657,71,190,-1,-1,-1,-1
26, 19786.jpg,4,1079,510,106,167,-1,-1,-1,-1
26, 19786.jpg,5,406,628,64,140,-1,-1,-1,-1
26, 19786.jpg,7,1319,621,69,124,-1,-1,-1,-1
26, 19786.jpg,8,571,561,73,118,-1,-1,-1,-1
26, 19786.jpg,9,605,670,61,154,-1,-1,-1,-1
26, 19786.jpg,10,1119,726,100,180,-1,-1,-1,-1
26, 19786.jpg,11,898,634,80,180,-1,-1,-1,-1
26, 19786.jpg,13,1118,628,94,131,-1,-1,-1,-1
27, 19787.jpg,1,880,533,75,134,-1,-1,-1,-1
27, 19787.jpg,3,1023,660,71,188,-1,-1,-1,-1
27, 19787.jpg,4,1079,509,108,171,-1,-1,-1,-1
27, 19787.jpg,5,403,625,63,140,-1,-1,-1,-1
27, 19787.jpg,6,1076,545,75,130,-1,-1,-1,-1
27, 19787.jpg,7,1317,618,71,127,-1,-1,-1,-1
27, 19787.jpg,8,565,558,73,120,-1,-1,-1,-1
27, 19787.jpg,9,601,673,59,151,-1,-1,-1,-1
27, 19787.jpg,10,1124,726,101,183,-1,-1,-1,-1
27, 19787.jpg,11,895,633,81,182,-1,-1,-1,-1
27, 19787.jpg,13,1109,623,96,134,-1,-1,-1,-1
28, 19788.jpg,1,881,534,72,134,-1,-1,-1,-1
28, 19788.jpg,2,1108,500,72,117,-1,-1,-1,-1
28, 19788.jpg,3,1023,664,71,185,-1,-1,-1,-1
28, 19788.jpg,4,1084,552,100,157,-1,-1,-1,-1
28, 19788.jpg,5,398,623,62,140,-1,-1,-1,-1
28, 19788.jpg,6,1067,540,75,131,-1,-1,-1,-1
28, 19788.jpg,7,1315,613,71,127,-1,-1,-1,-1
28, 19788.jpg,8,562,558,71,120,-1,-1,-1,-1
28, 19788.jpg,9,599,670,60,156,-1,-1,-1,-1
28, 19788.jpg,10,1132,728,98,181,-1,-1,-1,-1
28, 19788.jpg,11,895,633,80,178,-1,-1,-1,-1
28, 19788.jpg,13,1102,621,98,136,-1,-1,-1,-1
29, 19789.jpg,1,881,535,70,132,-1,-1,-1,-1
29, 19789.jpg,2,1104,495,72,118,-1,-1,-1,-1
29, 19789.jpg,3,1024,670,72,181,-1,-1,-1,-1
29, 19789.jpg,4,1085,555,101,159,-1,-1,-1,-1
29, 19789.jpg,5,396,621,62,139,-1,-1,-1,-1
29, 19789.jpg,6,1086,522,78,135,-1,-1,-1,-1
29, 19789.jpg,7,1313,608,72,132,-1,-1,-1,-1
29, 19789.jpg,8,560,559,68,116,-1,-1,-1,-1
29, 19789.jpg,9,595,668,59,157,-1,-1,-1,-1
29, 19789.jpg,10,1140,725,98,185,-1,-1,-1,-1
29, 19789.jpg,11,893,632,78,175,-1,-1,-1,-1
29, 19789.jpg,13,1104,621,97,135,-1,-1,-1,-1
30, 19790.jpg,1,882,537,65,126,-1,-1,-1,-1
30, 19790.jpg,2,1112,490,78,132,-1,-1,-1,-1
30, 19790.jpg,3,1024,674,73,180,-1,-1,-1,-1
30, 19790.jpg,5,391,620,63,141,-1,-1,-1,-1
30, 19790.jpg,6,1075,541,72,126,-1,-1,-1,-1
30, 19790.jpg,7,1311,603,74,135,-1,-1,-1,-1
30, 19790.jpg,8,555,557,68,119,-1,-1,-1,-1
30, 19790.jpg,9,592,667,58,157,-1,-1,-1,-1
30, 19790.jpg,10,1146,722,99,188,-1,-1,-1,-1
30, 19790.jpg,11,890,632,80,178,-1,-1,-1,-1
30, 19790.jpg,13,1104,619,96,135,-1,-1,-1,-1
31, 19791.jpg,1,881,539,64,127,-1,-1,-1,-1
31, 19791.jpg,2,1116,489,78,135,-1,-1,-1,-1
31, 19791.jpg,3,1023,676,75,179,-1,-1,-1,-1
31, 19791.jpg,5,387,619,64,141,-1,-1,-1,-1
31, 19791.jpg,6,1068,548,70,124,-1,-1,-1,-1
31, 19791.jpg,7,1312,597,74,136,-1,-1,-1,-1
31, 19791.jpg,8,550,557,67,119,-1,-1,-1,-1
31, 19791.jpg,9,590,667,57,156,-1,-1,-1,-1
31, 19791.jpg,10,1154,725,96,179,-1,-1,-1,-1
31, 19791.jpg,11,888,632,80,176,-1,-1,-1,-1
31, 19791.jpg,13,1102,616,99,139,-1,-1,-1,-1
32, 19792.jpg,1,879,541,64,130,-1,-1,-1,-1
32, 19792.jpg,2,1123,490,77,135,-1,-1,-1,-1
32, 19792.jpg,3,1023,675,77,179,-1,-1,-1,-1
32, 19792.jpg,5,383,619,65,140,-1,-1,-1,-1
32, 19792.jpg,6,1064,552,68,122,-1,-1,-1,-1
32, 19792.jpg,7,1313,594,73,135,-1,-1,-1,-1
32, 19792.jpg,8,547,557,67,119,-1,-1,-1,-1
32, 19792.jpg,9,588,666,58,159,-1,-1,-1,-1
32, 19792.jpg,10,1163,727,96,176,-1,-1,-1,-1
32, 19792.jpg,11,887,634,79,171,-1,-1,-1,-1
32, 19792.jpg,13,1101,615,99,140,-1,-1,-1,-1
33, 19793.jpg,1,879,543,63,129,-1,-1,-1,-1
33, 19793.jpg,2,1129,491,75,137,-1,-1,-1,-1
33, 19793.jpg,3,1023,672,79,181,-1,-1,-1,-1
33, 19793.jpg,5,378,618,66,139,-1,-1,-1,-1
33, 19793.jpg,6,1061,555,67,123,-1,-1,-1,-1
33, 19793.jpg,7,1317,594,70,131,-1,-1,-1,-1
33, 19793.jpg,8,546,555,65,120,-1,-1,-1,-1
33, 19793.jpg,9,586,665,58,160,-1,-1,-1,-1
33, 19793.jpg,10,1167,732,94,172,-1,-1,-1,-1
33, 19793.jpg,11,884,638,76,162,-1,-1,-1,-1
33, 19793.jpg,13,1101,617,98,138,-1,-1,-1,-1
34, 19794.jpg,1,877,543,62,130,-1,-1,-1,-1
34, 19794.jpg,2,1133,492,72,136,-1,-1,-1,-1
34, 19794.jpg,3,1023,670,80,183,-1,-1,-1,-1
34, 19794.jpg,5,373,616,67,139,-1,-1,-1,-1
34, 19794.jpg,6,1058,559,67,120,-1,-1,-1,-1
34, 19794.jpg,7,1321,594,70,131,-1,-1,-1,-1
34, 19794.jpg,8,544,554,65,120,-1,-1,-1,-1
34, 19794.jpg,9,584,665,59,159,-1,-1,-1,-1
34, 19794.jpg,10,1173,730,98,180,-1,-1,-1,-1
34, 19794.jpg,11,882,637,77,162,-1,-1,-1,-1
34, 19794.jpg,13,1101,619,99,138,-1,-1,-1,-1
35, 19795.jpg,1,877,543,62,130,-1,-1,-1,-1
35, 19795.jpg,2,1138,494,71,135,-1,-1,-1,-1
35, 19795.jpg,3,1023,663,82,189,-1,-1,-1,-1
35, 19795.jpg,5,367,616,69,137,-1,-1,-1,-1
35, 19795.jpg,6,1054,560,68,119,-1,-1,-1,-1
35, 19795.jpg,7,1325,594,69,131,-1,-1,-1,-1
35, 19795.jpg,8,542,553,65,121,-1,-1,-1,-1
35, 19795.jpg,9,583,664,58,160,-1,-1,-1,-1
35, 19795.jpg,10,1180,739,94,178,-1,-1,-1,-1
35, 19795.jpg,11,879,636,79,163,-1,-1,-1,-1
35, 19795.jpg,13,1101,619,100,138,-1,-1,-1,-1
36, 19796.jpg,1,877,542,62,132,-1,-1,-1,-1
36, 19796.jpg,2,1147,494,71,133,-1,-1,-1,-1
36, 19796.jpg,3,1025,658,83,194,-1,-1,-1,-1
36, 19796.jpg,5,362,616,69,135,-1,-1,-1,-1
36, 19796.jpg,6,1049,561,70,121,-1,-1,-1,-1
36, 19796.jpg,7,1329,593,68,132,-1,-1,-1,-1
36, 19796.jpg,8,538,551,66,124,-1,-1,-1,-1
36, 19796.jpg,9,581,663,60,162,-1,-1,-1,-1
36, 19796.jpg,10,1192,743,92,174,-1,-1,-1,-1
36, 19796.jpg,11,877,637,79,161,-1,-1,-1,-1
36, 19796.jpg,13,1101,618,103,143,-1,-1,-1,-1
36, 19796.jpg,16,125,492,61,129,-1,-1,-1,-1
37, 19797.jpg,1,873,541,62,133,-1,-1,-1,-1
37, 19797.jpg,2,1157,495,71,129,-1,-1,-1,-1
37, 19797.jpg,3,1027,654,82,195,-1,-1,-1,-1
37, 19797.jpg,5,357,616,71,135,-1,-1,-1,-1
37, 19797.jpg,6,1045,563,71,116,-1,-1,-1,-1
37, 19797.jpg,7,1335,592,66,130,-1,-1,-1,-1
37, 19797.jpg,8,538,552,64,122,-1,-1,-1,-1
37, 19797.jpg,9,579,662,60,162,-1,-1,-1,-1
37, 19797.jpg,10,1201,749,88,166,-1,-1,-1,-1
37, 19797.jpg,11,875,637,79,161,-1,-1,-1,-1
37, 19797.jpg,13,1101,618,103,141,-1,-1,-1,-1
37, 19797.jpg,16,122,493,62,129,-1,-1,-1,-1
38, 19798.jpg,1,870,541,62,133,-1,-1,-1,-1
38, 19798.jpg,2,1163,495,71,125,-1,-1,-1,-1
38, 19798.jpg,3,1029,653,81,195,-1,-1,-1,-1
38, 19798.jpg,5,352,616,74,136,-1,-1,-1,-1
38, 19798.jpg,6,1038,557,76,123,-1,-1,-1,-1
38, 19798.jpg,7,1339,592,66,130,-1,-1,-1,-1
38, 19798.jpg,8,536,552,64,122,-1,-1,-1,-1
38, 19798.jpg,9,576,663,58,157,-1,-1,-1,-1
38, 19798.jpg,10,1210,757,91,167,-1,-1,-1,-1
38, 19798.jpg,11,873,639,78,159,-1,-1,-1,-1
38, 19798.jpg,13,1106,618,103,140,-1,-1,-1,-1
38, 19798.jpg,16,120,494,63,128,-1,-1,-1,-1
39, 19799.jpg,1,867,544,61,129,-1,-1,-1,-1
39, 19799.jpg,2,1171,498,70,122,-1,-1,-1,-1
39, 19799.jpg,3,1030,654,77,184,-1,-1,-1,-1
39, 19799.jpg,5,348,615,75,137,-1,-1,-1,-1
39, 19799.jpg,6,1033,556,79,124,-1,-1,-1,-1
39, 19799.jpg,7,1343,589,68,132,-1,-1,-1,-1
39, 19799.jpg,8,535,554,64,122,-1,-1,-1,-1
39, 19799.jpg,9,574,663,58,158,-1,-1,-1,-1
39, 19799.jpg,10,1209,757,89,161,-1,-1,-1,-1
39, 19799.jpg,11,871,642,78,158,-1,-1,-1,-1
39, 19799.jpg,13,1107,615,103,144,-1,-1,-1,-1
39, 19799.jpg,16,119,495,62,127,-1,-1,-1,-1
40, 19800.jpg,1,867,545,61,129,-1,-1,-1,-1
40, 19800.jpg,2,1176,499,73,123,-1,-1,-1,-1
40, 19800.jpg,3,1031,654,74,177,-1,-1,-1,-1
40, 19800.jpg,5,346,616,76,134,-1,-1,-1,-1
40, 19800.jpg,6,1026,555,82,124,-1,-1,-1,-1
40, 19800.jpg,7,1345,589,69,130,-1,-1,-1,-1
40, 19800.jpg,8,534,556,62,121,-1,-1,-1,-1
40, 19800.jpg,9,572,664,59,158,-1,-1,-1,-1
40, 19800.jpg,10,1212,755,90,162,-1,-1,-1,-1
40, 19800.jpg,11,868,645,74,148,-1,-1,-1,-1
40, 19800.jpg,13,1113,614,100,143,-1,-1,-1,-1
40, 19800.jpg,16,118,496,61,127,-1,-1,-1,-1
