2, 27017.jpg,1,247,433,79,81,-1,-1,-1,-1
2, 27017.jpg,3,877,335,38,91,-1,-1,-1,-1
2, 27017.jpg,4,873,392,37,106,-1,-1,-1,-1
2, 27017.jpg,5,457,334,78,67,-1,-1,-1,-1
2, 27017.jpg,6,666,390,43,121,-1,-1,-1,-1
2, 27017.jpg,7,956,361,52,105,-1,-1,-1,-1
2, 27017.jpg,8,603,322,58,86,-1,-1,-1,-1
3, 27018.jpg,1,239,439,73,74,-1,-1,-1,-1
3, 27018.jpg,3,879,337,37,85,-1,-1,-1,-1
3, 27018.jpg,4,873,394,37,105,-1,-1,-1,-1
3, 27018.jpg,5,464,334,76,66,-1,-1,-1,-1
3, 27018.jpg,6,665,392,42,119,-1,-1,-1,-1
3, 27018.jpg,7,957,361,52,104,-1,-1,-1,-1
3, 27018.jpg,8,598,320,59,87,-1,-1,-1,-1
3, 27018.jpg,9,734,364,40,107,-1,-1,-1,-1
4, 27019.jpg,1,231,442,70,71,-1,-1,-1,-1
4, 27019.jpg,3,879,338,36,84,-1,-1,-1,-1
4, 27019.jpg,4,878,377,32,90,-1,-1,-1,-1
4, 27019.jpg,5,469,333,77,69,-1,-1,-1,-1
4, 27019.jpg,6,665,392,43,121,-1,-1,-1,-1
4, 27019.jpg,7,960,361,51,103,-1,-1,-1,-1
4, 27019.jpg,8,592,318,58,85,-1,-1,-1,-1
4, 27019.jpg,9,734,363,40,107,-1,-1,-1,-1
4, 27019.jpg,10,735,325,26,90,-1,-1,-1,-1
4, 27019.jpg,11,282,422,60,90,-1,-1,-1,-1
5, 27020.jpg,1,231,445,72,74,-1,-1,-1,-1
5, 27020.jpg,3,885,337,35,83,-1,-1,-1,-1
5, 27020.jpg,4,877,398,33,90,-1,-1,-1,-1
5, 27020.jpg,5,471,333,78,71,-1,-1,-1,-1
5, 27020.jpg,6,661,391,43,120,-1,-1,-1,-1
5, 27020.jpg,7,965,360,50,102,-1,-1,-1,-1
5, 27020.jpg,8,587,316,58,85,-1,-1,-1,-1
5, 27020.jpg,9,744,366,37,98,-1,-1,-1,-1
5, 27020.jpg,10,735,315,24,81,-1,-1,-1,-1
5, 27020.jpg,11,291,417,64,98,-1,-1,-1,-1
6, 27021.jpg,1,231,443,74,75,-1,-1,-1,-1
6, 27021.jpg,3,887,335,36,83,-1,-1,-1,-1
6, 27021.jpg,4,880,406,32,86,-1,-1,-1,-1
6, 27021.jpg,5,475,333,76,72,-1,-1,-1,-1
6, 27021.jpg,6,659,391,45,123,-1,-1,-1,-1
6, 27021.jpg,7,971,360,48,99,-1,-1,-1,-1
6, 27021.jpg,8,582,313,60,89,-1,-1,-1,-1
6, 27021.jpg,9,738,365,39,102,-1,-1,-1,-1
6, 27021.jpg,10,736,308,22,77,-1,-1,-1,-1
6, 27021.jpg,11,293,415,66,101,-1,-1,-1,-1
7, 27022.jpg,1,226,446,73,74,-1,-1,-1,-1
7, 27022.jpg,3,888,334,37,84,-1,-1,-1,-1
7, 27022.jpg,4,881,408,33,86,-1,-1,-1,-1
7, 27022.jpg,5,478,335,76,73,-1,-1,-1,-1
7, 27022.jpg,6,658,392,43,119,-1,-1,-1,-1
7, 27022.jpg,7,975,359,47,99,-1,-1,-1,-1
7, 27022.jpg,8,578,311,61,90,-1,-1,-1,-1
7, 27022.jpg,9,733,348,39,100,-1,-1,-1,-1
7, 27022.jpg,10,730,313,25,84,-1,-1,-1,-1
7, 27022.jpg,11,277,424,62,93,-1,-1,-1,-1
8, 27023.jpg,1,225,448,72,73,-1,-1,-1,-1
8, 27023.jpg,3,890,333,39,86,-1,-1,-1,-1
8, 27023.jpg,4,881,408,36,90,-1,-1,-1,-1
8, 27023.jpg,5,481,336,75,75,-1,-1,-1,-1
8, 27023.jpg,6,656,395,42,115,-1,-1,-1,-1
8, 27023.jpg,7,978,358,45,97,-1,-1,-1,-1
8, 27023.jpg,8,574,309,62,92,-1,-1,-1,-1
8, 27023.jpg,9,733,358,40,103,-1,-1,-1,-1
8, 27023.jpg,10,729,312,26,86,-1,-1,-1,-1
8, 27023.jpg,11,286,420,65,99,-1,-1,-1,-1
9, 27024.jpg,1,222,453,69,69,-1,-1,-1,-1
9, 27024.jpg,3,890,331,40,87,-1,-1,-1,-1
9, 27024.jpg,4,881,408,38,91,-1,-1,-1,-1
9, 27024.jpg,5,486,339,71,72,-1,-1,-1,-1
9, 27024.jpg,6,654,395,40,112,-1,-1,-1,-1
9, 27024.jpg,7,980,357,46,100,-1,-1,-1,-1
9, 27024.jpg,8,571,307,62,92,-1,-1,-1,-1
9, 27024.jpg,9,728,350,44,111,-1,-1,-1,-1
9, 27024.jpg,10,730,315,30,96,-1,-1,-1,-1
9, 27024.jpg,11,288,418,69,104,-1,-1,-1,-1
10, 27025.jpg,1,218,456,67,67,-1,-1,-1,-1
10, 27025.jpg,3,890,331,41,87,-1,-1,-1,-1
10, 27025.jpg,4,881,407,40,92,-1,-1,-1,-1
10, 27025.jpg,5,491,339,67,71,-1,-1,-1,-1
10, 27025.jpg,6,648,394,42,112,-1,-1,-1,-1
10, 27025.jpg,7,984,356,46,101,-1,-1,-1,-1
10, 27025.jpg,8,568,304,61,94,-1,-1,-1,-1
10, 27025.jpg,9,727,353,44,112,-1,-1,-1,-1
10, 27025.jpg,10,727,313,29,93,-1,-1,-1,-1
10, 27025.jpg,11,271,431,64,92,-1,-1,-1,-1
11, 27026.jpg,1,216,458,66,66,-1,-1,-1,-1
11, 27026.jpg,3,892,332,40,85,-1,-1,-1,-1
11, 27026.jpg,4,879,405,43,96,-1,-1,-1,-1
11, 27026.jpg,5,495,339,64,72,-1,-1,-1,-1
11, 27026.jpg,6,646,393,43,113,-1,-1,-1,-1
11, 27026.jpg,7,988,356,45,101,-1,-1,-1,-1
11, 27026.jpg,8,563,301,59,93,-1,-1,-1,-1
11, 27026.jpg,9,725,348,46,116,-1,-1,-1,-1
11, 27026.jpg,10,725,313,30,93,-1,-1,-1,-1
11, 27026.jpg,11,282,428,66,97,-1,-1,-1,-1
12, 27027.jpg,1,214,460,65,64,-1,-1,-1,-1
12, 27027.jpg,3,894,332,42,89,-1,-1,-1,-1
12, 27027.jpg,4,880,405,45,96,-1,-1,-1,-1
12, 27027.jpg,5,497,339,62,72,-1,-1,-1,-1
12, 27027.jpg,6,643,395,43,110,-1,-1,-1,-1
12, 27027.jpg,7,991,358,45,101,-1,-1,-1,-1
12, 27027.jpg,8,558,299,58,94,-1,-1,-1,-1
12, 27027.jpg,9,723,346,47,119,-1,-1,-1,-1
12, 27027.jpg,10,723,312,32,96,-1,-1,-1,-1
12, 27027.jpg,11,270,436,65,90,-1,-1,-1,-1
13, 27028.jpg,1,210,462,64,63,-1,-1,-1,-1
13, 27028.jpg,3,896,332,42,90,-1,-1,-1,-1
13, 27028.jpg,4,881,402,48,99,-1,-1,-1,-1
13, 27028.jpg,5,500,339,60,71,-1,-1,-1,-1
13, 27028.jpg,6,642,393,43,113,-1,-1,-1,-1
13, 27028.jpg,7,994,359,43,100,-1,-1,-1,-1
13, 27028.jpg,8,554,294,57,96,-1,-1,-1,-1
13, 27028.jpg,9,722,344,48,121,-1,-1,-1,-1
13, 27028.jpg,10,721,319,34,102,-1,-1,-1,-1
13, 27028.jpg,11,259,441,65,84,-1,-1,-1,-1
14, 27029.jpg,3,899,332,40,88,-1,-1,-1,-1
14, 27029.jpg,4,888,402,46,97,-1,-1,-1,-1
14, 27029.jpg,5,502,338,59,73,-1,-1,-1,-1
14, 27029.jpg,6,640,394,44,112,-1,-1,-1,-1
14, 27029.jpg,7,998,361,43,98,-1,-1,-1,-1
14, 27029.jpg,8,553,294,55,94,-1,-1,-1,-1
14, 27029.jpg,9,724,344,46,117,-1,-1,-1,-1
14, 27029.jpg,10,722,315,33,96,-1,-1,-1,-1
14, 27029.jpg,11,254,442,68,83,-1,-1,-1,-1
15, 27030.jpg,3,902,330,40,88,-1,-1,-1,-1
15, 27030.jpg,4,893,400,49,101,-1,-1,-1,-1
15, 27030.jpg,5,503,337,58,74,-1,-1,-1,-1
15, 27030.jpg,6,641,394,45,112,-1,-1,-1,-1
15, 27030.jpg,7,1003,362,43,97,-1,-1,-1,-1
15, 27030.jpg,8,553,294,54,94,-1,-1,-1,-1
15, 27030.jpg,9,725,341,46,117,-1,-1,-1,-1
15, 27030.jpg,10,722,315,33,93,-1,-1,-1,-1
15, 27030.jpg,11,248,443,72,83,-1,-1,-1,-1
16, 27031.jpg,3,905,329,39,87,-1,-1,-1,-1
16, 27031.jpg,4,898,398,49,104,-1,-1,-1,-1
16, 27031.jpg,5,505,335,58,75,-1,-1,-1,-1
16, 27031.jpg,6,640,393,46,113,-1,-1,-1,-1
16, 27031.jpg,7,1006,362,44,97,-1,-1,-1,-1
16, 27031.jpg,8,551,294,51,92,-1,-1,-1,-1
16, 27031.jpg,9,724,341,47,120,-1,-1,-1,-1
16, 27031.jpg,10,721,316,33,95,-1,-1,-1,-1
16, 27031.jpg,11,245,446,71,81,-1,-1,-1,-1
17, 27032.jpg,3,910,329,37,82,-1,-1,-1,-1
17, 27032.jpg,4,904,400,48,104,-1,-1,-1,-1
17, 27032.jpg,5,507,333,57,77,-1,-1,-1,-1
17, 27032.jpg,6,638,393,45,111,-1,-1,-1,-1
17, 27032.jpg,7,1009,361,44,97,-1,-1,-1,-1
17, 27032.jpg,8,548,295,50,89,-1,-1,-1,-1
17, 27032.jpg,9,724,339,47,122,-1,-1,-1,-1
17, 27032.jpg,10,725,327,35,97,-1,-1,-1,-1
17, 27032.jpg,14,215,455,85,65,-1,-1,-1,-1
17, 27032.jpg,15,292,428,72,98,-1,-1,-1,-1
18, 27033.jpg,3,916,328,35,80,-1,-1,-1,-1
18, 27033.jpg,4,909,401,49,107,-1,-1,-1,-1
18, 27033.jpg,5,508,332,56,78,-1,-1,-1,-1
18, 27033.jpg,6,636,392,47,109,-1,-1,-1,-1
18, 27033.jpg,7,1013,360,46,98,-1,-1,-1,-1
18, 27033.jpg,8,548,296,47,85,-1,-1,-1,-1
18, 27033.jpg,9,726,341,47,120,-1,-1,-1,-1
18, 27033.jpg,10,726,320,33,91,-1,-1,-1,-1
18, 27033.jpg,14,217,457,85,63,-1,-1,-1,-1
18, 27033.jpg,15,297,429,71,97,-1,-1,-1,-1
18, 27033.jpg,16,617,384,40,83,-1,-1,-1,-1
19, 27034.jpg,3,920,327,35,80,-1,-1,-1,-1
19, 27034.jpg,4,914,403,47,106,-1,-1,-1,-1
19, 27034.jpg,5,510,331,55,79,-1,-1,-1,-1
19, 27034.jpg,6,635,391,46,110,-1,-1,-1,-1
19, 27034.jpg,7,1017,358,46,99,-1,-1,-1,-1
19, 27034.jpg,8,550,297,44,81,-1,-1,-1,-1
19, 27034.jpg,9,736,358,42,108,-1,-1,-1,-1
19, 27034.jpg,10,724,332,34,93,-1,-1,-1,-1
19, 27034.jpg,14,220,457,84,63,-1,-1,-1,-1
19, 27034.jpg,15,279,440,64,81,-1,-1,-1,-1
19, 27034.jpg,16,623,386,45,94,-1,-1,-1,-1
20, 27035.jpg,3,924,326,36,81,-1,-1,-1,-1
20, 27035.jpg,4,919,405,46,103,-1,-1,-1,-1
20, 27035.jpg,5,511,330,55,82,-1,-1,-1,-1
20, 27035.jpg,7,1020,355,47,101,-1,-1,-1,-1
20, 27035.jpg,8,546,298,47,85,-1,-1,-1,-1
20, 27035.jpg,9,740,364,41,104,-1,-1,-1,-1
20, 27035.jpg,10,727,323,33,86,-1,-1,-1,-1
20, 27035.jpg,15,259,447,59,69,-1,-1,-1,-1
20, 27035.jpg,16,624,387,47,95,-1,-1,-1,-1
21, 27036.jpg,3,927,324,37,86,-1,-1,-1,-1
21, 27036.jpg,4,923,406,47,103,-1,-1,-1,-1
21, 27036.jpg,5,511,329,55,84,-1,-1,-1,-1
21, 27036.jpg,7,1023,355,46,100,-1,-1,-1,-1
21, 27036.jpg,8,543,300,47,86,-1,-1,-1,-1
21, 27036.jpg,9,744,365,40,104,-1,-1,-1,-1
21, 27036.jpg,10,730,334,34,90,-1,-1,-1,-1
21, 27036.jpg,15,251,450,57,62,-1,-1,-1,-1
21, 27036.jpg,16,627,390,46,95,-1,-1,-1,-1
22, 27037.jpg,3,930,322,37,88,-1,-1,-1,-1
22, 27037.jpg,4,928,407,47,101,-1,-1,-1,-1
22, 27037.jpg,5,510,331,54,82,-1,-1,-1,-1
22, 27037.jpg,7,1027,352,45,100,-1,-1,-1,-1
22, 27037.jpg,8,544,298,44,84,-1,-1,-1,-1
22, 27037.jpg,9,736,360,43,110,-1,-1,-1,-1
22, 27037.jpg,10,729,323,32,85,-1,-1,-1,-1
22, 27037.jpg,15,247,454,55,57,-1,-1,-1,-1
22, 27037.jpg,16,626,387,46,93,-1,-1,-1,-1
22, 27037.jpg,17,323,424,71,105,-1,-1,-1,-1
23, 27038.jpg,3,932,321,38,90,-1,-1,-1,-1
23, 27038.jpg,4,931,408,49,100,-1,-1,-1,-1
23, 27038.jpg,5,510,333,54,81,-1,-1,-1,-1
23, 27038.jpg,7,1030,350,45,101,-1,-1,-1,-1
23, 27038.jpg,8,545,298,42,80,-1,-1,-1,-1
23, 27038.jpg,9,731,342,41,103,-1,-1,-1,-1
23, 27038.jpg,10,728,320,32,83,-1,-1,-1,-1
23, 27038.jpg,14,242,452,76,57,-1,-1,-1,-1
23, 27038.jpg,15,243,458,48,50,-1,-1,-1,-1
23, 27038.jpg,16,626,389,47,92,-1,-1,-1,-1
23, 27038.jpg,17,326,424,72,106,-1,-1,-1,-1
24, 27039.jpg,3,934,321,39,92,-1,-1,-1,-1
24, 27039.jpg,4,935,409,49,98,-1,-1,-1,-1
24, 27039.jpg,5,510,334,53,80,-1,-1,-1,-1
24, 27039.jpg,7,1034,348,45,102,-1,-1,-1,-1
24, 27039.jpg,8,542,300,42,82,-1,-1,-1,-1
24, 27039.jpg,9,730,351,44,109,-1,-1,-1,-1
24, 27039.jpg,10,729,326,35,91,-1,-1,-1,-1
24, 27039.jpg,14,246,452,74,55,-1,-1,-1,-1
24, 27039.jpg,16,628,389,47,93,-1,-1,-1,-1
24, 27039.jpg,17,332,423,69,103,-1,-1,-1,-1
25, 27040.jpg,3,936,318,39,94,-1,-1,-1,-1
25, 27040.jpg,4,936,408,51,100,-1,-1,-1,-1
25, 27040.jpg,5,518,323,55,85,-1,-1,-1,-1
25, 27040.jpg,7,1038,349,43,100,-1,-1,-1,-1
25, 27040.jpg,8,540,300,42,82,-1,-1,-1,-1
25, 27040.jpg,9,740,360,43,107,-1,-1,-1,-1
25, 27040.jpg,10,724,328,41,107,-1,-1,-1,-1
25, 27040.jpg,16,633,386,51,104,-1,-1,-1,-1
25, 27040.jpg,17,336,420,69,105,-1,-1,-1,-1
26, 27041.jpg,3,939,320,37,87,-1,-1,-1,-1
26, 27041.jpg,4,938,408,52,100,-1,-1,-1,-1
26, 27041.jpg,5,519,319,56,86,-1,-1,-1,-1
26, 27041.jpg,7,1041,350,42,98,-1,-1,-1,-1
26, 27041.jpg,8,538,298,41,81,-1,-1,-1,-1
26, 27041.jpg,9,736,357,45,112,-1,-1,-1,-1
26, 27041.jpg,10,722,326,41,107,-1,-1,-1,-1
26, 27041.jpg,16,636,386,51,106,-1,-1,-1,-1
26, 27041.jpg,17,340,419,71,107,-1,-1,-1,-1
26, 27041.jpg,19,602,387,42,59,-1,-1,-1,-1
27, 27042.jpg,3,942,320,37,85,-1,-1,-1,-1
27, 27042.jpg,4,941,408,52,102,-1,-1,-1,-1
27, 27042.jpg,5,520,318,54,86,-1,-1,-1,-1
27, 27042.jpg,7,1043,352,42,96,-1,-1,-1,-1
27, 27042.jpg,8,537,296,41,80,-1,-1,-1,-1
27, 27042.jpg,9,732,353,47,115,-1,-1,-1,-1
27, 27042.jpg,10,719,321,43,116,-1,-1,-1,-1
27, 27042.jpg,16,636,384,51,108,-1,-1,-1,-1
27, 27042.jpg,17,344,419,72,109,-1,-1,-1,-1
27, 27042.jpg,19,601,386,40,55,-1,-1,-1,-1
28, 27043.jpg,3,945,322,36,81,-1,-1,-1,-1
28, 27043.jpg,4,945,408,52,103,-1,-1,-1,-1
28, 27043.jpg,5,512,330,52,80,-1,-1,-1,-1
28, 27043.jpg,7,1045,354,41,94,-1,-1,-1,-1
28, 27043.jpg,8,534,293,41,79,-1,-1,-1,-1
28, 27043.jpg,9,732,353,47,115,-1,-1,-1,-1
28, 27043.jpg,10,725,335,45,117,-1,-1,-1,-1
28, 27043.jpg,16,635,383,50,108,-1,-1,-1,-1
28, 27043.jpg,17,349,419,71,110,-1,-1,-1,-1
28, 27043.jpg,19,600,385,39,54,-1,-1,-1,-1
29, 27044.jpg,3,947,323,36,81,-1,-1,-1,-1
29, 27044.jpg,4,949,409,52,103,-1,-1,-1,-1
29, 27044.jpg,5,507,334,50,79,-1,-1,-1,-1
29, 27044.jpg,7,1046,355,41,93,-1,-1,-1,-1
29, 27044.jpg,8,532,291,41,79,-1,-1,-1,-1
29, 27044.jpg,9,744,369,43,104,-1,-1,-1,-1
29, 27044.jpg,10,718,323,44,119,-1,-1,-1,-1
29, 27044.jpg,16,635,382,49,109,-1,-1,-1,-1
29, 27044.jpg,17,355,420,68,107,-1,-1,-1,-1
29, 27044.jpg,19,597,384,37,51,-1,-1,-1,-1
30, 27045.jpg,3,949,324,36,79,-1,-1,-1,-1
30, 27045.jpg,4,952,410,52,103,-1,-1,-1,-1
30, 27045.jpg,5,503,336,49,78,-1,-1,-1,-1
30, 27045.jpg,7,1047,356,41,91,-1,-1,-1,-1
30, 27045.jpg,8,531,290,39,78,-1,-1,-1,-1
30, 27045.jpg,9,746,374,44,101,-1,-1,-1,-1
30, 27045.jpg,10,716,319,43,117,-1,-1,-1,-1
30, 27045.jpg,14,253,455,68,50,-1,-1,-1,-1
30, 27045.jpg,16,632,382,48,108,-1,-1,-1,-1
30, 27045.jpg,17,362,421,66,107,-1,-1,-1,-1
30, 27045.jpg,19,594,383,37,51,-1,-1,-1,-1
31, 27046.jpg,3,950,324,37,77,-1,-1,-1,-1
31, 27046.jpg,4,954,410,52,103,-1,-1,-1,-1
31, 27046.jpg,5,506,324,53,85,-1,-1,-1,-1
31, 27046.jpg,7,1048,356,41,90,-1,-1,-1,-1
31, 27046.jpg,8,529,289,39,78,-1,-1,-1,-1
31, 27046.jpg,9,747,375,44,102,-1,-1,-1,-1
31, 27046.jpg,10,715,319,44,119,-1,-1,-1,-1
31, 27046.jpg,14,240,456,72,50,-1,-1,-1,-1
31, 27046.jpg,16,630,382,47,109,-1,-1,-1,-1
31, 27046.jpg,17,366,422,64,107,-1,-1,-1,-1
31, 27046.jpg,19,592,381,38,51,-1,-1,-1,-1
32, 27047.jpg,3,949,324,39,79,-1,-1,-1,-1
32, 27047.jpg,4,957,411,52,101,-1,-1,-1,-1
32, 27047.jpg,5,500,332,50,80,-1,-1,-1,-1
32, 27047.jpg,7,1045,354,43,93,-1,-1,-1,-1
32, 27047.jpg,8,527,292,39,76,-1,-1,-1,-1
32, 27047.jpg,9,745,375,45,103,-1,-1,-1,-1
32, 27047.jpg,10,713,327,39,105,-1,-1,-1,-1
32, 27047.jpg,14,240,456,71,50,-1,-1,-1,-1
32, 27047.jpg,16,628,382,46,109,-1,-1,-1,-1
32, 27047.jpg,17,371,421,64,108,-1,-1,-1,-1
32, 27047.jpg,19,590,379,39,53,-1,-1,-1,-1
33, 27048.jpg,3,950,325,40,77,-1,-1,-1,-1
33, 27048.jpg,4,959,413,52,99,-1,-1,-1,-1
33, 27048.jpg,5,495,335,49,79,-1,-1,-1,-1
33, 27048.jpg,7,1045,353,42,93,-1,-1,-1,-1
33, 27048.jpg,8,525,292,39,77,-1,-1,-1,-1
33, 27048.jpg,9,743,374,47,106,-1,-1,-1,-1
33, 27048.jpg,10,710,324,40,107,-1,-1,-1,-1
33, 27048.jpg,16,623,383,45,105,-1,-1,-1,-1
33, 27048.jpg,17,375,421,64,108,-1,-1,-1,-1
33, 27048.jpg,19,589,377,40,55,-1,-1,-1,-1
34, 27049.jpg,3,950,325,41,77,-1,-1,-1,-1
34, 27049.jpg,4,960,414,53,97,-1,-1,-1,-1
34, 27049.jpg,5,490,336,47,79,-1,-1,-1,-1
34, 27049.jpg,7,1044,353,42,92,-1,-1,-1,-1
34, 27049.jpg,8,522,293,40,77,-1,-1,-1,-1
34, 27049.jpg,9,742,376,48,105,-1,-1,-1,-1
34, 27049.jpg,10,707,326,39,102,-1,-1,-1,-1
34, 27049.jpg,16,620,381,44,107,-1,-1,-1,-1
34, 27049.jpg,17,378,420,66,109,-1,-1,-1,-1
34, 27049.jpg,19,586,376,39,53,-1,-1,-1,-1
35, 27050.jpg,3,948,325,42,78,-1,-1,-1,-1
35, 27050.jpg,4,960,415,55,95,-1,-1,-1,-1
35, 27050.jpg,5,485,336,47,80,-1,-1,-1,-1
35, 27050.jpg,7,1041,351,43,94,-1,-1,-1,-1
35, 27050.jpg,8,521,296,40,76,-1,-1,-1,-1
35, 27050.jpg,9,743,377,48,106,-1,-1,-1,-1
35, 27050.jpg,10,705,329,38,96,-1,-1,-1,-1
35, 27050.jpg,14,232,446,83,58,-1,-1,-1,-1
35, 27050.jpg,16,614,380,45,108,-1,-1,-1,-1
35, 27050.jpg,17,380,420,68,108,-1,-1,-1,-1
35, 27050.jpg,19,580,373,42,58,-1,-1,-1,-1
36, 27051.jpg,3,946,324,44,80,-1,-1,-1,-1
36, 27051.jpg,4,959,415,57,96,-1,-1,-1,-1
36, 27051.jpg,5,481,336,46,81,-1,-1,-1,-1
36, 27051.jpg,7,1040,350,43,93,-1,-1,-1,-1
36, 27051.jpg,8,518,297,40,77,-1,-1,-1,-1
36, 27051.jpg,9,746,378,47,105,-1,-1,-1,-1
36, 27051.jpg,10,701,327,38,96,-1,-1,-1,-1
36, 27051.jpg,14,228,443,88,62,-1,-1,-1,-1
36, 27051.jpg,16,611,380,43,105,-1,-1,-1,-1
36, 27051.jpg,17,382,419,69,108,-1,-1,-1,-1
36, 27051.jpg,19,578,373,41,57,-1,-1,-1,-1
37, 27052.jpg,3,944,322,45,81,-1,-1,-1,-1
37, 27052.jpg,4,957,414,59,98,-1,-1,-1,-1
37, 27052.jpg,5,477,335,45,82,-1,-1,-1,-1
37, 27052.jpg,7,1040,350,41,90,-1,-1,-1,-1
37, 27052.jpg,8,515,297,40,78,-1,-1,-1,-1
37, 27052.jpg,9,747,377,47,107,-1,-1,-1,-1
37, 27052.jpg,10,701,341,34,82,-1,-1,-1,-1
37, 27052.jpg,14,227,445,82,59,-1,-1,-1,-1
37, 27052.jpg,16,608,379,43,105,-1,-1,-1,-1
37, 27052.jpg,17,383,417,71,109,-1,-1,-1,-1
37, 27052.jpg,19,576,372,42,59,-1,-1,-1,-1
38, 27053.jpg,3,943,320,45,82,-1,-1,-1,-1
38, 27053.jpg,4,957,413,60,99,-1,-1,-1,-1
38, 27053.jpg,5,472,335,43,81,-1,-1,-1,-1
38, 27053.jpg,7,1039,349,41,90,-1,-1,-1,-1
38, 27053.jpg,8,511,298,39,76,-1,-1,-1,-1
38, 27053.jpg,9,748,377,47,107,-1,-1,-1,-1
38, 27053.jpg,10,698,335,38,87,-1,-1,-1,-1
38, 27053.jpg,11,221,449,53,62,-1,-1,-1,-1
38, 27053.jpg,14,226,444,83,60,-1,-1,-1,-1
38, 27053.jpg,16,606,377,42,105,-1,-1,-1,-1
38, 27053.jpg,17,386,418,69,106,-1,-1,-1,-1
38, 27053.jpg,19,574,370,42,60,-1,-1,-1,-1
39, 27054.jpg,3,943,318,45,82,-1,-1,-1,-1
39, 27054.jpg,4,957,413,61,99,-1,-1,-1,-1
39, 27054.jpg,5,466,333,44,83,-1,-1,-1,-1
39, 27054.jpg,7,1036,348,42,90,-1,-1,-1,-1
39, 27054.jpg,8,507,297,40,78,-1,-1,-1,-1
39, 27054.jpg,9,748,376,48,110,-1,-1,-1,-1
39, 27054.jpg,10,694,330,39,89,-1,-1,-1,-1
39, 27054.jpg,11,220,449,52,62,-1,-1,-1,-1
39, 27054.jpg,14,228,450,77,57,-1,-1,-1,-1
39, 27054.jpg,16,603,377,41,104,-1,-1,-1,-1
39, 27054.jpg,17,389,418,69,108,-1,-1,-1,-1
39, 27054.jpg,19,572,368,42,60,-1,-1,-1,-1
40, 27055.jpg,3,943,316,44,81,-1,-1,-1,-1
40, 27055.jpg,4,959,413,61,100,-1,-1,-1,-1
40, 27055.jpg,5,460,333,44,84,-1,-1,-1,-1
40, 27055.jpg,7,1035,349,40,87,-1,-1,-1,-1
40, 27055.jpg,8,503,295,40,81,-1,-1,-1,-1
40, 27055.jpg,9,749,376,48,113,-1,-1,-1,-1
40, 27055.jpg,10,690,326,43,95,-1,-1,-1,-1
40, 27055.jpg,14,223,455,72,54,-1,-1,-1,-1
40, 27055.jpg,16,600,376,42,105,-1,-1,-1,-1
40, 27055.jpg,17,393,416,69,109,-1,-1,-1,-1
40, 27055.jpg,19,567,367,42,63,-1,-1,-1,-1
