2, 26887.jpg,1,499,274,38,76,-1,-1,-1,-1
2, 26887.jpg,2,379,364,30,93,-1,-1,-1,-1
2, 26887.jpg,3,652,320,36,97,-1,-1,-1,-1
2, 26887.jpg,4,1009,350,40,85,-1,-1,-1,-1
2, 26887.jpg,5,654,375,52,107,-1,-1,-1,-1
2, 26887.jpg,6,814,330,37,65,-1,-1,-1,-1
2, 26887.jpg,7,555,392,52,96,-1,-1,-1,-1
2, 26887.jpg,8,419,326,40,75,-1,-1,-1,-1
2, 26887.jpg,9,851,403,53,94,-1,-1,-1,-1
3, 26888.jpg,1,503,276,39,77,-1,-1,-1,-1
3, 26888.jpg,2,381,362,31,91,-1,-1,-1,-1
3, 26888.jpg,3,652,322,36,97,-1,-1,-1,-1
3, 26888.jpg,4,1003,349,42,86,-1,-1,-1,-1
3, 26888.jpg,5,650,366,57,118,-1,-1,-1,-1
3, 26888.jpg,6,813,326,40,70,-1,-1,-1,-1
3, 26888.jpg,7,555,393,52,95,-1,-1,-1,-1
3, 26888.jpg,8,421,327,41,77,-1,-1,-1,-1
3, 26888.jpg,9,851,403,53,93,-1,-1,-1,-1
4, 26889.jpg,1,506,278,37,75,-1,-1,-1,-1
4, 26889.jpg,2,384,364,30,88,-1,-1,-1,-1
4, 26889.jpg,3,653,311,30,82,-1,-1,-1,-1
4, 26889.jpg,4,996,349,43,88,-1,-1,-1,-1
4, 26889.jpg,5,652,369,56,114,-1,-1,-1,-1
4, 26889.jpg,6,815,323,41,73,-1,-1,-1,-1
4, 26889.jpg,7,553,391,53,99,-1,-1,-1,-1
4, 26889.jpg,8,422,329,41,75,-1,-1,-1,-1
4, 26889.jpg,9,852,402,53,94,-1,-1,-1,-1
5, 26890.jpg,1,508,278,38,77,-1,-1,-1,-1
5, 26890.jpg,2,387,364,31,88,-1,-1,-1,-1
5, 26890.jpg,3,651,329,33,89,-1,-1,-1,-1
5, 26890.jpg,4,992,349,42,87,-1,-1,-1,-1
5, 26890.jpg,5,655,372,53,109,-1,-1,-1,-1
5, 26890.jpg,6,815,321,43,76,-1,-1,-1,-1
5, 26890.jpg,7,551,391,55,101,-1,-1,-1,-1
5, 26890.jpg,8,423,332,40,71,-1,-1,-1,-1
5, 26890.jpg,9,852,400,55,96,-1,-1,-1,-1
6, 26891.jpg,1,511,278,38,76,-1,-1,-1,-1
6, 26891.jpg,2,393,364,28,78,-1,-1,-1,-1
6, 26891.jpg,3,649,337,33,92,-1,-1,-1,-1
6, 26891.jpg,4,987,348,42,86,-1,-1,-1,-1
6, 26891.jpg,5,661,374,52,107,-1,-1,-1,-1
6, 26891.jpg,6,818,319,43,75,-1,-1,-1,-1
6, 26891.jpg,7,551,392,54,101,-1,-1,-1,-1
6, 26891.jpg,8,424,332,40,70,-1,-1,-1,-1
6, 26891.jpg,9,856,397,54,97,-1,-1,-1,-1
7, 26892.jpg,1,514,278,36,75,-1,-1,-1,-1
7, 26892.jpg,2,395,366,28,74,-1,-1,-1,-1
7, 26892.jpg,3,648,342,34,92,-1,-1,-1,-1
7, 26892.jpg,4,983,346,42,85,-1,-1,-1,-1
7, 26892.jpg,5,665,373,50,106,-1,-1,-1,-1
7, 26892.jpg,6,822,319,42,73,-1,-1,-1,-1
7, 26892.jpg,7,552,395,53,98,-1,-1,-1,-1
7, 26892.jpg,8,425,330,39,70,-1,-1,-1,-1
7, 26892.jpg,9,858,394,56,100,-1,-1,-1,-1
8, 26893.jpg,1,517,279,35,72,-1,-1,-1,-1
8, 26893.jpg,2,397,367,30,75,-1,-1,-1,-1
8, 26893.jpg,3,651,331,32,88,-1,-1,-1,-1
8, 26893.jpg,4,978,347,42,86,-1,-1,-1,-1
8, 26893.jpg,5,668,373,49,105,-1,-1,-1,-1
8, 26893.jpg,6,826,317,40,72,-1,-1,-1,-1
8, 26893.jpg,7,552,397,54,98,-1,-1,-1,-1
8, 26893.jpg,8,424,329,40,69,-1,-1,-1,-1
8, 26893.jpg,9,860,393,57,101,-1,-1,-1,-1
9, 26894.jpg,1,517,277,38,77,-1,-1,-1,-1
9, 26894.jpg,2,400,366,30,75,-1,-1,-1,-1
9, 26894.jpg,3,654,332,32,85,-1,-1,-1,-1
9, 26894.jpg,4,976,345,44,90,-1,-1,-1,-1
9, 26894.jpg,5,671,374,47,102,-1,-1,-1,-1
9, 26894.jpg,6,829,316,40,70,-1,-1,-1,-1
9, 26894.jpg,7,552,398,54,98,-1,-1,-1,-1
9, 26894.jpg,8,424,326,41,70,-1,-1,-1,-1
9, 26894.jpg,9,863,391,57,101,-1,-1,-1,-1
10, 26895.jpg,1,518,276,40,80,-1,-1,-1,-1
10, 26895.jpg,2,401,366,31,77,-1,-1,-1,-1
10, 26895.jpg,3,654,330,33,90,-1,-1,-1,-1
10, 26895.jpg,4,975,344,44,90,-1,-1,-1,-1
10, 26895.jpg,5,676,375,46,102,-1,-1,-1,-1
10, 26895.jpg,6,832,314,41,71,-1,-1,-1,-1
10, 26895.jpg,7,551,398,54,99,-1,-1,-1,-1
10, 26895.jpg,8,422,325,42,72,-1,-1,-1,-1
10, 26895.jpg,9,867,390,55,102,-1,-1,-1,-1
10, 26895.jpg,13,369,419,51,52,-1,-1,-1,-1
11, 26896.jpg,1,520,275,40,81,-1,-1,-1,-1
11, 26896.jpg,2,408,348,37,88,-1,-1,-1,-1
11, 26896.jpg,3,653,349,31,82,-1,-1,-1,-1
11, 26896.jpg,4,973,342,42,89,-1,-1,-1,-1
11, 26896.jpg,5,679,378,47,103,-1,-1,-1,-1
11, 26896.jpg,6,835,313,41,72,-1,-1,-1,-1
11, 26896.jpg,7,548,396,56,101,-1,-1,-1,-1
11, 26896.jpg,8,423,325,42,71,-1,-1,-1,-1
11, 26896.jpg,9,872,390,53,99,-1,-1,-1,-1
11, 26896.jpg,13,369,417,49,51,-1,-1,-1,-1
12, 26897.jpg,1,522,275,41,82,-1,-1,-1,-1
12, 26897.jpg,2,413,344,36,82,-1,-1,-1,-1
12, 26897.jpg,3,651,353,31,82,-1,-1,-1,-1
12, 26897.jpg,4,971,339,42,89,-1,-1,-1,-1
12, 26897.jpg,5,683,379,47,104,-1,-1,-1,-1
12, 26897.jpg,6,838,314,40,71,-1,-1,-1,-1
12, 26897.jpg,7,546,393,57,105,-1,-1,-1,-1
12, 26897.jpg,9,877,390,51,98,-1,-1,-1,-1
12, 26897.jpg,13,368,416,49,51,-1,-1,-1,-1
13, 26898.jpg,1,523,275,41,80,-1,-1,-1,-1
13, 26898.jpg,2,417,341,36,82,-1,-1,-1,-1
13, 26898.jpg,3,655,356,31,79,-1,-1,-1,-1
13, 26898.jpg,4,970,337,42,89,-1,-1,-1,-1
13, 26898.jpg,5,686,379,47,105,-1,-1,-1,-1
13, 26898.jpg,6,841,314,39,69,-1,-1,-1,-1
13, 26898.jpg,7,545,391,58,106,-1,-1,-1,-1
13, 26898.jpg,8,415,325,43,70,-1,-1,-1,-1
13, 26898.jpg,9,880,389,51,99,-1,-1,-1,-1
13, 26898.jpg,13,371,414,46,50,-1,-1,-1,-1
13, 26898.jpg,14,650,310,32,75,-1,-1,-1,-1
14, 26899.jpg,1,525,275,40,80,-1,-1,-1,-1
14, 26899.jpg,3,656,360,30,77,-1,-1,-1,-1
14, 26899.jpg,4,968,335,41,90,-1,-1,-1,-1
14, 26899.jpg,5,689,377,49,107,-1,-1,-1,-1
14, 26899.jpg,6,843,314,39,67,-1,-1,-1,-1
14, 26899.jpg,7,544,390,57,106,-1,-1,-1,-1
14, 26899.jpg,8,411,327,45,71,-1,-1,-1,-1
14, 26899.jpg,9,883,390,49,97,-1,-1,-1,-1
14, 26899.jpg,13,371,414,48,51,-1,-1,-1,-1
14, 26899.jpg,14,648,307,34,80,-1,-1,-1,-1
15, 26900.jpg,1,527,275,40,81,-1,-1,-1,-1
15, 26900.jpg,3,661,359,31,74,-1,-1,-1,-1
15, 26900.jpg,4,966,336,40,87,-1,-1,-1,-1
15, 26900.jpg,5,691,376,50,108,-1,-1,-1,-1
15, 26900.jpg,6,846,314,39,66,-1,-1,-1,-1
15, 26900.jpg,7,543,389,57,108,-1,-1,-1,-1
15, 26900.jpg,8,403,337,55,87,-1,-1,-1,-1
15, 26900.jpg,9,885,392,48,95,-1,-1,-1,-1
15, 26900.jpg,13,368,414,49,50,-1,-1,-1,-1
15, 26900.jpg,14,647,303,36,85,-1,-1,-1,-1
16, 26901.jpg,1,529,275,41,83,-1,-1,-1,-1
16, 26901.jpg,3,657,343,36,84,-1,-1,-1,-1
16, 26901.jpg,4,963,336,39,87,-1,-1,-1,-1
16, 26901.jpg,5,693,376,51,109,-1,-1,-1,-1
16, 26901.jpg,6,848,314,40,66,-1,-1,-1,-1
16, 26901.jpg,7,542,387,57,111,-1,-1,-1,-1
16, 26901.jpg,8,400,343,58,90,-1,-1,-1,-1
16, 26901.jpg,9,887,392,46,94,-1,-1,-1,-1
16, 26901.jpg,13,368,414,49,51,-1,-1,-1,-1
16, 26901.jpg,14,650,304,36,82,-1,-1,-1,-1
17, 26902.jpg,1,531,276,41,82,-1,-1,-1,-1
17, 26902.jpg,3,659,350,38,83,-1,-1,-1,-1
17, 26902.jpg,4,961,338,38,85,-1,-1,-1,-1
17, 26902.jpg,5,696,376,50,109,-1,-1,-1,-1
17, 26902.jpg,6,849,314,41,68,-1,-1,-1,-1
17, 26902.jpg,7,541,388,57,110,-1,-1,-1,-1
17, 26902.jpg,8,399,346,59,92,-1,-1,-1,-1
17, 26902.jpg,9,889,392,45,93,-1,-1,-1,-1
17, 26902.jpg,13,367,416,45,46,-1,-1,-1,-1
17, 26902.jpg,14,647,306,36,82,-1,-1,-1,-1
18, 26903.jpg,1,534,276,40,83,-1,-1,-1,-1
18, 26903.jpg,3,660,349,40,88,-1,-1,-1,-1
18, 26903.jpg,4,959,339,38,86,-1,-1,-1,-1
18, 26903.jpg,5,699,378,49,108,-1,-1,-1,-1
18, 26903.jpg,6,850,314,41,69,-1,-1,-1,-1
18, 26903.jpg,7,542,388,56,110,-1,-1,-1,-1
18, 26903.jpg,8,398,352,58,88,-1,-1,-1,-1
18, 26903.jpg,9,889,390,47,96,-1,-1,-1,-1
18, 26903.jpg,13,367,414,48,49,-1,-1,-1,-1
18, 26903.jpg,14,647,307,36,82,-1,-1,-1,-1
19, 26904.jpg,1,535,276,42,86,-1,-1,-1,-1
19, 26904.jpg,3,666,348,41,90,-1,-1,-1,-1
19, 26904.jpg,4,957,340,39,86,-1,-1,-1,-1
19, 26904.jpg,5,703,380,47,106,-1,-1,-1,-1
19, 26904.jpg,6,851,314,42,70,-1,-1,-1,-1
19, 26904.jpg,7,541,389,55,109,-1,-1,-1,-1
19, 26904.jpg,8,392,355,59,86,-1,-1,-1,-1
19, 26904.jpg,9,892,390,46,95,-1,-1,-1,-1
19, 26904.jpg,13,367,411,51,52,-1,-1,-1,-1
19, 26904.jpg,14,645,306,37,85,-1,-1,-1,-1
20, 26905.jpg,1,535,276,44,91,-1,-1,-1,-1
20, 26905.jpg,3,669,348,42,90,-1,-1,-1,-1
20, 26905.jpg,4,955,340,39,86,-1,-1,-1,-1
20, 26905.jpg,5,707,382,46,104,-1,-1,-1,-1
20, 26905.jpg,6,852,313,43,73,-1,-1,-1,-1
20, 26905.jpg,7,542,390,55,108,-1,-1,-1,-1
20, 26905.jpg,8,388,358,58,81,-1,-1,-1,-1
20, 26905.jpg,9,894,388,46,97,-1,-1,-1,-1
20, 26905.jpg,13,366,412,52,53,-1,-1,-1,-1
20, 26905.jpg,14,643,307,37,88,-1,-1,-1,-1
21, 26906.jpg,1,537,277,44,92,-1,-1,-1,-1
21, 26906.jpg,2,417,353,41,86,-1,-1,-1,-1
21, 26906.jpg,3,673,347,42,92,-1,-1,-1,-1
21, 26906.jpg,4,953,339,39,87,-1,-1,-1,-1
21, 26906.jpg,5,712,382,45,103,-1,-1,-1,-1
21, 26906.jpg,6,852,312,44,76,-1,-1,-1,-1
21, 26906.jpg,7,545,391,53,106,-1,-1,-1,-1
21, 26906.jpg,8,376,361,58,81,-1,-1,-1,-1
21, 26906.jpg,9,894,386,47,98,-1,-1,-1,-1
21, 26906.jpg,13,365,412,53,53,-1,-1,-1,-1
21, 26906.jpg,14,642,308,37,88,-1,-1,-1,-1
22, 26907.jpg,1,537,279,44,91,-1,-1,-1,-1
22, 26907.jpg,2,418,352,41,87,-1,-1,-1,-1
22, 26907.jpg,3,677,346,42,93,-1,-1,-1,-1
22, 26907.jpg,4,951,338,40,88,-1,-1,-1,-1
22, 26907.jpg,5,715,380,46,107,-1,-1,-1,-1
22, 26907.jpg,6,852,310,45,78,-1,-1,-1,-1
22, 26907.jpg,7,545,391,51,104,-1,-1,-1,-1
22, 26907.jpg,8,379,361,61,81,-1,-1,-1,-1
22, 26907.jpg,9,894,382,47,99,-1,-1,-1,-1
22, 26907.jpg,13,364,409,57,58,-1,-1,-1,-1
22, 26907.jpg,14,640,309,37,87,-1,-1,-1,-1
23, 26908.jpg,1,538,280,44,91,-1,-1,-1,-1
23, 26908.jpg,2,416,353,43,87,-1,-1,-1,-1
23, 26908.jpg,3,681,344,43,96,-1,-1,-1,-1
23, 26908.jpg,4,950,337,39,88,-1,-1,-1,-1
23, 26908.jpg,5,719,380,45,107,-1,-1,-1,-1
23, 26908.jpg,6,851,308,45,80,-1,-1,-1,-1
23, 26908.jpg,7,547,390,50,102,-1,-1,-1,-1
23, 26908.jpg,8,377,363,61,81,-1,-1,-1,-1
23, 26908.jpg,9,894,379,47,99,-1,-1,-1,-1
23, 26908.jpg,13,362,407,61,61,-1,-1,-1,-1
23, 26908.jpg,14,639,310,37,89,-1,-1,-1,-1
24, 26909.jpg,1,537,281,44,92,-1,-1,-1,-1
24, 26909.jpg,2,417,353,44,87,-1,-1,-1,-1
24, 26909.jpg,3,684,343,43,98,-1,-1,-1,-1
24, 26909.jpg,4,950,336,39,87,-1,-1,-1,-1
24, 26909.jpg,5,724,380,45,107,-1,-1,-1,-1
24, 26909.jpg,6,851,308,43,79,-1,-1,-1,-1
24, 26909.jpg,7,546,390,50,103,-1,-1,-1,-1
24, 26909.jpg,8,385,364,64,85,-1,-1,-1,-1
24, 26909.jpg,9,892,376,46,98,-1,-1,-1,-1
24, 26909.jpg,13,361,403,62,63,-1,-1,-1,-1
24, 26909.jpg,14,638,310,37,90,-1,-1,-1,-1
25, 26910.jpg,1,538,283,45,92,-1,-1,-1,-1
25, 26910.jpg,2,414,353,45,87,-1,-1,-1,-1
25, 26910.jpg,3,687,343,43,100,-1,-1,-1,-1
25, 26910.jpg,4,949,336,40,87,-1,-1,-1,-1
25, 26910.jpg,5,728,382,45,106,-1,-1,-1,-1
25, 26910.jpg,6,849,307,44,81,-1,-1,-1,-1
25, 26910.jpg,7,550,390,48,100,-1,-1,-1,-1
25, 26910.jpg,8,384,366,64,86,-1,-1,-1,-1
25, 26910.jpg,9,891,374,45,96,-1,-1,-1,-1
25, 26910.jpg,13,354,381,68,71,-1,-1,-1,-1
25, 26910.jpg,14,636,310,38,91,-1,-1,-1,-1
26, 26911.jpg,1,539,285,44,90,-1,-1,-1,-1
26, 26911.jpg,2,411,354,48,87,-1,-1,-1,-1
26, 26911.jpg,3,689,343,42,99,-1,-1,-1,-1
26, 26911.jpg,4,947,336,41,88,-1,-1,-1,-1
26, 26911.jpg,5,730,382,45,110,-1,-1,-1,-1
26, 26911.jpg,6,848,307,42,81,-1,-1,-1,-1
26, 26911.jpg,7,553,389,46,97,-1,-1,-1,-1
26, 26911.jpg,9,891,373,45,94,-1,-1,-1,-1
26, 26911.jpg,13,358,394,62,65,-1,-1,-1,-1
26, 26911.jpg,14,634,310,38,93,-1,-1,-1,-1
27, 26912.jpg,1,540,286,44,90,-1,-1,-1,-1
27, 26912.jpg,2,412,354,47,87,-1,-1,-1,-1
27, 26912.jpg,3,693,346,44,102,-1,-1,-1,-1
27, 26912.jpg,4,944,337,42,89,-1,-1,-1,-1
27, 26912.jpg,5,734,388,43,105,-1,-1,-1,-1
27, 26912.jpg,6,846,308,41,80,-1,-1,-1,-1
27, 26912.jpg,7,549,385,42,89,-1,-1,-1,-1
27, 26912.jpg,8,381,373,63,80,-1,-1,-1,-1
27, 26912.jpg,9,890,373,46,94,-1,-1,-1,-1
27, 26912.jpg,13,357,392,63,66,-1,-1,-1,-1
27, 26912.jpg,14,633,310,38,95,-1,-1,-1,-1
28, 26913.jpg,1,537,286,45,92,-1,-1,-1,-1
28, 26913.jpg,3,697,350,44,103,-1,-1,-1,-1
28, 26913.jpg,4,940,338,43,87,-1,-1,-1,-1
28, 26913.jpg,5,737,391,43,105,-1,-1,-1,-1
28, 26913.jpg,6,844,311,41,79,-1,-1,-1,-1
28, 26913.jpg,7,555,386,43,94,-1,-1,-1,-1
28, 26913.jpg,8,379,376,64,80,-1,-1,-1,-1
28, 26913.jpg,9,889,376,45,89,-1,-1,-1,-1
28, 26913.jpg,14,632,313,38,95,-1,-1,-1,-1
28, 26913.jpg,19,337,347,46,75,-1,-1,-1,-1
29, 26914.jpg,1,540,287,47,95,-1,-1,-1,-1
29, 26914.jpg,3,700,352,43,102,-1,-1,-1,-1
29, 26914.jpg,4,938,339,45,87,-1,-1,-1,-1
29, 26914.jpg,5,742,393,43,106,-1,-1,-1,-1
29, 26914.jpg,6,843,313,40,79,-1,-1,-1,-1
29, 26914.jpg,7,557,388,43,92,-1,-1,-1,-1
29, 26914.jpg,8,379,376,64,80,-1,-1,-1,-1
29, 26914.jpg,9,888,378,45,86,-1,-1,-1,-1
29, 26914.jpg,14,631,315,37,94,-1,-1,-1,-1
29, 26914.jpg,19,333,349,45,76,-1,-1,-1,-1
30, 26915.jpg,1,543,288,46,97,-1,-1,-1,-1
30, 26915.jpg,3,701,355,43,99,-1,-1,-1,-1
30, 26915.jpg,4,933,338,48,90,-1,-1,-1,-1
30, 26915.jpg,5,745,393,44,108,-1,-1,-1,-1
30, 26915.jpg,6,841,315,40,79,-1,-1,-1,-1
30, 26915.jpg,7,558,389,42,90,-1,-1,-1,-1
30, 26915.jpg,8,380,377,63,79,-1,-1,-1,-1
30, 26915.jpg,9,885,379,46,84,-1,-1,-1,-1
30, 26915.jpg,13,353,399,62,66,-1,-1,-1,-1
30, 26915.jpg,14,629,316,36,92,-1,-1,-1,-1
30, 26915.jpg,19,327,352,46,77,-1,-1,-1,-1
31, 26916.jpg,1,544,288,45,96,-1,-1,-1,-1
31, 26916.jpg,3,703,357,42,96,-1,-1,-1,-1
31, 26916.jpg,4,931,338,47,90,-1,-1,-1,-1
31, 26916.jpg,5,747,391,45,111,-1,-1,-1,-1
31, 26916.jpg,6,840,318,38,77,-1,-1,-1,-1
31, 26916.jpg,7,554,388,44,92,-1,-1,-1,-1
31, 26916.jpg,8,380,376,63,80,-1,-1,-1,-1
31, 26916.jpg,9,897,367,49,86,-1,-1,-1,-1
31, 26916.jpg,13,352,398,63,70,-1,-1,-1,-1
31, 26916.jpg,14,628,316,35,93,-1,-1,-1,-1
31, 26916.jpg,19,320,354,45,76,-1,-1,-1,-1
32, 26917.jpg,1,545,289,43,95,-1,-1,-1,-1
32, 26917.jpg,2,398,361,45,82,-1,-1,-1,-1
32, 26917.jpg,3,703,357,43,96,-1,-1,-1,-1
32, 26917.jpg,5,750,392,44,109,-1,-1,-1,-1
32, 26917.jpg,6,838,320,38,76,-1,-1,-1,-1
32, 26917.jpg,7,557,386,45,94,-1,-1,-1,-1
32, 26917.jpg,8,379,378,63,80,-1,-1,-1,-1
32, 26917.jpg,9,897,363,53,88,-1,-1,-1,-1
32, 26917.jpg,13,351,397,64,72,-1,-1,-1,-1
32, 26917.jpg,14,625,317,36,94,-1,-1,-1,-1
32, 26917.jpg,19,315,355,45,78,-1,-1,-1,-1
33, 26918.jpg,1,547,292,40,90,-1,-1,-1,-1
33, 26918.jpg,2,397,362,43,81,-1,-1,-1,-1
33, 26918.jpg,3,703,356,44,97,-1,-1,-1,-1
33, 26918.jpg,5,753,394,44,107,-1,-1,-1,-1
33, 26918.jpg,6,836,321,37,75,-1,-1,-1,-1
33, 26918.jpg,7,558,383,46,97,-1,-1,-1,-1
33, 26918.jpg,9,893,359,56,88,-1,-1,-1,-1
33, 26918.jpg,13,351,397,62,72,-1,-1,-1,-1
33, 26918.jpg,14,623,318,35,93,-1,-1,-1,-1
33, 26918.jpg,19,305,357,47,80,-1,-1,-1,-1
34, 26919.jpg,1,547,294,38,87,-1,-1,-1,-1
34, 26919.jpg,2,395,362,42,79,-1,-1,-1,-1
34, 26919.jpg,3,701,356,45,97,-1,-1,-1,-1
34, 26919.jpg,5,756,394,44,110,-1,-1,-1,-1
34, 26919.jpg,6,833,324,36,73,-1,-1,-1,-1
34, 26919.jpg,7,556,383,47,97,-1,-1,-1,-1
34, 26919.jpg,9,888,355,56,88,-1,-1,-1,-1
34, 26919.jpg,13,349,395,63,75,-1,-1,-1,-1
34, 26919.jpg,14,622,319,35,92,-1,-1,-1,-1
34, 26919.jpg,19,299,357,48,85,-1,-1,-1,-1
35, 26920.jpg,1,548,297,37,85,-1,-1,-1,-1
35, 26920.jpg,2,394,363,42,78,-1,-1,-1,-1
35, 26920.jpg,3,701,355,46,97,-1,-1,-1,-1
35, 26920.jpg,5,759,395,44,111,-1,-1,-1,-1
35, 26920.jpg,6,832,326,34,69,-1,-1,-1,-1
35, 26920.jpg,7,558,380,47,99,-1,-1,-1,-1
35, 26920.jpg,8,366,381,63,81,-1,-1,-1,-1
35, 26920.jpg,9,893,345,52,81,-1,-1,-1,-1
35, 26920.jpg,13,348,394,64,77,-1,-1,-1,-1
35, 26920.jpg,14,620,319,34,91,-1,-1,-1,-1
35, 26920.jpg,19,294,357,50,87,-1,-1,-1,-1
36, 26921.jpg,1,549,298,37,85,-1,-1,-1,-1
36, 26921.jpg,3,702,355,46,95,-1,-1,-1,-1
36, 26921.jpg,4,877,352,49,88,-1,-1,-1,-1
36, 26921.jpg,5,762,396,43,110,-1,-1,-1,-1
36, 26921.jpg,6,831,328,33,65,-1,-1,-1,-1
36, 26921.jpg,7,559,379,47,99,-1,-1,-1,-1
36, 26921.jpg,8,364,380,64,83,-1,-1,-1,-1
36, 26921.jpg,9,894,341,52,80,-1,-1,-1,-1
36, 26921.jpg,14,619,321,34,91,-1,-1,-1,-1
36, 26921.jpg,19,289,359,50,89,-1,-1,-1,-1
37, 26922.jpg,1,548,299,36,85,-1,-1,-1,-1
37, 26922.jpg,2,386,363,40,77,-1,-1,-1,-1
37, 26922.jpg,3,703,354,47,97,-1,-1,-1,-1
37, 26922.jpg,4,871,352,49,85,-1,-1,-1,-1
37, 26922.jpg,5,766,396,42,109,-1,-1,-1,-1
37, 26922.jpg,6,829,328,34,66,-1,-1,-1,-1
37, 26922.jpg,7,550,384,42,86,-1,-1,-1,-1
37, 26922.jpg,8,352,383,65,85,-1,-1,-1,-1
37, 26922.jpg,14,616,320,34,92,-1,-1,-1,-1
37, 26922.jpg,19,283,361,52,91,-1,-1,-1,-1
38, 26923.jpg,1,548,300,36,83,-1,-1,-1,-1
38, 26923.jpg,2,385,364,39,76,-1,-1,-1,-1
38, 26923.jpg,3,704,355,48,97,-1,-1,-1,-1
38, 26923.jpg,4,865,349,50,87,-1,-1,-1,-1
38, 26923.jpg,5,769,397,43,110,-1,-1,-1,-1
38, 26923.jpg,6,827,327,35,69,-1,-1,-1,-1
38, 26923.jpg,7,555,381,45,93,-1,-1,-1,-1
38, 26923.jpg,8,356,377,63,86,-1,-1,-1,-1
38, 26923.jpg,14,612,320,35,95,-1,-1,-1,-1
38, 26923.jpg,19,277,366,52,90,-1,-1,-1,-1
39, 26924.jpg,1,549,302,36,82,-1,-1,-1,-1
39, 26924.jpg,3,707,355,47,95,-1,-1,-1,-1
39, 26924.jpg,4,867,341,49,83,-1,-1,-1,-1
39, 26924.jpg,5,772,400,44,111,-1,-1,-1,-1
39, 26924.jpg,6,826,328,35,68,-1,-1,-1,-1
39, 26924.jpg,7,555,380,46,93,-1,-1,-1,-1
39, 26924.jpg,8,343,380,65,90,-1,-1,-1,-1
39, 26924.jpg,14,610,320,34,95,-1,-1,-1,-1
39, 26924.jpg,19,277,367,50,89,-1,-1,-1,-1
39, 26924.jpg,24,840,353,48,86,-1,-1,-1,-1
40, 26925.jpg,1,548,302,37,87,-1,-1,-1,-1
40, 26925.jpg,3,710,355,46,92,-1,-1,-1,-1
40, 26925.jpg,4,853,343,51,85,-1,-1,-1,-1
40, 26925.jpg,5,774,401,45,111,-1,-1,-1,-1
40, 26925.jpg,6,824,327,37,74,-1,-1,-1,-1
40, 26925.jpg,8,342,378,66,93,-1,-1,-1,-1
40, 26925.jpg,14,608,322,34,92,-1,-1,-1,-1
40, 26925.jpg,19,275,368,50,90,-1,-1,-1,-1
40, 26925.jpg,24,840,347,49,86,-1,-1,-1,-1
40, 26925.jpg,25,536,386,54,78,-1,-1,-1,-1
