2, 46287.jpg,1,785,337,42,102,-1,-1,-1,-1
2, 46287.jpg,2,930,338,39,102,-1,-1,-1,-1
2, 46287.jpg,3,891,389,38,97,-1,-1,-1,-1
2, 46287.jpg,4,887,321,38,97,-1,-1,-1,-1
2, 46287.jpg,5,551,293,31,87,-1,-1,-1,-1
2, 46287.jpg,6,783,405,60,119,-1,-1,-1,-1
2, 46287.jpg,7,594,270,38,87,-1,-1,-1,-1
2, 46287.jpg,8,545,390,45,104,-1,-1,-1,-1
2, 46287.jpg,9,662,400,69,119,-1,-1,-1,-1
2, 46287.jpg,10,441,346,58,54,-1,-1,-1,-1
3, 46288.jpg,1,788,336,42,100,-1,-1,-1,-1
3, 46288.jpg,2,931,338,38,101,-1,-1,-1,-1
3, 46288.jpg,3,892,387,39,97,-1,-1,-1,-1
3, 46288.jpg,4,889,321,38,96,-1,-1,-1,-1
3, 46288.jpg,5,552,292,31,87,-1,-1,-1,-1
3, 46288.jpg,6,788,405,59,117,-1,-1,-1,-1
3, 46288.jpg,7,593,269,39,88,-1,-1,-1,-1
3, 46288.jpg,8,546,391,44,102,-1,-1,-1,-1
3, 46288.jpg,9,658,397,71,122,-1,-1,-1,-1
3, 46288.jpg,10,444,348,58,53,-1,-1,-1,-1
4, 46289.jpg,1,793,344,36,86,-1,-1,-1,-1
4, 46289.jpg,2,932,339,38,100,-1,-1,-1,-1
4, 46289.jpg,3,895,387,37,95,-1,-1,-1,-1
4, 46289.jpg,4,890,321,37,94,-1,-1,-1,-1
4, 46289.jpg,5,554,291,32,90,-1,-1,-1,-1
4, 46289.jpg,6,792,403,59,116,-1,-1,-1,-1
4, 46289.jpg,7,593,269,37,86,-1,-1,-1,-1
4, 46289.jpg,8,547,390,45,104,-1,-1,-1,-1
4, 46289.jpg,9,656,396,71,123,-1,-1,-1,-1
4, 46289.jpg,10,446,349,58,53,-1,-1,-1,-1
5, 46290.jpg,1,794,340,38,92,-1,-1,-1,-1
5, 46290.jpg,2,932,339,38,101,-1,-1,-1,-1
5, 46290.jpg,3,896,385,37,96,-1,-1,-1,-1
5, 46290.jpg,4,891,322,36,91,-1,-1,-1,-1
5, 46290.jpg,5,555,291,32,90,-1,-1,-1,-1
5, 46290.jpg,6,798,405,56,112,-1,-1,-1,-1
5, 46290.jpg,7,591,268,38,85,-1,-1,-1,-1
5, 46290.jpg,8,548,389,46,107,-1,-1,-1,-1
5, 46290.jpg,9,652,400,68,119,-1,-1,-1,-1
5, 46290.jpg,10,447,349,58,53,-1,-1,-1,-1
6, 46291.jpg,1,801,336,42,100,-1,-1,-1,-1
6, 46291.jpg,2,932,339,37,100,-1,-1,-1,-1
6, 46291.jpg,3,897,383,38,98,-1,-1,-1,-1
6, 46291.jpg,4,892,323,35,88,-1,-1,-1,-1
6, 46291.jpg,5,555,291,31,87,-1,-1,-1,-1
6, 46291.jpg,6,799,404,57,113,-1,-1,-1,-1
6, 46291.jpg,7,588,267,38,84,-1,-1,-1,-1
6, 46291.jpg,8,549,389,45,106,-1,-1,-1,-1
6, 46291.jpg,9,650,401,67,118,-1,-1,-1,-1
6, 46291.jpg,10,448,349,58,52,-1,-1,-1,-1
7, 46292.jpg,1,800,336,43,103,-1,-1,-1,-1
7, 46292.jpg,2,930,338,38,101,-1,-1,-1,-1
7, 46292.jpg,3,899,383,37,96,-1,-1,-1,-1
7, 46292.jpg,4,893,325,34,85,-1,-1,-1,-1
7, 46292.jpg,5,555,290,32,89,-1,-1,-1,-1
7, 46292.jpg,6,807,405,54,110,-1,-1,-1,-1
7, 46292.jpg,7,577,273,38,84,-1,-1,-1,-1
7, 46292.jpg,8,549,388,46,106,-1,-1,-1,-1
7, 46292.jpg,9,649,402,65,116,-1,-1,-1,-1
7, 46292.jpg,10,449,350,57,51,-1,-1,-1,-1
8, 46293.jpg,1,801,328,47,111,-1,-1,-1,-1
8, 46293.jpg,2,929,338,39,101,-1,-1,-1,-1
8, 46293.jpg,3,899,382,39,99,-1,-1,-1,-1
8, 46293.jpg,4,894,327,34,88,-1,-1,-1,-1
8, 46293.jpg,5,556,290,32,89,-1,-1,-1,-1
8, 46293.jpg,6,810,403,56,112,-1,-1,-1,-1
8, 46293.jpg,7,569,277,39,86,-1,-1,-1,-1
8, 46293.jpg,8,550,387,45,106,-1,-1,-1,-1
8, 46293.jpg,9,647,409,62,109,-1,-1,-1,-1
8, 46293.jpg,10,449,350,58,51,-1,-1,-1,-1
9, 46294.jpg,1,803,338,44,104,-1,-1,-1,-1
9, 46294.jpg,2,929,338,39,101,-1,-1,-1,-1
9, 46294.jpg,3,909,369,39,96,-1,-1,-1,-1
9, 46294.jpg,4,895,328,31,82,-1,-1,-1,-1
9, 46294.jpg,6,810,397,58,118,-1,-1,-1,-1
9, 46294.jpg,7,563,277,41,89,-1,-1,-1,-1
9, 46294.jpg,8,551,387,45,106,-1,-1,-1,-1
9, 46294.jpg,9,646,407,61,110,-1,-1,-1,-1
9, 46294.jpg,10,449,350,59,51,-1,-1,-1,-1
10, 46295.jpg,1,812,330,39,89,-1,-1,-1,-1
10, 46295.jpg,3,902,382,40,97,-1,-1,-1,-1
10, 46295.jpg,4,906,336,35,84,-1,-1,-1,-1
10, 46295.jpg,5,578,264,31,88,-1,-1,-1,-1
10, 46295.jpg,6,812,393,60,124,-1,-1,-1,-1
10, 46295.jpg,7,553,285,39,87,-1,-1,-1,-1
10, 46295.jpg,8,552,387,44,104,-1,-1,-1,-1
10, 46295.jpg,9,644,400,65,117,-1,-1,-1,-1
10, 46295.jpg,10,449,350,59,51,-1,-1,-1,-1
11, 46296.jpg,1,815,325,39,91,-1,-1,-1,-1
11, 46296.jpg,2,929,341,38,98,-1,-1,-1,-1
11, 46296.jpg,3,900,389,39,95,-1,-1,-1,-1
11, 46296.jpg,4,905,337,37,87,-1,-1,-1,-1
11, 46296.jpg,5,579,260,32,89,-1,-1,-1,-1
11, 46296.jpg,6,814,390,60,127,-1,-1,-1,-1
11, 46296.jpg,7,550,288,38,87,-1,-1,-1,-1
11, 46296.jpg,8,552,386,44,104,-1,-1,-1,-1
11, 46296.jpg,9,649,390,53,95,-1,-1,-1,-1
11, 46296.jpg,10,448,349,62,53,-1,-1,-1,-1
12, 46297.jpg,1,816,327,39,93,-1,-1,-1,-1
12, 46297.jpg,2,929,341,38,98,-1,-1,-1,-1
12, 46297.jpg,3,899,395,37,90,-1,-1,-1,-1
12, 46297.jpg,4,906,336,39,90,-1,-1,-1,-1
12, 46297.jpg,5,574,262,32,88,-1,-1,-1,-1
12, 46297.jpg,6,818,391,58,126,-1,-1,-1,-1
12, 46297.jpg,7,549,289,39,86,-1,-1,-1,-1
12, 46297.jpg,8,551,385,43,103,-1,-1,-1,-1
12, 46297.jpg,9,644,397,59,107,-1,-1,-1,-1
12, 46297.jpg,10,448,348,62,54,-1,-1,-1,-1
13, 46298.jpg,1,824,323,36,83,-1,-1,-1,-1
13, 46298.jpg,3,896,392,37,91,-1,-1,-1,-1
13, 46298.jpg,4,906,337,42,91,-1,-1,-1,-1
13, 46298.jpg,5,574,261,34,93,-1,-1,-1,-1
13, 46298.jpg,6,821,392,56,122,-1,-1,-1,-1
13, 46298.jpg,7,545,290,39,87,-1,-1,-1,-1
13, 46298.jpg,8,551,384,42,102,-1,-1,-1,-1
13, 46298.jpg,9,642,400,60,110,-1,-1,-1,-1
13, 46298.jpg,10,447,348,63,54,-1,-1,-1,-1
14, 46299.jpg,1,829,321,35,80,-1,-1,-1,-1
14, 46299.jpg,2,924,342,40,99,-1,-1,-1,-1
14, 46299.jpg,3,895,395,36,88,-1,-1,-1,-1
14, 46299.jpg,4,897,338,41,91,-1,-1,-1,-1
14, 46299.jpg,5,576,258,35,94,-1,-1,-1,-1
14, 46299.jpg,6,828,396,51,112,-1,-1,-1,-1
14, 46299.jpg,7,552,280,41,90,-1,-1,-1,-1
14, 46299.jpg,8,551,381,42,104,-1,-1,-1,-1
14, 46299.jpg,9,639,393,62,119,-1,-1,-1,-1
14, 46299.jpg,10,447,347,64,54,-1,-1,-1,-1
15, 46300.jpg,1,822,320,45,102,-1,-1,-1,-1
15, 46300.jpg,2,923,342,40,99,-1,-1,-1,-1
15, 46300.jpg,3,895,395,36,88,-1,-1,-1,-1
15, 46300.jpg,4,902,354,44,94,-1,-1,-1,-1
15, 46300.jpg,6,833,396,47,107,-1,-1,-1,-1
15, 46300.jpg,7,556,272,43,93,-1,-1,-1,-1
15, 46300.jpg,8,551,383,41,100,-1,-1,-1,-1
15, 46300.jpg,9,635,388,65,126,-1,-1,-1,-1
15, 46300.jpg,10,447,347,64,54,-1,-1,-1,-1
16, 46301.jpg,1,828,321,42,92,-1,-1,-1,-1
16, 46301.jpg,3,893,388,37,92,-1,-1,-1,-1
16, 46301.jpg,4,906,350,48,102,-1,-1,-1,-1
16, 46301.jpg,6,833,394,48,108,-1,-1,-1,-1
16, 46301.jpg,7,555,272,44,93,-1,-1,-1,-1
16, 46301.jpg,8,551,383,40,98,-1,-1,-1,-1
16, 46301.jpg,9,632,388,63,125,-1,-1,-1,-1
16, 46301.jpg,10,446,347,65,55,-1,-1,-1,-1
17, 46302.jpg,1,821,327,46,103,-1,-1,-1,-1
17, 46302.jpg,3,894,388,36,89,-1,-1,-1,-1
17, 46302.jpg,4,911,345,49,100,-1,-1,-1,-1
17, 46302.jpg,6,832,391,50,111,-1,-1,-1,-1
17, 46302.jpg,7,553,270,45,95,-1,-1,-1,-1
17, 46302.jpg,8,550,382,40,98,-1,-1,-1,-1
17, 46302.jpg,9,635,387,58,118,-1,-1,-1,-1
17, 46302.jpg,10,445,346,67,57,-1,-1,-1,-1
18, 46303.jpg,1,828,325,41,90,-1,-1,-1,-1
18, 46303.jpg,3,891,371,40,100,-1,-1,-1,-1
18, 46303.jpg,4,905,348,50,102,-1,-1,-1,-1
18, 46303.jpg,6,828,376,55,123,-1,-1,-1,-1
18, 46303.jpg,7,550,272,44,93,-1,-1,-1,-1
18, 46303.jpg,8,550,381,39,99,-1,-1,-1,-1
18, 46303.jpg,9,628,396,54,113,-1,-1,-1,-1
18, 46303.jpg,10,445,345,68,58,-1,-1,-1,-1
19, 46304.jpg,1,832,329,42,93,-1,-1,-1,-1
19, 46304.jpg,3,891,364,41,105,-1,-1,-1,-1
19, 46304.jpg,4,906,350,51,103,-1,-1,-1,-1
19, 46304.jpg,6,832,380,53,120,-1,-1,-1,-1
19, 46304.jpg,7,549,273,42,92,-1,-1,-1,-1
19, 46304.jpg,8,549,380,40,100,-1,-1,-1,-1
19, 46304.jpg,9,622,402,53,111,-1,-1,-1,-1
19, 46304.jpg,10,444,345,68,58,-1,-1,-1,-1
20, 46305.jpg,1,835,332,41,89,-1,-1,-1,-1
20, 46305.jpg,3,890,342,39,100,-1,-1,-1,-1
20, 46305.jpg,4,906,345,48,99,-1,-1,-1,-1
20, 46305.jpg,6,833,377,55,124,-1,-1,-1,-1
20, 46305.jpg,7,547,275,40,91,-1,-1,-1,-1
20, 46305.jpg,8,548,379,40,101,-1,-1,-1,-1
20, 46305.jpg,9,616,409,51,104,-1,-1,-1,-1
20, 46305.jpg,10,444,345,68,58,-1,-1,-1,-1
20, 46305.jpg,17,641,373,38,103,-1,-1,-1,-1
21, 46306.jpg,1,836,335,40,87,-1,-1,-1,-1
21, 46306.jpg,3,890,335,38,100,-1,-1,-1,-1
21, 46306.jpg,4,907,346,48,100,-1,-1,-1,-1
21, 46306.jpg,6,835,377,55,125,-1,-1,-1,-1
21, 46306.jpg,7,544,276,41,91,-1,-1,-1,-1
21, 46306.jpg,8,545,378,41,102,-1,-1,-1,-1
21, 46306.jpg,9,613,411,50,103,-1,-1,-1,-1
21, 46306.jpg,10,444,345,67,59,-1,-1,-1,-1
21, 46306.jpg,17,640,371,38,106,-1,-1,-1,-1
22, 46307.jpg,1,838,330,38,85,-1,-1,-1,-1
22, 46307.jpg,3,890,329,36,95,-1,-1,-1,-1
22, 46307.jpg,4,896,344,50,105,-1,-1,-1,-1
22, 46307.jpg,6,839,377,53,122,-1,-1,-1,-1
22, 46307.jpg,7,543,272,40,93,-1,-1,-1,-1
22, 46307.jpg,8,543,376,42,103,-1,-1,-1,-1
22, 46307.jpg,9,610,412,51,102,-1,-1,-1,-1
22, 46307.jpg,10,442,345,69,58,-1,-1,-1,-1
22, 46307.jpg,17,635,379,42,117,-1,-1,-1,-1
23, 46308.jpg,1,837,346,43,98,-1,-1,-1,-1
23, 46308.jpg,3,892,329,33,90,-1,-1,-1,-1
23, 46308.jpg,4,893,342,51,114,-1,-1,-1,-1
23, 46308.jpg,6,841,375,53,123,-1,-1,-1,-1
23, 46308.jpg,7,542,269,40,96,-1,-1,-1,-1
23, 46308.jpg,8,542,375,41,103,-1,-1,-1,-1
23, 46308.jpg,9,606,410,52,105,-1,-1,-1,-1
23, 46308.jpg,10,442,345,67,58,-1,-1,-1,-1
23, 46308.jpg,17,633,379,43,122,-1,-1,-1,-1
24, 46309.jpg,1,839,336,40,91,-1,-1,-1,-1
24, 46309.jpg,3,891,325,34,89,-1,-1,-1,-1
24, 46309.jpg,4,875,348,54,119,-1,-1,-1,-1
24, 46309.jpg,6,843,379,49,114,-1,-1,-1,-1
24, 46309.jpg,7,541,267,40,98,-1,-1,-1,-1
24, 46309.jpg,8,538,371,43,106,-1,-1,-1,-1
24, 46309.jpg,9,606,402,54,113,-1,-1,-1,-1
24, 46309.jpg,10,441,346,65,57,-1,-1,-1,-1
25, 46310.jpg,1,840,330,39,91,-1,-1,-1,-1
25, 46310.jpg,4,882,347,50,112,-1,-1,-1,-1
25, 46310.jpg,6,855,376,48,111,-1,-1,-1,-1
25, 46310.jpg,7,540,266,40,99,-1,-1,-1,-1
25, 46310.jpg,8,536,370,41,105,-1,-1,-1,-1
25, 46310.jpg,9,605,402,53,110,-1,-1,-1,-1
25, 46310.jpg,10,440,345,64,56,-1,-1,-1,-1
25, 46310.jpg,17,627,374,39,108,-1,-1,-1,-1
25, 46310.jpg,19,163,541,46,104,-1,-1,-1,-1
26, 46311.jpg,1,840,330,36,83,-1,-1,-1,-1
26, 46311.jpg,4,872,348,52,118,-1,-1,-1,-1
26, 46311.jpg,6,848,378,46,109,-1,-1,-1,-1
26, 46311.jpg,7,537,265,40,100,-1,-1,-1,-1
26, 46311.jpg,8,534,369,41,105,-1,-1,-1,-1
26, 46311.jpg,9,601,408,50,103,-1,-1,-1,-1
26, 46311.jpg,10,437,346,65,56,-1,-1,-1,-1
26, 46311.jpg,17,625,370,38,109,-1,-1,-1,-1
26, 46311.jpg,19,163,540,46,104,-1,-1,-1,-1
27, 46312.jpg,1,840,336,38,89,-1,-1,-1,-1
27, 46312.jpg,4,866,350,53,119,-1,-1,-1,-1
27, 46312.jpg,6,850,377,46,108,-1,-1,-1,-1
27, 46312.jpg,7,536,271,37,92,-1,-1,-1,-1
27, 46312.jpg,8,533,369,41,104,-1,-1,-1,-1
27, 46312.jpg,9,599,409,48,102,-1,-1,-1,-1
27, 46312.jpg,10,437,347,62,54,-1,-1,-1,-1
27, 46312.jpg,17,615,375,41,114,-1,-1,-1,-1
27, 46312.jpg,19,163,540,46,104,-1,-1,-1,-1
28, 46313.jpg,1,841,336,38,90,-1,-1,-1,-1
28, 46313.jpg,4,864,351,53,121,-1,-1,-1,-1
28, 46313.jpg,7,534,271,37,92,-1,-1,-1,-1
28, 46313.jpg,8,532,368,41,104,-1,-1,-1,-1
28, 46313.jpg,10,436,347,62,54,-1,-1,-1,-1
28, 46313.jpg,17,612,375,41,116,-1,-1,-1,-1
28, 46313.jpg,19,163,540,46,103,-1,-1,-1,-1
