2, 28762.jpg,1,582,514,72,135,-1,-1,-1,-1
2, 28762.jpg,2,954,542,53,145,-1,-1,-1,-1
2, 28762.jpg,3,1376,678,58,145,-1,-1,-1,-1
2, 28762.jpg,4,509,582,56,152,-1,-1,-1,-1
2, 28762.jpg,5,1031,668,97,150,-1,-1,-1,-1
2, 28762.jpg,6,772,502,53,102,-1,-1,-1,-1
2, 28762.jpg,7,1442,587,70,134,-1,-1,-1,-1
2, 28762.jpg,8,471,678,73,162,-1,-1,-1,-1
2, 28762.jpg,9,1310,551,71,117,-1,-1,-1,-1
2, 28762.jpg,10,822,567,53,149,-1,-1,-1,-1
3, 28763.jpg,1,580,523,73,139,-1,-1,-1,-1
3, 28763.jpg,2,949,541,53,142,-1,-1,-1,-1
3, 28763.jpg,3,1372,674,59,148,-1,-1,-1,-1
3, 28763.jpg,4,510,583,54,147,-1,-1,-1,-1
3, 28763.jpg,5,1035,665,98,153,-1,-1,-1,-1
3, 28763.jpg,6,765,507,54,102,-1,-1,-1,-1
3, 28763.jpg,7,1437,586,71,136,-1,-1,-1,-1
3, 28763.jpg,8,474,680,73,157,-1,-1,-1,-1
3, 28763.jpg,9,1308,551,74,121,-1,-1,-1,-1
3, 28763.jpg,10,820,567,53,149,-1,-1,-1,-1
3, 28763.jpg,11,1827,713,73,150,-1,-1,-1,-1
4, 28764.jpg,1,580,532,73,136,-1,-1,-1,-1
4, 28764.jpg,2,944,542,54,143,-1,-1,-1,-1
4, 28764.jpg,3,1369,672,57,144,-1,-1,-1,-1
4, 28764.jpg,4,516,586,53,142,-1,-1,-1,-1
4, 28764.jpg,5,1038,661,99,156,-1,-1,-1,-1
4, 28764.jpg,6,761,510,52,99,-1,-1,-1,-1
4, 28764.jpg,7,1432,586,71,135,-1,-1,-1,-1
4, 28764.jpg,8,476,678,77,161,-1,-1,-1,-1
4, 28764.jpg,9,1302,546,74,123,-1,-1,-1,-1
4, 28764.jpg,10,817,569,53,147,-1,-1,-1,-1
4, 28764.jpg,11,1825,715,71,145,-1,-1,-1,-1
5, 28765.jpg,1,577,516,68,129,-1,-1,-1,-1
5, 28765.jpg,2,937,539,57,145,-1,-1,-1,-1
5, 28765.jpg,3,1364,669,58,143,-1,-1,-1,-1
5, 28765.jpg,4,516,585,54,142,-1,-1,-1,-1
5, 28765.jpg,5,1042,657,99,157,-1,-1,-1,-1
5, 28765.jpg,6,753,508,54,106,-1,-1,-1,-1
5, 28765.jpg,7,1421,584,69,133,-1,-1,-1,-1
5, 28765.jpg,8,475,683,76,155,-1,-1,-1,-1
5, 28765.jpg,9,1297,543,74,123,-1,-1,-1,-1
5, 28765.jpg,10,813,570,53,149,-1,-1,-1,-1
5, 28765.jpg,11,1815,712,73,148,-1,-1,-1,-1
6, 28766.jpg,1,583,538,67,126,-1,-1,-1,-1
6, 28766.jpg,2,929,538,58,145,-1,-1,-1,-1
6, 28766.jpg,3,1356,664,58,146,-1,-1,-1,-1
6, 28766.jpg,4,517,585,56,141,-1,-1,-1,-1
6, 28766.jpg,5,1047,658,97,154,-1,-1,-1,-1
6, 28766.jpg,6,744,508,57,113,-1,-1,-1,-1
6, 28766.jpg,7,1413,584,69,133,-1,-1,-1,-1
6, 28766.jpg,8,472,680,80,157,-1,-1,-1,-1
6, 28766.jpg,9,1292,541,73,121,-1,-1,-1,-1
6, 28766.jpg,10,810,569,54,149,-1,-1,-1,-1
6, 28766.jpg,11,1810,711,73,149,-1,-1,-1,-1
7, 28767.jpg,1,586,551,65,122,-1,-1,-1,-1
7, 28767.jpg,2,920,541,57,140,-1,-1,-1,-1
7, 28767.jpg,3,1351,663,57,142,-1,-1,-1,-1
7, 28767.jpg,4,517,585,56,139,-1,-1,-1,-1
7, 28767.jpg,5,1054,659,95,153,-1,-1,-1,-1
7, 28767.jpg,6,738,508,58,114,-1,-1,-1,-1
7, 28767.jpg,7,1404,586,65,125,-1,-1,-1,-1
7, 28767.jpg,8,472,681,82,156,-1,-1,-1,-1
7, 28767.jpg,9,1285,537,74,121,-1,-1,-1,-1
7, 28767.jpg,10,806,569,55,149,-1,-1,-1,-1
8, 28768.jpg,1,588,561,62,115,-1,-1,-1,-1
8, 28768.jpg,2,913,544,54,134,-1,-1,-1,-1
8, 28768.jpg,3,1346,663,57,138,-1,-1,-1,-1
8, 28768.jpg,4,516,587,56,137,-1,-1,-1,-1
8, 28768.jpg,5,1057,660,95,157,-1,-1,-1,-1
8, 28768.jpg,6,734,503,60,120,-1,-1,-1,-1
8, 28768.jpg,7,1392,582,67,130,-1,-1,-1,-1
8, 28768.jpg,8,474,680,82,154,-1,-1,-1,-1
8, 28768.jpg,9,1277,532,75,124,-1,-1,-1,-1
8, 28768.jpg,10,802,569,56,150,-1,-1,-1,-1
8, 28768.jpg,13,560,495,46,101,-1,-1,-1,-1
9, 28769.jpg,1,586,564,61,115,-1,-1,-1,-1
9, 28769.jpg,2,903,544,54,132,-1,-1,-1,-1
9, 28769.jpg,3,1340,665,55,134,-1,-1,-1,-1
9, 28769.jpg,4,514,588,58,139,-1,-1,-1,-1
9, 28769.jpg,5,1060,662,93,155,-1,-1,-1,-1
9, 28769.jpg,6,722,493,63,127,-1,-1,-1,-1
9, 28769.jpg,7,1382,582,68,132,-1,-1,-1,-1
9, 28769.jpg,8,480,679,82,154,-1,-1,-1,-1
9, 28769.jpg,9,1271,529,75,125,-1,-1,-1,-1
9, 28769.jpg,10,798,569,57,150,-1,-1,-1,-1
9, 28769.jpg,13,553,498,45,98,-1,-1,-1,-1
10, 28770.jpg,1,586,567,59,112,-1,-1,-1,-1
10, 28770.jpg,2,894,544,53,131,-1,-1,-1,-1
10, 28770.jpg,3,1332,666,55,134,-1,-1,-1,-1
10, 28770.jpg,4,510,591,60,139,-1,-1,-1,-1
10, 28770.jpg,5,1064,668,90,149,-1,-1,-1,-1
10, 28770.jpg,6,711,476,70,144,-1,-1,-1,-1
10, 28770.jpg,7,1372,583,66,127,-1,-1,-1,-1
10, 28770.jpg,8,485,683,78,149,-1,-1,-1,-1
10, 28770.jpg,9,1266,528,74,124,-1,-1,-1,-1
10, 28770.jpg,10,794,571,57,149,-1,-1,-1,-1
10, 28770.jpg,13,547,499,45,97,-1,-1,-1,-1
11, 28771.jpg,1,585,569,59,113,-1,-1,-1,-1
11, 28771.jpg,2,885,541,51,128,-1,-1,-1,-1
11, 28771.jpg,3,1325,669,54,130,-1,-1,-1,-1
11, 28771.jpg,4,510,594,61,140,-1,-1,-1,-1
11, 28771.jpg,5,1069,669,89,147,-1,-1,-1,-1
11, 28771.jpg,6,702,465,70,145,-1,-1,-1,-1
11, 28771.jpg,7,1363,582,67,129,-1,-1,-1,-1
11, 28771.jpg,8,489,685,74,142,-1,-1,-1,-1
11, 28771.jpg,9,1257,526,72,123,-1,-1,-1,-1
11, 28771.jpg,10,789,574,58,147,-1,-1,-1,-1
11, 28771.jpg,13,542,502,46,96,-1,-1,-1,-1
12, 28772.jpg,1,581,570,60,116,-1,-1,-1,-1
12, 28772.jpg,2,876,535,54,136,-1,-1,-1,-1
12, 28772.jpg,3,1318,669,55,129,-1,-1,-1,-1
12, 28772.jpg,4,507,600,61,137,-1,-1,-1,-1
12, 28772.jpg,5,1074,671,88,143,-1,-1,-1,-1
12, 28772.jpg,6,694,462,65,137,-1,-1,-1,-1
12, 28772.jpg,7,1355,584,66,125,-1,-1,-1,-1
12, 28772.jpg,8,491,685,74,142,-1,-1,-1,-1
12, 28772.jpg,9,1250,524,71,122,-1,-1,-1,-1
12, 28772.jpg,10,784,574,57,145,-1,-1,-1,-1
12, 28772.jpg,13,532,502,52,105,-1,-1,-1,-1
13, 28773.jpg,1,577,571,62,121,-1,-1,-1,-1
13, 28773.jpg,2,871,530,55,141,-1,-1,-1,-1
13, 28773.jpg,3,1310,671,56,126,-1,-1,-1,-1
13, 28773.jpg,4,503,603,60,134,-1,-1,-1,-1
13, 28773.jpg,5,1081,676,86,134,-1,-1,-1,-1
13, 28773.jpg,6,686,459,67,140,-1,-1,-1,-1
13, 28773.jpg,7,1345,583,68,125,-1,-1,-1,-1
13, 28773.jpg,8,494,678,73,142,-1,-1,-1,-1
13, 28773.jpg,9,1245,524,71,122,-1,-1,-1,-1
13, 28773.jpg,10,780,574,58,145,-1,-1,-1,-1
13, 28773.jpg,13,529,504,53,108,-1,-1,-1,-1
14, 28774.jpg,1,571,572,61,120,-1,-1,-1,-1
14, 28774.jpg,2,861,520,58,149,-1,-1,-1,-1
14, 28774.jpg,3,1303,668,56,127,-1,-1,-1,-1
14, 28774.jpg,4,497,609,57,129,-1,-1,-1,-1
14, 28774.jpg,5,1082,678,87,131,-1,-1,-1,-1
14, 28774.jpg,7,1337,584,68,123,-1,-1,-1,-1
14, 28774.jpg,8,494,685,72,139,-1,-1,-1,-1
14, 28774.jpg,9,1238,525,68,119,-1,-1,-1,-1
14, 28774.jpg,10,776,574,59,143,-1,-1,-1,-1
14, 28774.jpg,13,522,507,55,108,-1,-1,-1,-1
15, 28775.jpg,1,568,573,57,114,-1,-1,-1,-1
15, 28775.jpg,2,851,515,58,154,-1,-1,-1,-1
15, 28775.jpg,3,1296,668,57,127,-1,-1,-1,-1
15, 28775.jpg,4,495,611,57,127,-1,-1,-1,-1
15, 28775.jpg,5,1082,680,92,132,-1,-1,-1,-1
15, 28775.jpg,7,1325,582,71,125,-1,-1,-1,-1
15, 28775.jpg,8,487,665,69,133,-1,-1,-1,-1
15, 28775.jpg,9,1231,525,67,119,-1,-1,-1,-1
15, 28775.jpg,10,772,574,58,142,-1,-1,-1,-1
15, 28775.jpg,13,518,508,56,109,-1,-1,-1,-1
16, 28776.jpg,1,563,572,58,117,-1,-1,-1,-1
16, 28776.jpg,2,844,499,60,164,-1,-1,-1,-1
16, 28776.jpg,3,1287,667,59,128,-1,-1,-1,-1
16, 28776.jpg,5,1074,680,96,134,-1,-1,-1,-1
16, 28776.jpg,7,1316,580,73,128,-1,-1,-1,-1
16, 28776.jpg,8,483,651,70,137,-1,-1,-1,-1
16, 28776.jpg,9,1226,526,64,116,-1,-1,-1,-1
16, 28776.jpg,10,764,577,58,139,-1,-1,-1,-1
16, 28776.jpg,13,511,509,56,108,-1,-1,-1,-1
17, 28777.jpg,1,559,571,60,124,-1,-1,-1,-1
17, 28777.jpg,2,837,492,62,172,-1,-1,-1,-1
17, 28777.jpg,3,1281,665,60,130,-1,-1,-1,-1
17, 28777.jpg,5,1073,679,98,137,-1,-1,-1,-1
17, 28777.jpg,6,651,459,57,120,-1,-1,-1,-1
17, 28777.jpg,7,1305,580,72,124,-1,-1,-1,-1
17, 28777.jpg,8,484,651,69,134,-1,-1,-1,-1
17, 28777.jpg,9,1219,527,64,116,-1,-1,-1,-1
17, 28777.jpg,10,759,575,60,145,-1,-1,-1,-1
17, 28777.jpg,13,507,513,55,104,-1,-1,-1,-1
18, 28778.jpg,1,552,570,61,126,-1,-1,-1,-1
18, 28778.jpg,2,829,481,63,183,-1,-1,-1,-1
18, 28778.jpg,3,1273,663,61,131,-1,-1,-1,-1
18, 28778.jpg,4,474,609,56,126,-1,-1,-1,-1
18, 28778.jpg,5,1070,677,100,140,-1,-1,-1,-1
18, 28778.jpg,6,645,463,58,122,-1,-1,-1,-1
18, 28778.jpg,7,1291,580,70,120,-1,-1,-1,-1
18, 28778.jpg,8,484,679,72,135,-1,-1,-1,-1
18, 28778.jpg,9,1211,527,64,115,-1,-1,-1,-1
18, 28778.jpg,10,754,575,60,144,-1,-1,-1,-1
18, 28778.jpg,13,501,513,58,109,-1,-1,-1,-1
19, 28779.jpg,1,547,570,61,129,-1,-1,-1,-1
19, 28779.jpg,2,822,473,64,189,-1,-1,-1,-1
19, 28779.jpg,3,1265,663,61,128,-1,-1,-1,-1
19, 28779.jpg,4,465,630,63,140,-1,-1,-1,-1
19, 28779.jpg,5,1072,678,98,138,-1,-1,-1,-1
19, 28779.jpg,6,634,451,65,140,-1,-1,-1,-1
19, 28779.jpg,7,1280,582,67,117,-1,-1,-1,-1
19, 28779.jpg,8,479,694,73,131,-1,-1,-1,-1
19, 28779.jpg,9,1203,525,64,117,-1,-1,-1,-1
19, 28779.jpg,10,748,574,60,144,-1,-1,-1,-1
19, 28779.jpg,13,495,512,61,113,-1,-1,-1,-1
20, 28780.jpg,1,543,569,60,128,-1,-1,-1,-1
20, 28780.jpg,2,816,464,66,200,-1,-1,-1,-1
20, 28780.jpg,3,1264,643,61,128,-1,-1,-1,-1
20, 28780.jpg,4,459,616,58,129,-1,-1,-1,-1
20, 28780.jpg,5,1074,678,96,138,-1,-1,-1,-1
20, 28780.jpg,6,629,454,67,146,-1,-1,-1,-1
20, 28780.jpg,7,1271,581,66,116,-1,-1,-1,-1
20, 28780.jpg,8,474,697,74,130,-1,-1,-1,-1
20, 28780.jpg,9,1197,524,63,118,-1,-1,-1,-1
20, 28780.jpg,10,744,577,60,142,-1,-1,-1,-1
20, 28780.jpg,13,490,512,62,113,-1,-1,-1,-1
21, 28781.jpg,1,540,568,60,129,-1,-1,-1,-1
21, 28781.jpg,2,806,458,66,208,-1,-1,-1,-1
21, 28781.jpg,3,1252,655,60,124,-1,-1,-1,-1
21, 28781.jpg,4,455,612,56,126,-1,-1,-1,-1
21, 28781.jpg,5,1076,679,94,138,-1,-1,-1,-1
21, 28781.jpg,6,624,467,65,140,-1,-1,-1,-1
21, 28781.jpg,7,1259,582,62,110,-1,-1,-1,-1
21, 28781.jpg,8,470,703,73,126,-1,-1,-1,-1
21, 28781.jpg,9,1190,523,63,119,-1,-1,-1,-1
21, 28781.jpg,10,741,579,59,141,-1,-1,-1,-1
21, 28781.jpg,13,487,511,62,114,-1,-1,-1,-1
22, 28782.jpg,1,537,570,58,127,-1,-1,-1,-1
22, 28782.jpg,2,802,452,63,204,-1,-1,-1,-1
22, 28782.jpg,3,1240,657,62,130,-1,-1,-1,-1
22, 28782.jpg,4,451,614,56,124,-1,-1,-1,-1
22, 28782.jpg,5,1077,681,93,138,-1,-1,-1,-1
22, 28782.jpg,6,616,481,64,134,-1,-1,-1,-1
22, 28782.jpg,7,1249,583,61,109,-1,-1,-1,-1
22, 28782.jpg,8,456,677,75,129,-1,-1,-1,-1
22, 28782.jpg,9,1184,522,63,119,-1,-1,-1,-1
22, 28782.jpg,10,738,578,59,141,-1,-1,-1,-1
22, 28782.jpg,11,1701,728,62,120,-1,-1,-1,-1
22, 28782.jpg,13,484,510,62,116,-1,-1,-1,-1
23, 28783.jpg,1,535,570,57,127,-1,-1,-1,-1
23, 28783.jpg,2,797,460,61,200,-1,-1,-1,-1
23, 28783.jpg,3,1233,661,62,129,-1,-1,-1,-1
23, 28783.jpg,4,446,612,56,124,-1,-1,-1,-1
23, 28783.jpg,5,1078,683,94,140,-1,-1,-1,-1
23, 28783.jpg,6,611,490,63,132,-1,-1,-1,-1
23, 28783.jpg,7,1242,583,60,109,-1,-1,-1,-1
23, 28783.jpg,8,450,672,73,127,-1,-1,-1,-1
23, 28783.jpg,9,1179,522,62,119,-1,-1,-1,-1
23, 28783.jpg,10,731,579,58,136,-1,-1,-1,-1
23, 28783.jpg,11,1692,726,65,121,-1,-1,-1,-1
23, 28783.jpg,13,484,510,61,116,-1,-1,-1,-1
24, 28784.jpg,1,531,570,57,129,-1,-1,-1,-1
24, 28784.jpg,2,800,485,53,179,-1,-1,-1,-1
24, 28784.jpg,3,1228,664,61,128,-1,-1,-1,-1
24, 28784.jpg,4,439,612,55,122,-1,-1,-1,-1
24, 28784.jpg,5,1080,685,93,139,-1,-1,-1,-1
24, 28784.jpg,6,604,499,63,131,-1,-1,-1,-1
24, 28784.jpg,7,1233,588,59,108,-1,-1,-1,-1
24, 28784.jpg,8,449,690,74,128,-1,-1,-1,-1
24, 28784.jpg,9,1174,524,60,117,-1,-1,-1,-1
24, 28784.jpg,10,727,582,57,132,-1,-1,-1,-1
24, 28784.jpg,11,1686,726,66,119,-1,-1,-1,-1
24, 28784.jpg,13,482,512,62,119,-1,-1,-1,-1
25, 28785.jpg,1,527,574,58,130,-1,-1,-1,-1
25, 28785.jpg,2,799,497,50,168,-1,-1,-1,-1
25, 28785.jpg,3,1224,656,61,129,-1,-1,-1,-1
25, 28785.jpg,4,435,612,55,122,-1,-1,-1,-1
25, 28785.jpg,5,1082,688,92,137,-1,-1,-1,-1
25, 28785.jpg,6,596,508,64,133,-1,-1,-1,-1
25, 28785.jpg,7,1227,591,58,105,-1,-1,-1,-1
25, 28785.jpg,8,445,698,77,132,-1,-1,-1,-1
25, 28785.jpg,9,1168,525,61,119,-1,-1,-1,-1
25, 28785.jpg,10,723,583,57,132,-1,-1,-1,-1
25, 28785.jpg,11,1679,726,66,118,-1,-1,-1,-1
25, 28785.jpg,13,481,512,62,122,-1,-1,-1,-1
26, 28786.jpg,1,525,578,57,127,-1,-1,-1,-1
26, 28786.jpg,2,797,505,49,161,-1,-1,-1,-1
26, 28786.jpg,3,1217,665,59,125,-1,-1,-1,-1
26, 28786.jpg,4,431,612,56,124,-1,-1,-1,-1
26, 28786.jpg,5,1084,690,90,134,-1,-1,-1,-1
26, 28786.jpg,6,589,516,65,138,-1,-1,-1,-1
26, 28786.jpg,7,1219,595,58,106,-1,-1,-1,-1
26, 28786.jpg,8,442,698,78,132,-1,-1,-1,-1
26, 28786.jpg,9,1165,527,60,119,-1,-1,-1,-1
26, 28786.jpg,10,720,584,58,133,-1,-1,-1,-1
26, 28786.jpg,13,482,511,63,126,-1,-1,-1,-1
27, 28787.jpg,1,524,583,55,122,-1,-1,-1,-1
27, 28787.jpg,2,798,510,50,159,-1,-1,-1,-1
27, 28787.jpg,3,1212,673,56,119,-1,-1,-1,-1
27, 28787.jpg,4,427,613,55,123,-1,-1,-1,-1
27, 28787.jpg,5,1083,691,89,133,-1,-1,-1,-1
27, 28787.jpg,6,583,523,67,147,-1,-1,-1,-1
27, 28787.jpg,7,1210,594,62,116,-1,-1,-1,-1
27, 28787.jpg,8,429,669,79,138,-1,-1,-1,-1
27, 28787.jpg,9,1163,529,59,118,-1,-1,-1,-1
27, 28787.jpg,10,718,585,59,134,-1,-1,-1,-1
27, 28787.jpg,11,1674,728,65,114,-1,-1,-1,-1
27, 28787.jpg,13,486,513,60,125,-1,-1,-1,-1
28, 28788.jpg,1,523,585,55,122,-1,-1,-1,-1
28, 28788.jpg,2,797,510,52,156,-1,-1,-1,-1
28, 28788.jpg,3,1208,678,57,118,-1,-1,-1,-1
28, 28788.jpg,5,1082,691,89,134,-1,-1,-1,-1
28, 28788.jpg,6,582,537,62,140,-1,-1,-1,-1
28, 28788.jpg,7,1205,593,63,121,-1,-1,-1,-1
28, 28788.jpg,8,423,660,81,140,-1,-1,-1,-1
28, 28788.jpg,9,1161,533,58,114,-1,-1,-1,-1
28, 28788.jpg,10,715,585,59,134,-1,-1,-1,-1
28, 28788.jpg,11,1667,727,68,115,-1,-1,-1,-1
28, 28788.jpg,13,485,516,59,122,-1,-1,-1,-1
28, 28788.jpg,14,802,472,44,109,-1,-1,-1,-1
29, 28789.jpg,1,515,569,56,125,-1,-1,-1,-1
29, 28789.jpg,2,795,506,58,164,-1,-1,-1,-1
29, 28789.jpg,3,1208,668,57,118,-1,-1,-1,-1
29, 28789.jpg,4,424,618,52,112,-1,-1,-1,-1
29, 28789.jpg,5,1081,689,90,137,-1,-1,-1,-1
29, 28789.jpg,6,580,547,59,133,-1,-1,-1,-1
29, 28789.jpg,7,1202,596,63,120,-1,-1,-1,-1
29, 28789.jpg,8,429,682,81,140,-1,-1,-1,-1
29, 28789.jpg,9,1160,537,56,110,-1,-1,-1,-1
29, 28789.jpg,10,713,586,59,132,-1,-1,-1,-1
29, 28789.jpg,11,1662,728,67,114,-1,-1,-1,-1
29, 28789.jpg,13,489,522,55,115,-1,-1,-1,-1
29, 28789.jpg,14,801,464,51,122,-1,-1,-1,-1
30, 28790.jpg,1,518,584,54,119,-1,-1,-1,-1
30, 28790.jpg,2,791,505,62,170,-1,-1,-1,-1
30, 28790.jpg,3,1203,676,56,114,-1,-1,-1,-1
30, 28790.jpg,4,423,619,53,114,-1,-1,-1,-1
30, 28790.jpg,5,1083,691,87,133,-1,-1,-1,-1
30, 28790.jpg,6,578,555,56,129,-1,-1,-1,-1
30, 28790.jpg,7,1200,606,60,114,-1,-1,-1,-1
30, 28790.jpg,8,428,691,80,136,-1,-1,-1,-1
30, 28790.jpg,9,1158,540,55,108,-1,-1,-1,-1
30, 28790.jpg,10,710,586,57,131,-1,-1,-1,-1
30, 28790.jpg,13,490,524,53,110,-1,-1,-1,-1
30, 28790.jpg,14,802,470,49,113,-1,-1,-1,-1
31, 28791.jpg,1,511,567,53,115,-1,-1,-1,-1
31, 28791.jpg,2,788,506,61,162,-1,-1,-1,-1
31, 28791.jpg,3,1200,674,57,117,-1,-1,-1,-1
31, 28791.jpg,4,419,618,56,115,-1,-1,-1,-1
31, 28791.jpg,5,1087,692,83,130,-1,-1,-1,-1
31, 28791.jpg,6,563,569,57,131,-1,-1,-1,-1
31, 28791.jpg,7,1197,608,58,113,-1,-1,-1,-1
31, 28791.jpg,8,425,693,80,135,-1,-1,-1,-1
31, 28791.jpg,9,1165,556,58,110,-1,-1,-1,-1
31, 28791.jpg,10,707,585,58,131,-1,-1,-1,-1
31, 28791.jpg,13,488,525,53,111,-1,-1,-1,-1
31, 28791.jpg,14,804,471,48,110,-1,-1,-1,-1
32, 28792.jpg,1,517,589,51,111,-1,-1,-1,-1
32, 28792.jpg,2,784,507,63,161,-1,-1,-1,-1
32, 28792.jpg,3,1195,671,58,118,-1,-1,-1,-1
32, 28792.jpg,4,414,617,56,116,-1,-1,-1,-1
32, 28792.jpg,5,1092,693,79,128,-1,-1,-1,-1
32, 28792.jpg,6,569,566,55,128,-1,-1,-1,-1
32, 28792.jpg,7,1195,621,48,88,-1,-1,-1,-1
32, 28792.jpg,8,421,693,81,136,-1,-1,-1,-1
32, 28792.jpg,9,1157,546,56,106,-1,-1,-1,-1
32, 28792.jpg,10,705,584,57,132,-1,-1,-1,-1
32, 28792.jpg,13,497,527,54,114,-1,-1,-1,-1
33, 28793.jpg,1,513,598,49,103,-1,-1,-1,-1
33, 28793.jpg,2,784,510,63,157,-1,-1,-1,-1
33, 28793.jpg,3,1192,671,59,118,-1,-1,-1,-1
33, 28793.jpg,4,410,617,56,116,-1,-1,-1,-1
33, 28793.jpg,5,1094,693,81,132,-1,-1,-1,-1
33, 28793.jpg,6,570,565,54,128,-1,-1,-1,-1
33, 28793.jpg,7,1187,614,52,93,-1,-1,-1,-1
33, 28793.jpg,8,411,669,82,139,-1,-1,-1,-1
33, 28793.jpg,9,1151,541,53,98,-1,-1,-1,-1
33, 28793.jpg,10,703,583,57,133,-1,-1,-1,-1
33, 28793.jpg,13,501,529,52,110,-1,-1,-1,-1
34, 28794.jpg,1,510,599,49,104,-1,-1,-1,-1
34, 28794.jpg,2,779,512,65,158,-1,-1,-1,-1
34, 28794.jpg,3,1188,666,61,124,-1,-1,-1,-1
34, 28794.jpg,4,407,613,59,120,-1,-1,-1,-1
34, 28794.jpg,5,1099,691,80,133,-1,-1,-1,-1
34, 28794.jpg,6,557,572,57,129,-1,-1,-1,-1
34, 28794.jpg,7,1178,610,59,106,-1,-1,-1,-1
34, 28794.jpg,8,413,678,84,144,-1,-1,-1,-1
34, 28794.jpg,9,1147,538,53,97,-1,-1,-1,-1
34, 28794.jpg,10,701,582,57,133,-1,-1,-1,-1
34, 28794.jpg,13,505,532,51,110,-1,-1,-1,-1
35, 28795.jpg,1,505,586,57,124,-1,-1,-1,-1
35, 28795.jpg,2,778,525,60,145,-1,-1,-1,-1
35, 28795.jpg,3,1188,670,60,121,-1,-1,-1,-1
35, 28795.jpg,4,402,611,61,125,-1,-1,-1,-1
35, 28795.jpg,5,1105,689,79,133,-1,-1,-1,-1
35, 28795.jpg,6,565,570,57,130,-1,-1,-1,-1
35, 28795.jpg,7,1175,609,58,104,-1,-1,-1,-1
35, 28795.jpg,8,413,680,86,147,-1,-1,-1,-1
35, 28795.jpg,9,1142,534,55,101,-1,-1,-1,-1
35, 28795.jpg,10,701,582,57,134,-1,-1,-1,-1
35, 28795.jpg,13,505,533,52,111,-1,-1,-1,-1
36, 28796.jpg,1,497,554,70,154,-1,-1,-1,-1
36, 28796.jpg,2,776,530,58,140,-1,-1,-1,-1
36, 28796.jpg,3,1163,676,66,130,-1,-1,-1,-1
36, 28796.jpg,4,398,609,61,125,-1,-1,-1,-1
36, 28796.jpg,5,1107,690,79,132,-1,-1,-1,-1
36, 28796.jpg,6,569,571,56,128,-1,-1,-1,-1
36, 28796.jpg,7,1169,612,60,107,-1,-1,-1,-1
36, 28796.jpg,8,413,680,87,149,-1,-1,-1,-1
36, 28796.jpg,9,1139,530,57,104,-1,-1,-1,-1
36, 28796.jpg,10,700,583,57,134,-1,-1,-1,-1
37, 28797.jpg,1,500,579,62,133,-1,-1,-1,-1
37, 28797.jpg,2,778,532,57,135,-1,-1,-1,-1
37, 28797.jpg,3,1151,677,72,135,-1,-1,-1,-1
37, 28797.jpg,4,393,606,63,131,-1,-1,-1,-1
37, 28797.jpg,6,570,574,55,126,-1,-1,-1,-1
37, 28797.jpg,7,1163,613,60,107,-1,-1,-1,-1
37, 28797.jpg,8,413,681,87,149,-1,-1,-1,-1
37, 28797.jpg,9,1137,527,62,112,-1,-1,-1,-1
37, 28797.jpg,10,700,585,57,135,-1,-1,-1,-1
37, 28797.jpg,13,508,534,55,115,-1,-1,-1,-1
38, 28798.jpg,1,499,589,58,124,-1,-1,-1,-1
38, 28798.jpg,2,778,539,54,127,-1,-1,-1,-1
38, 28798.jpg,3,1134,682,74,138,-1,-1,-1,-1
38, 28798.jpg,4,387,602,67,142,-1,-1,-1,-1
38, 28798.jpg,6,552,584,57,123,-1,-1,-1,-1
38, 28798.jpg,8,413,678,88,153,-1,-1,-1,-1
38, 28798.jpg,9,1139,523,63,114,-1,-1,-1,-1
38, 28798.jpg,10,700,585,57,136,-1,-1,-1,-1
38, 28798.jpg,13,513,531,54,113,-1,-1,-1,-1
39, 28799.jpg,1,494,591,57,121,-1,-1,-1,-1
39, 28799.jpg,2,780,541,55,126,-1,-1,-1,-1
39, 28799.jpg,3,1127,683,74,140,-1,-1,-1,-1
39, 28799.jpg,4,385,600,66,142,-1,-1,-1,-1
39, 28799.jpg,5,1149,675,82,136,-1,-1,-1,-1
39, 28799.jpg,6,548,589,57,122,-1,-1,-1,-1
39, 28799.jpg,8,413,676,89,155,-1,-1,-1,-1
39, 28799.jpg,9,1138,519,67,122,-1,-1,-1,-1
39, 28799.jpg,10,701,585,56,136,-1,-1,-1,-1
39, 28799.jpg,13,524,531,52,113,-1,-1,-1,-1
40, 28800.jpg,1,486,589,57,121,-1,-1,-1,-1
40, 28800.jpg,2,784,541,54,126,-1,-1,-1,-1
40, 28800.jpg,4,382,597,66,145,-1,-1,-1,-1
40, 28800.jpg,5,1145,675,87,146,-1,-1,-1,-1
40, 28800.jpg,6,570,577,58,126,-1,-1,-1,-1
40, 28800.jpg,8,413,675,90,157,-1,-1,-1,-1
40, 28800.jpg,9,1141,517,65,118,-1,-1,-1,-1
40, 28800.jpg,10,702,586,56,135,-1,-1,-1,-1
40, 28800.jpg,13,531,532,51,115,-1,-1,-1,-1
