2, 18917.jpg,1,617,330,43,110,-1,-1,-1,-1
2, 18917.jpg,2,835,384,47,114,-1,-1,-1,-1
2, 18917.jpg,3,806,432,73,117,-1,-1,-1,-1
2, 18917.jpg,4,343,336,41,83,-1,-1,-1,-1
2, 18917.jpg,5,472,398,64,122,-1,-1,-1,-1
2, 18917.jpg,6,174,356,52,112,-1,-1,-1,-1
2, 18917.jpg,7,933,360,81,93,-1,-1,-1,-1
2, 18917.jpg,8,546,338,41,116,-1,-1,-1,-1
2, 18917.jpg,9,319,437,62,112,-1,-1,-1,-1
2, 18917.jpg,10,467,307,49,105,-1,-1,-1,-1
3, 18918.jpg,1,614,311,42,106,-1,-1,-1,-1
3, 18918.jpg,2,832,385,46,113,-1,-1,-1,-1
3, 18918.jpg,3,802,418,80,129,-1,-1,-1,-1
3, 18918.jpg,4,347,339,41,82,-1,-1,-1,-1
3, 18918.jpg,5,482,398,63,122,-1,-1,-1,-1
3, 18918.jpg,6,176,359,52,113,-1,-1,-1,-1
3, 18918.jpg,7,930,361,83,94,-1,-1,-1,-1
3, 18918.jpg,8,549,337,39,114,-1,-1,-1,-1
3, 18918.jpg,9,321,441,59,107,-1,-1,-1,-1
3, 18918.jpg,10,468,311,48,103,-1,-1,-1,-1
4, 18919.jpg,1,620,315,36,90,-1,-1,-1,-1
4, 18919.jpg,2,830,385,46,112,-1,-1,-1,-1
4, 18919.jpg,3,799,434,72,114,-1,-1,-1,-1
4, 18919.jpg,4,352,344,40,79,-1,-1,-1,-1
4, 18919.jpg,5,490,397,63,124,-1,-1,-1,-1
4, 18919.jpg,6,180,360,51,111,-1,-1,-1,-1
4, 18919.jpg,7,928,361,83,96,-1,-1,-1,-1
4, 18919.jpg,8,551,327,40,116,-1,-1,-1,-1
4, 18919.jpg,9,322,444,58,103,-1,-1,-1,-1
4, 18919.jpg,10,469,315,47,100,-1,-1,-1,-1
5, 18920.jpg,1,622,312,33,85,-1,-1,-1,-1
5, 18920.jpg,2,822,388,45,112,-1,-1,-1,-1
5, 18920.jpg,3,791,423,78,126,-1,-1,-1,-1
5, 18920.jpg,4,356,349,39,78,-1,-1,-1,-1
5, 18920.jpg,5,498,400,63,123,-1,-1,-1,-1
5, 18920.jpg,6,182,364,50,107,-1,-1,-1,-1
5, 18920.jpg,7,925,363,82,95,-1,-1,-1,-1
5, 18920.jpg,8,552,315,43,127,-1,-1,-1,-1
5, 18920.jpg,9,323,447,55,99,-1,-1,-1,-1
5, 18920.jpg,10,470,317,49,100,-1,-1,-1,-1
6, 18921.jpg,2,819,392,44,108,-1,-1,-1,-1
6, 18921.jpg,3,785,434,74,120,-1,-1,-1,-1
6, 18921.jpg,4,361,355,38,77,-1,-1,-1,-1
6, 18921.jpg,5,508,406,58,116,-1,-1,-1,-1
6, 18921.jpg,6,186,366,49,105,-1,-1,-1,-1
6, 18921.jpg,7,923,366,78,93,-1,-1,-1,-1
6, 18921.jpg,8,555,312,43,128,-1,-1,-1,-1
6, 18921.jpg,9,324,450,53,94,-1,-1,-1,-1
6, 18921.jpg,10,474,319,50,100,-1,-1,-1,-1
6, 18921.jpg,11,623,338,49,111,-1,-1,-1,-1
7, 18922.jpg,2,807,407,43,103,-1,-1,-1,-1
7, 18922.jpg,3,781,435,74,120,-1,-1,-1,-1
7, 18922.jpg,4,365,358,39,76,-1,-1,-1,-1
7, 18922.jpg,5,517,409,58,115,-1,-1,-1,-1
7, 18922.jpg,6,190,369,47,102,-1,-1,-1,-1
7, 18922.jpg,7,921,363,80,98,-1,-1,-1,-1
7, 18922.jpg,8,557,304,45,135,-1,-1,-1,-1
7, 18922.jpg,9,325,451,53,92,-1,-1,-1,-1
7, 18922.jpg,10,476,322,50,97,-1,-1,-1,-1
7, 18922.jpg,11,625,333,51,115,-1,-1,-1,-1
8, 18923.jpg,2,807,406,45,103,-1,-1,-1,-1
8, 18923.jpg,3,775,440,72,118,-1,-1,-1,-1
8, 18923.jpg,4,372,363,36,72,-1,-1,-1,-1
8, 18923.jpg,5,524,413,55,111,-1,-1,-1,-1
8, 18923.jpg,6,193,370,48,102,-1,-1,-1,-1
8, 18923.jpg,7,918,360,80,100,-1,-1,-1,-1
8, 18923.jpg,8,559,297,46,142,-1,-1,-1,-1
8, 18923.jpg,9,328,451,52,91,-1,-1,-1,-1
8, 18923.jpg,10,478,322,51,97,-1,-1,-1,-1
8, 18923.jpg,11,627,334,52,117,-1,-1,-1,-1
9, 18924.jpg,2,808,408,42,96,-1,-1,-1,-1
9, 18924.jpg,3,772,435,74,123,-1,-1,-1,-1
9, 18924.jpg,4,379,368,35,68,-1,-1,-1,-1
9, 18924.jpg,5,531,418,54,107,-1,-1,-1,-1
9, 18924.jpg,6,196,370,48,102,-1,-1,-1,-1
9, 18924.jpg,7,918,358,80,102,-1,-1,-1,-1
9, 18924.jpg,8,563,304,42,127,-1,-1,-1,-1
9, 18924.jpg,9,330,452,53,89,-1,-1,-1,-1
9, 18924.jpg,10,480,323,53,95,-1,-1,-1,-1
9, 18924.jpg,11,630,336,53,119,-1,-1,-1,-1
10, 18925.jpg,2,810,408,42,93,-1,-1,-1,-1
10, 18925.jpg,3,772,430,74,123,-1,-1,-1,-1
10, 18925.jpg,4,384,371,34,65,-1,-1,-1,-1
10, 18925.jpg,5,537,421,54,105,-1,-1,-1,-1
10, 18925.jpg,6,201,371,47,99,-1,-1,-1,-1
10, 18925.jpg,7,917,359,77,100,-1,-1,-1,-1
10, 18925.jpg,8,571,308,39,119,-1,-1,-1,-1
10, 18925.jpg,9,334,453,53,89,-1,-1,-1,-1
10, 18925.jpg,10,482,322,53,97,-1,-1,-1,-1
10, 18925.jpg,11,635,341,51,115,-1,-1,-1,-1
11, 18926.jpg,2,813,412,39,86,-1,-1,-1,-1
11, 18926.jpg,3,771,426,73,122,-1,-1,-1,-1
11, 18926.jpg,4,390,373,34,64,-1,-1,-1,-1
11, 18926.jpg,5,541,422,53,102,-1,-1,-1,-1
11, 18926.jpg,6,205,371,48,99,-1,-1,-1,-1
11, 18926.jpg,7,914,354,79,104,-1,-1,-1,-1
11, 18926.jpg,8,577,312,37,114,-1,-1,-1,-1
11, 18926.jpg,9,339,453,53,89,-1,-1,-1,-1
11, 18926.jpg,10,483,320,55,95,-1,-1,-1,-1
11, 18926.jpg,11,639,344,52,115,-1,-1,-1,-1
12, 18927.jpg,2,807,410,44,93,-1,-1,-1,-1
12, 18927.jpg,3,763,426,75,126,-1,-1,-1,-1
12, 18927.jpg,4,395,376,33,62,-1,-1,-1,-1
12, 18927.jpg,5,545,422,54,102,-1,-1,-1,-1
12, 18927.jpg,6,209,369,49,101,-1,-1,-1,-1
12, 18927.jpg,7,911,350,82,110,-1,-1,-1,-1
12, 18927.jpg,8,581,314,35,110,-1,-1,-1,-1
12, 18927.jpg,9,345,452,53,90,-1,-1,-1,-1
12, 18927.jpg,10,482,318,56,96,-1,-1,-1,-1
12, 18927.jpg,11,645,346,51,114,-1,-1,-1,-1
13, 18928.jpg,2,806,412,42,91,-1,-1,-1,-1
13, 18928.jpg,3,773,420,71,120,-1,-1,-1,-1
13, 18928.jpg,4,400,376,34,61,-1,-1,-1,-1
13, 18928.jpg,5,550,420,55,104,-1,-1,-1,-1
13, 18928.jpg,6,213,369,49,100,-1,-1,-1,-1
13, 18928.jpg,7,916,354,79,106,-1,-1,-1,-1
13, 18928.jpg,8,587,316,35,113,-1,-1,-1,-1
13, 18928.jpg,9,350,451,54,89,-1,-1,-1,-1
13, 18928.jpg,10,482,316,56,98,-1,-1,-1,-1
13, 18928.jpg,11,647,345,52,115,-1,-1,-1,-1
14, 18929.jpg,2,808,410,45,96,-1,-1,-1,-1
14, 18929.jpg,3,764,426,69,120,-1,-1,-1,-1
14, 18929.jpg,4,406,374,33,62,-1,-1,-1,-1
14, 18929.jpg,5,554,418,56,106,-1,-1,-1,-1
14, 18929.jpg,6,219,367,48,100,-1,-1,-1,-1
14, 18929.jpg,7,915,353,79,107,-1,-1,-1,-1
14, 18929.jpg,8,592,322,35,109,-1,-1,-1,-1
14, 18929.jpg,9,356,449,55,89,-1,-1,-1,-1
14, 18929.jpg,10,483,315,55,96,-1,-1,-1,-1
14, 18929.jpg,11,649,343,52,115,-1,-1,-1,-1
14, 18929.jpg,13,968,370,51,50,-1,-1,-1,-1
15, 18930.jpg,2,809,409,45,96,-1,-1,-1,-1
15, 18930.jpg,3,756,422,71,127,-1,-1,-1,-1
15, 18930.jpg,4,411,374,34,62,-1,-1,-1,-1
15, 18930.jpg,5,560,416,58,109,-1,-1,-1,-1
15, 18930.jpg,6,223,365,50,102,-1,-1,-1,-1
15, 18930.jpg,7,915,354,78,106,-1,-1,-1,-1
15, 18930.jpg,8,596,326,34,106,-1,-1,-1,-1
15, 18930.jpg,9,361,447,55,89,-1,-1,-1,-1
15, 18930.jpg,10,486,314,53,95,-1,-1,-1,-1
15, 18930.jpg,11,653,342,51,114,-1,-1,-1,-1
15, 18930.jpg,13,968,369,54,51,-1,-1,-1,-1
16, 18931.jpg,2,810,409,46,97,-1,-1,-1,-1
16, 18931.jpg,3,752,422,68,127,-1,-1,-1,-1
16, 18931.jpg,4,415,372,35,63,-1,-1,-1,-1
16, 18931.jpg,5,563,415,59,111,-1,-1,-1,-1
16, 18931.jpg,6,229,364,49,101,-1,-1,-1,-1
16, 18931.jpg,7,913,350,78,111,-1,-1,-1,-1
16, 18931.jpg,8,600,330,33,105,-1,-1,-1,-1
16, 18931.jpg,9,368,445,56,87,-1,-1,-1,-1
16, 18931.jpg,10,488,313,52,94,-1,-1,-1,-1
16, 18931.jpg,11,660,344,43,99,-1,-1,-1,-1
16, 18931.jpg,13,974,371,54,50,-1,-1,-1,-1
17, 18932.jpg,2,814,411,44,93,-1,-1,-1,-1
17, 18932.jpg,3,750,422,66,127,-1,-1,-1,-1
17, 18932.jpg,4,421,371,35,65,-1,-1,-1,-1
17, 18932.jpg,5,566,414,60,114,-1,-1,-1,-1
17, 18932.jpg,6,233,363,49,101,-1,-1,-1,-1
17, 18932.jpg,7,910,348,77,114,-1,-1,-1,-1
17, 18932.jpg,8,606,330,35,112,-1,-1,-1,-1
17, 18932.jpg,9,375,444,55,79,-1,-1,-1,-1
17, 18932.jpg,10,491,314,51,91,-1,-1,-1,-1
17, 18932.jpg,11,665,350,47,106,-1,-1,-1,-1
17, 18932.jpg,13,976,371,54,50,-1,-1,-1,-1
18, 18933.jpg,2,817,411,44,91,-1,-1,-1,-1
18, 18933.jpg,3,747,421,65,127,-1,-1,-1,-1
18, 18933.jpg,4,423,368,39,73,-1,-1,-1,-1
18, 18933.jpg,5,568,413,60,115,-1,-1,-1,-1
18, 18933.jpg,6,237,363,49,103,-1,-1,-1,-1
18, 18933.jpg,7,911,346,74,115,-1,-1,-1,-1
18, 18933.jpg,8,609,331,35,112,-1,-1,-1,-1
18, 18933.jpg,9,378,443,58,77,-1,-1,-1,-1
18, 18933.jpg,10,492,314,51,92,-1,-1,-1,-1
18, 18933.jpg,11,668,348,48,112,-1,-1,-1,-1
18, 18933.jpg,13,984,371,57,51,-1,-1,-1,-1
19, 18934.jpg,2,818,411,44,90,-1,-1,-1,-1
19, 18934.jpg,3,741,423,64,124,-1,-1,-1,-1
19, 18934.jpg,4,428,364,38,73,-1,-1,-1,-1
19, 18934.jpg,5,571,413,61,115,-1,-1,-1,-1
19, 18934.jpg,6,240,363,48,101,-1,-1,-1,-1
19, 18934.jpg,7,907,346,74,117,-1,-1,-1,-1
19, 18934.jpg,8,612,333,34,111,-1,-1,-1,-1
19, 18934.jpg,9,384,445,56,69,-1,-1,-1,-1
19, 18934.jpg,10,493,315,50,89,-1,-1,-1,-1
19, 18934.jpg,11,671,349,49,113,-1,-1,-1,-1
19, 18934.jpg,13,985,369,61,54,-1,-1,-1,-1
20, 18935.jpg,2,820,410,45,93,-1,-1,-1,-1
20, 18935.jpg,3,739,425,62,119,-1,-1,-1,-1
20, 18935.jpg,4,433,363,36,70,-1,-1,-1,-1
20, 18935.jpg,5,573,414,63,115,-1,-1,-1,-1
20, 18935.jpg,6,242,363,48,102,-1,-1,-1,-1
20, 18935.jpg,7,906,344,73,119,-1,-1,-1,-1
20, 18935.jpg,8,614,335,34,110,-1,-1,-1,-1
20, 18935.jpg,9,386,448,53,61,-1,-1,-1,-1
20, 18935.jpg,10,494,314,50,90,-1,-1,-1,-1
20, 18935.jpg,11,672,346,50,114,-1,-1,-1,-1
20, 18935.jpg,13,983,369,64,55,-1,-1,-1,-1
21, 18936.jpg,2,822,410,46,93,-1,-1,-1,-1
21, 18936.jpg,3,735,420,65,125,-1,-1,-1,-1
21, 18936.jpg,4,437,363,36,67,-1,-1,-1,-1
21, 18936.jpg,5,573,413,64,116,-1,-1,-1,-1
21, 18936.jpg,6,244,364,48,102,-1,-1,-1,-1
21, 18936.jpg,7,905,345,70,118,-1,-1,-1,-1
21, 18936.jpg,8,616,337,34,107,-1,-1,-1,-1
21, 18936.jpg,9,398,451,54,53,-1,-1,-1,-1
21, 18936.jpg,10,493,311,51,93,-1,-1,-1,-1
21, 18936.jpg,11,675,346,49,115,-1,-1,-1,-1
21, 18936.jpg,13,988,368,64,54,-1,-1,-1,-1
22, 18937.jpg,1,679,333,34,85,-1,-1,-1,-1
22, 18937.jpg,2,823,408,48,96,-1,-1,-1,-1
22, 18937.jpg,3,733,418,64,125,-1,-1,-1,-1
22, 18937.jpg,4,439,360,37,68,-1,-1,-1,-1
22, 18937.jpg,5,573,415,64,114,-1,-1,-1,-1
22, 18937.jpg,6,247,365,47,100,-1,-1,-1,-1
22, 18937.jpg,7,902,345,71,119,-1,-1,-1,-1
22, 18937.jpg,8,616,338,35,106,-1,-1,-1,-1
22, 18937.jpg,9,405,452,50,49,-1,-1,-1,-1
22, 18937.jpg,10,493,309,52,93,-1,-1,-1,-1
22, 18937.jpg,11,679,351,46,108,-1,-1,-1,-1
22, 18937.jpg,13,989,366,67,55,-1,-1,-1,-1
23, 18938.jpg,1,683,334,33,84,-1,-1,-1,-1
23, 18938.jpg,2,826,407,47,96,-1,-1,-1,-1
23, 18938.jpg,3,730,423,60,118,-1,-1,-1,-1
23, 18938.jpg,4,441,358,38,70,-1,-1,-1,-1
23, 18938.jpg,5,573,416,63,111,-1,-1,-1,-1
23, 18938.jpg,6,249,366,47,98,-1,-1,-1,-1
23, 18938.jpg,7,901,346,70,119,-1,-1,-1,-1
23, 18938.jpg,8,617,338,35,105,-1,-1,-1,-1
23, 18938.jpg,10,491,306,54,96,-1,-1,-1,-1
23, 18938.jpg,11,680,349,47,111,-1,-1,-1,-1
23, 18938.jpg,13,988,364,70,55,-1,-1,-1,-1
24, 18939.jpg,2,827,407,48,96,-1,-1,-1,-1
24, 18939.jpg,3,726,425,58,115,-1,-1,-1,-1
24, 18939.jpg,4,444,356,38,70,-1,-1,-1,-1
24, 18939.jpg,5,571,415,64,112,-1,-1,-1,-1
24, 18939.jpg,6,251,367,47,96,-1,-1,-1,-1
24, 18939.jpg,7,900,346,70,119,-1,-1,-1,-1
24, 18939.jpg,8,616,337,36,105,-1,-1,-1,-1
24, 18939.jpg,10,489,304,55,97,-1,-1,-1,-1
24, 18939.jpg,11,682,352,45,109,-1,-1,-1,-1
24, 18939.jpg,13,985,362,73,57,-1,-1,-1,-1
25, 18940.jpg,2,827,409,48,93,-1,-1,-1,-1
25, 18940.jpg,3,723,422,57,117,-1,-1,-1,-1
25, 18940.jpg,4,444,355,40,71,-1,-1,-1,-1
25, 18940.jpg,5,569,416,65,112,-1,-1,-1,-1
25, 18940.jpg,6,252,367,47,96,-1,-1,-1,-1
25, 18940.jpg,7,900,347,69,118,-1,-1,-1,-1
25, 18940.jpg,8,615,336,36,105,-1,-1,-1,-1
25, 18940.jpg,9,405,453,51,50,-1,-1,-1,-1
25, 18940.jpg,10,489,301,56,97,-1,-1,-1,-1
25, 18940.jpg,11,682,351,46,111,-1,-1,-1,-1
25, 18940.jpg,13,987,358,80,61,-1,-1,-1,-1
26, 18941.jpg,2,827,409,48,93,-1,-1,-1,-1
26, 18941.jpg,3,718,417,58,122,-1,-1,-1,-1
26, 18941.jpg,4,446,354,41,72,-1,-1,-1,-1
26, 18941.jpg,5,568,415,66,114,-1,-1,-1,-1
26, 18941.jpg,6,252,367,48,98,-1,-1,-1,-1
26, 18941.jpg,7,899,347,69,118,-1,-1,-1,-1
26, 18941.jpg,8,616,337,35,102,-1,-1,-1,-1
26, 18941.jpg,9,409,454,49,47,-1,-1,-1,-1
26, 18941.jpg,10,489,299,55,96,-1,-1,-1,-1
26, 18941.jpg,11,682,352,45,109,-1,-1,-1,-1
26, 18941.jpg,13,989,357,81,61,-1,-1,-1,-1
27, 18942.jpg,2,829,408,49,93,-1,-1,-1,-1
27, 18942.jpg,3,715,414,58,122,-1,-1,-1,-1
27, 18942.jpg,4,448,354,42,72,-1,-1,-1,-1
27, 18942.jpg,5,569,412,66,116,-1,-1,-1,-1
27, 18942.jpg,6,252,368,50,98,-1,-1,-1,-1
27, 18942.jpg,7,900,348,67,117,-1,-1,-1,-1
27, 18942.jpg,8,616,338,35,99,-1,-1,-1,-1
27, 18942.jpg,9,411,454,48,47,-1,-1,-1,-1
27, 18942.jpg,10,486,294,58,100,-1,-1,-1,-1
27, 18942.jpg,11,683,353,44,108,-1,-1,-1,-1
27, 18942.jpg,13,980,356,83,62,-1,-1,-1,-1
28, 18943.jpg,2,831,408,48,93,-1,-1,-1,-1
28, 18943.jpg,3,712,412,57,123,-1,-1,-1,-1
28, 18943.jpg,4,448,352,45,75,-1,-1,-1,-1
28, 18943.jpg,5,569,410,67,118,-1,-1,-1,-1
28, 18943.jpg,6,252,368,49,99,-1,-1,-1,-1
28, 18943.jpg,7,900,348,66,116,-1,-1,-1,-1
28, 18943.jpg,8,615,339,36,97,-1,-1,-1,-1
28, 18943.jpg,9,411,454,50,48,-1,-1,-1,-1
28, 18943.jpg,10,485,290,60,105,-1,-1,-1,-1
28, 18943.jpg,11,684,356,43,105,-1,-1,-1,-1
28, 18943.jpg,13,974,354,86,63,-1,-1,-1,-1
29, 18944.jpg,1,687,333,32,81,-1,-1,-1,-1
29, 18944.jpg,2,831,408,49,93,-1,-1,-1,-1
29, 18944.jpg,3,710,408,57,126,-1,-1,-1,-1
29, 18944.jpg,4,449,351,46,75,-1,-1,-1,-1
29, 18944.jpg,5,570,407,67,121,-1,-1,-1,-1
29, 18944.jpg,6,251,367,49,100,-1,-1,-1,-1
29, 18944.jpg,7,897,347,66,117,-1,-1,-1,-1
29, 18944.jpg,8,615,340,35,94,-1,-1,-1,-1
29, 18944.jpg,9,409,453,48,47,-1,-1,-1,-1
29, 18944.jpg,10,479,287,60,104,-1,-1,-1,-1
29, 18944.jpg,11,684,357,42,105,-1,-1,-1,-1
29, 18944.jpg,13,971,351,87,64,-1,-1,-1,-1
30, 18945.jpg,1,687,332,31,81,-1,-1,-1,-1
30, 18945.jpg,2,832,407,50,93,-1,-1,-1,-1
30, 18945.jpg,3,708,405,56,127,-1,-1,-1,-1
30, 18945.jpg,4,450,350,47,76,-1,-1,-1,-1
30, 18945.jpg,5,568,403,68,121,-1,-1,-1,-1
30, 18945.jpg,6,249,367,50,99,-1,-1,-1,-1
30, 18945.jpg,7,896,347,64,117,-1,-1,-1,-1
30, 18945.jpg,8,615,339,36,94,-1,-1,-1,-1
30, 18945.jpg,9,421,453,50,44,-1,-1,-1,-1
30, 18945.jpg,10,478,286,55,97,-1,-1,-1,-1
30, 18945.jpg,11,684,358,41,104,-1,-1,-1,-1
30, 18945.jpg,13,966,349,89,66,-1,-1,-1,-1
31, 18946.jpg,1,687,331,31,81,-1,-1,-1,-1
31, 18946.jpg,2,834,407,49,93,-1,-1,-1,-1
31, 18946.jpg,3,706,404,54,124,-1,-1,-1,-1
31, 18946.jpg,4,451,348,48,77,-1,-1,-1,-1
31, 18946.jpg,5,569,399,67,123,-1,-1,-1,-1
31, 18946.jpg,6,247,367,50,97,-1,-1,-1,-1
31, 18946.jpg,7,897,347,62,116,-1,-1,-1,-1
31, 18946.jpg,8,615,339,36,92,-1,-1,-1,-1
31, 18946.jpg,9,425,453,49,42,-1,-1,-1,-1
31, 18946.jpg,10,478,286,53,92,-1,-1,-1,-1
31, 18946.jpg,11,684,358,40,99,-1,-1,-1,-1
31, 18946.jpg,13,958,347,90,69,-1,-1,-1,-1
32, 18947.jpg,1,683,331,33,86,-1,-1,-1,-1
32, 18947.jpg,2,835,407,50,93,-1,-1,-1,-1
32, 18947.jpg,3,705,402,52,122,-1,-1,-1,-1
32, 18947.jpg,4,458,332,53,86,-1,-1,-1,-1
32, 18947.jpg,5,572,396,65,122,-1,-1,-1,-1
32, 18947.jpg,6,245,366,51,99,-1,-1,-1,-1
32, 18947.jpg,7,897,348,60,114,-1,-1,-1,-1
32, 18947.jpg,8,614,340,37,90,-1,-1,-1,-1
32, 18947.jpg,10,478,288,50,86,-1,-1,-1,-1
32, 18947.jpg,11,686,358,39,98,-1,-1,-1,-1
32, 18947.jpg,13,953,345,92,73,-1,-1,-1,-1
33, 18948.jpg,1,683,330,31,82,-1,-1,-1,-1
33, 18948.jpg,2,836,407,51,94,-1,-1,-1,-1
33, 18948.jpg,3,702,404,49,117,-1,-1,-1,-1
33, 18948.jpg,4,455,338,53,85,-1,-1,-1,-1
33, 18948.jpg,5,573,394,62,120,-1,-1,-1,-1
33, 18948.jpg,6,242,365,54,100,-1,-1,-1,-1
33, 18948.jpg,7,897,348,58,114,-1,-1,-1,-1
33, 18948.jpg,8,616,341,37,92,-1,-1,-1,-1
33, 18948.jpg,10,475,288,50,85,-1,-1,-1,-1
33, 18948.jpg,13,952,342,93,77,-1,-1,-1,-1
34, 18949.jpg,1,684,330,31,82,-1,-1,-1,-1
34, 18949.jpg,2,838,407,51,95,-1,-1,-1,-1
34, 18949.jpg,3,698,400,48,116,-1,-1,-1,-1
34, 18949.jpg,4,458,326,59,94,-1,-1,-1,-1
34, 18949.jpg,5,575,392,59,117,-1,-1,-1,-1
34, 18949.jpg,6,239,364,55,101,-1,-1,-1,-1
34, 18949.jpg,7,898,348,56,113,-1,-1,-1,-1
34, 18949.jpg,8,616,341,38,92,-1,-1,-1,-1
34, 18949.jpg,10,474,291,50,84,-1,-1,-1,-1
34, 18949.jpg,11,683,341,44,109,-1,-1,-1,-1
34, 18949.jpg,13,951,339,93,82,-1,-1,-1,-1
35, 18950.jpg,2,840,408,51,95,-1,-1,-1,-1
35, 18950.jpg,3,694,396,48,118,-1,-1,-1,-1
35, 18950.jpg,4,456,336,55,88,-1,-1,-1,-1
35, 18950.jpg,5,575,390,56,115,-1,-1,-1,-1
35, 18950.jpg,6,235,364,58,101,-1,-1,-1,-1
35, 18950.jpg,7,898,347,55,114,-1,-1,-1,-1
35, 18950.jpg,8,614,340,39,90,-1,-1,-1,-1
35, 18950.jpg,10,469,304,51,87,-1,-1,-1,-1
35, 18950.jpg,11,682,336,45,114,-1,-1,-1,-1
35, 18950.jpg,13,953,337,89,83,-1,-1,-1,-1
36, 18951.jpg,2,843,406,52,96,-1,-1,-1,-1
36, 18951.jpg,3,694,400,45,111,-1,-1,-1,-1
36, 18951.jpg,4,464,327,52,83,-1,-1,-1,-1
36, 18951.jpg,5,573,387,58,119,-1,-1,-1,-1
36, 18951.jpg,6,232,364,60,102,-1,-1,-1,-1
36, 18951.jpg,7,898,347,55,114,-1,-1,-1,-1
36, 18951.jpg,8,613,339,39,89,-1,-1,-1,-1
36, 18951.jpg,10,468,306,50,86,-1,-1,-1,-1
36, 18951.jpg,11,680,331,41,104,-1,-1,-1,-1
36, 18951.jpg,13,953,335,86,85,-1,-1,-1,-1
37, 18952.jpg,2,846,405,52,97,-1,-1,-1,-1
37, 18952.jpg,3,694,400,43,108,-1,-1,-1,-1
37, 18952.jpg,4,458,334,54,86,-1,-1,-1,-1
37, 18952.jpg,5,572,386,57,117,-1,-1,-1,-1
37, 18952.jpg,6,231,364,61,103,-1,-1,-1,-1
37, 18952.jpg,7,898,347,53,114,-1,-1,-1,-1
37, 18952.jpg,8,611,338,41,92,-1,-1,-1,-1
37, 18952.jpg,10,470,294,50,84,-1,-1,-1,-1
37, 18952.jpg,11,683,339,41,103,-1,-1,-1,-1
37, 18952.jpg,13,953,333,83,85,-1,-1,-1,-1
37, 18952.jpg,16,379,452,87,55,-1,-1,-1,-1
38, 18953.jpg,2,849,405,51,98,-1,-1,-1,-1
38, 18953.jpg,3,691,399,44,110,-1,-1,-1,-1
38, 18953.jpg,4,461,322,57,93,-1,-1,-1,-1
38, 18953.jpg,5,570,386,57,116,-1,-1,-1,-1
38, 18953.jpg,6,230,365,62,103,-1,-1,-1,-1
38, 18953.jpg,7,898,347,52,113,-1,-1,-1,-1
38, 18953.jpg,8,611,339,41,90,-1,-1,-1,-1
38, 18953.jpg,10,471,290,48,82,-1,-1,-1,-1
38, 18953.jpg,11,684,352,42,105,-1,-1,-1,-1
38, 18953.jpg,13,954,331,79,85,-1,-1,-1,-1
38, 18953.jpg,16,375,446,98,60,-1,-1,-1,-1
39, 18954.jpg,1,684,330,34,87,-1,-1,-1,-1
39, 18954.jpg,2,851,404,51,99,-1,-1,-1,-1
39, 18954.jpg,3,689,402,44,108,-1,-1,-1,-1
39, 18954.jpg,4,458,332,54,89,-1,-1,-1,-1
39, 18954.jpg,5,569,386,57,115,-1,-1,-1,-1
39, 18954.jpg,6,229,365,64,103,-1,-1,-1,-1
39, 18954.jpg,7,900,347,50,112,-1,-1,-1,-1
39, 18954.jpg,8,610,338,42,91,-1,-1,-1,-1
39, 18954.jpg,10,471,288,46,80,-1,-1,-1,-1
39, 18954.jpg,11,684,353,42,105,-1,-1,-1,-1
39, 18954.jpg,13,954,329,75,85,-1,-1,-1,-1
39, 18954.jpg,16,381,445,100,61,-1,-1,-1,-1
40, 18955.jpg,1,684,333,35,91,-1,-1,-1,-1
40, 18955.jpg,2,854,404,50,98,-1,-1,-1,-1
40, 18955.jpg,3,692,408,39,98,-1,-1,-1,-1
40, 18955.jpg,4,464,326,50,82,-1,-1,-1,-1
40, 18955.jpg,5,568,386,57,115,-1,-1,-1,-1
40, 18955.jpg,6,228,366,65,102,-1,-1,-1,-1
40, 18955.jpg,7,901,346,49,113,-1,-1,-1,-1
40, 18955.jpg,8,609,337,43,94,-1,-1,-1,-1
40, 18955.jpg,10,470,287,45,79,-1,-1,-1,-1
40, 18955.jpg,13,953,327,73,85,-1,-1,-1,-1
40, 18955.jpg,16,384,442,103,63,-1,-1,-1,-1
