2, 19667.jpg,1,1207,492,72,123,-1,-1,-1,-1
2, 19667.jpg,3,676,674,137,100,-1,-1,-1,-1
2, 19667.jpg,4,1236,630,76,145,-1,-1,-1,-1
2, 19667.jpg,5,1172,659,61,176,-1,-1,-1,-1
2, 19667.jpg,6,1144,537,57,155,-1,-1,-1,-1
2, 19667.jpg,7,922,645,128,139,-1,-1,-1,-1
2, 19667.jpg,8,1065,496,73,131,-1,-1,-1,-1
2, 19667.jpg,9,1498,557,51,143,-1,-1,-1,-1
2, 19667.jpg,10,728,524,84,94,-1,-1,-1,-1
3, 19668.jpg,1,1204,489,75,127,-1,-1,-1,-1
3, 19668.jpg,3,694,683,125,92,-1,-1,-1,-1
3, 19668.jpg,4,1230,630,77,146,-1,-1,-1,-1
3, 19668.jpg,5,1166,661,59,171,-1,-1,-1,-1
3, 19668.jpg,6,1138,541,56,154,-1,-1,-1,-1
3, 19668.jpg,7,912,644,129,141,-1,-1,-1,-1
3, 19668.jpg,8,1063,492,70,126,-1,-1,-1,-1
3, 19668.jpg,9,1490,557,51,143,-1,-1,-1,-1
3, 19668.jpg,10,718,523,87,98,-1,-1,-1,-1
4, 19669.jpg,1,1198,486,83,143,-1,-1,-1,-1
4, 19669.jpg,3,698,687,120,88,-1,-1,-1,-1
4, 19669.jpg,4,1227,633,75,141,-1,-1,-1,-1
4, 19669.jpg,5,1158,662,61,175,-1,-1,-1,-1
4, 19669.jpg,6,1129,546,56,151,-1,-1,-1,-1
4, 19669.jpg,7,904,641,132,144,-1,-1,-1,-1
4, 19669.jpg,8,1059,492,68,123,-1,-1,-1,-1
4, 19669.jpg,9,1479,560,51,142,-1,-1,-1,-1
4, 19669.jpg,10,710,521,91,103,-1,-1,-1,-1
4, 19669.jpg,11,1047,506,40,125,-1,-1,-1,-1
5, 19670.jpg,1,1194,483,86,150,-1,-1,-1,-1
5, 19670.jpg,3,687,683,120,88,-1,-1,-1,-1
5, 19670.jpg,4,1221,631,77,144,-1,-1,-1,-1
5, 19670.jpg,5,1148,662,60,172,-1,-1,-1,-1
5, 19670.jpg,6,1124,546,56,152,-1,-1,-1,-1
5, 19670.jpg,7,894,641,132,144,-1,-1,-1,-1
5, 19670.jpg,8,1036,498,70,125,-1,-1,-1,-1
5, 19670.jpg,9,1468,562,53,145,-1,-1,-1,-1
5, 19670.jpg,10,701,520,95,106,-1,-1,-1,-1
5, 19670.jpg,11,1042,503,40,124,-1,-1,-1,-1
5, 19670.jpg,12,630,650,87,137,-1,-1,-1,-1
6, 19671.jpg,1,1190,485,85,150,-1,-1,-1,-1
6, 19671.jpg,3,678,698,104,76,-1,-1,-1,-1
6, 19671.jpg,4,1212,625,81,152,-1,-1,-1,-1
6, 19671.jpg,5,1143,665,58,165,-1,-1,-1,-1
6, 19671.jpg,6,1118,546,56,155,-1,-1,-1,-1
6, 19671.jpg,7,881,642,131,145,-1,-1,-1,-1
6, 19671.jpg,8,1036,499,65,115,-1,-1,-1,-1
6, 19671.jpg,9,1458,565,54,144,-1,-1,-1,-1
6, 19671.jpg,10,699,517,96,108,-1,-1,-1,-1
6, 19671.jpg,11,1027,507,40,124,-1,-1,-1,-1
6, 19671.jpg,12,610,649,89,140,-1,-1,-1,-1
7, 19672.jpg,1,1190,488,81,142,-1,-1,-1,-1
7, 19672.jpg,3,671,700,102,75,-1,-1,-1,-1
7, 19672.jpg,4,1209,633,77,144,-1,-1,-1,-1
7, 19672.jpg,5,1138,663,59,166,-1,-1,-1,-1
7, 19672.jpg,6,1111,550,55,150,-1,-1,-1,-1
7, 19672.jpg,7,867,641,131,146,-1,-1,-1,-1
7, 19672.jpg,8,1032,499,67,119,-1,-1,-1,-1
7, 19672.jpg,9,1450,569,54,143,-1,-1,-1,-1
7, 19672.jpg,10,702,517,95,108,-1,-1,-1,-1
7, 19672.jpg,11,1021,507,40,124,-1,-1,-1,-1
7, 19672.jpg,12,597,650,89,141,-1,-1,-1,-1
8, 19673.jpg,1,1195,495,74,130,-1,-1,-1,-1
8, 19673.jpg,3,666,696,104,79,-1,-1,-1,-1
8, 19673.jpg,4,1204,632,79,147,-1,-1,-1,-1
8, 19673.jpg,5,1130,660,59,167,-1,-1,-1,-1
8, 19673.jpg,6,1107,551,52,144,-1,-1,-1,-1
8, 19673.jpg,7,855,640,130,150,-1,-1,-1,-1
8, 19673.jpg,8,1025,500,63,114,-1,-1,-1,-1
8, 19673.jpg,9,1444,574,54,142,-1,-1,-1,-1
8, 19673.jpg,10,704,517,95,110,-1,-1,-1,-1
8, 19673.jpg,11,991,510,43,129,-1,-1,-1,-1
8, 19673.jpg,12,582,650,88,141,-1,-1,-1,-1
9, 19674.jpg,1,1193,500,73,128,-1,-1,-1,-1
9, 19674.jpg,3,659,693,107,82,-1,-1,-1,-1
9, 19674.jpg,4,1200,635,79,147,-1,-1,-1,-1
9, 19674.jpg,5,1124,659,60,166,-1,-1,-1,-1
9, 19674.jpg,6,1099,551,55,150,-1,-1,-1,-1
9, 19674.jpg,7,847,640,128,150,-1,-1,-1,-1
9, 19674.jpg,8,1012,499,61,110,-1,-1,-1,-1
9, 19674.jpg,9,1436,578,53,137,-1,-1,-1,-1
9, 19674.jpg,10,708,518,93,108,-1,-1,-1,-1
9, 19674.jpg,11,993,505,47,127,-1,-1,-1,-1
9, 19674.jpg,12,564,648,90,146,-1,-1,-1,-1
10, 19675.jpg,1,1189,528,82,144,-1,-1,-1,-1
10, 19675.jpg,3,657,692,100,79,-1,-1,-1,-1
10, 19675.jpg,4,1186,610,93,175,-1,-1,-1,-1
10, 19675.jpg,5,1120,656,60,166,-1,-1,-1,-1
10, 19675.jpg,6,1094,555,53,144,-1,-1,-1,-1
10, 19675.jpg,7,836,640,125,152,-1,-1,-1,-1
10, 19675.jpg,8,1006,499,60,108,-1,-1,-1,-1
10, 19675.jpg,9,1429,581,53,137,-1,-1,-1,-1
10, 19675.jpg,10,710,518,92,108,-1,-1,-1,-1
10, 19675.jpg,11,974,508,50,130,-1,-1,-1,-1
10, 19675.jpg,12,548,647,92,149,-1,-1,-1,-1
11, 19676.jpg,1,1186,546,87,154,-1,-1,-1,-1
11, 19676.jpg,3,653,702,91,71,-1,-1,-1,-1
11, 19676.jpg,4,1180,608,95,179,-1,-1,-1,-1
11, 19676.jpg,5,1114,654,61,167,-1,-1,-1,-1
11, 19676.jpg,6,1088,562,50,137,-1,-1,-1,-1
11, 19676.jpg,7,830,641,121,153,-1,-1,-1,-1
11, 19676.jpg,9,1423,582,54,137,-1,-1,-1,-1
11, 19676.jpg,10,709,515,97,116,-1,-1,-1,-1
11, 19676.jpg,11,959,510,52,132,-1,-1,-1,-1
11, 19676.jpg,12,536,651,91,148,-1,-1,-1,-1
12, 19677.jpg,1,1178,540,86,154,-1,-1,-1,-1
12, 19677.jpg,3,647,700,93,74,-1,-1,-1,-1
12, 19677.jpg,4,1182,635,83,154,-1,-1,-1,-1
12, 19677.jpg,5,1111,655,63,165,-1,-1,-1,-1
12, 19677.jpg,6,1082,563,49,132,-1,-1,-1,-1
12, 19677.jpg,7,824,641,120,157,-1,-1,-1,-1
12, 19677.jpg,9,1418,585,54,133,-1,-1,-1,-1
12, 19677.jpg,10,707,514,100,119,-1,-1,-1,-1
12, 19677.jpg,11,962,502,56,132,-1,-1,-1,-1
12, 19677.jpg,12,524,653,94,150,-1,-1,-1,-1
13, 19678.jpg,1,1179,551,77,141,-1,-1,-1,-1
13, 19678.jpg,3,643,701,91,74,-1,-1,-1,-1
13, 19678.jpg,4,1181,622,90,167,-1,-1,-1,-1
13, 19678.jpg,5,1103,650,66,169,-1,-1,-1,-1
13, 19678.jpg,6,1076,563,49,131,-1,-1,-1,-1
13, 19678.jpg,7,818,640,118,159,-1,-1,-1,-1
13, 19678.jpg,9,1414,585,55,135,-1,-1,-1,-1
13, 19678.jpg,10,704,512,103,123,-1,-1,-1,-1
13, 19678.jpg,11,954,499,60,136,-1,-1,-1,-1
13, 19678.jpg,12,515,656,93,147,-1,-1,-1,-1
14, 19679.jpg,1,1171,532,70,130,-1,-1,-1,-1
14, 19679.jpg,3,639,704,91,76,-1,-1,-1,-1
14, 19679.jpg,4,1165,606,95,179,-1,-1,-1,-1
14, 19679.jpg,5,1122,650,67,160,-1,-1,-1,-1
14, 19679.jpg,6,1072,566,51,135,-1,-1,-1,-1
14, 19679.jpg,7,813,639,114,160,-1,-1,-1,-1
14, 19679.jpg,9,1410,584,56,136,-1,-1,-1,-1
14, 19679.jpg,10,706,510,102,123,-1,-1,-1,-1
14, 19679.jpg,11,945,496,64,140,-1,-1,-1,-1
14, 19679.jpg,12,504,656,94,149,-1,-1,-1,-1
15, 19680.jpg,1,1166,528,65,122,-1,-1,-1,-1
15, 19680.jpg,3,633,705,90,76,-1,-1,-1,-1
15, 19680.jpg,4,1178,626,86,163,-1,-1,-1,-1
15, 19680.jpg,5,1102,654,70,162,-1,-1,-1,-1
15, 19680.jpg,6,1066,574,50,132,-1,-1,-1,-1
15, 19680.jpg,7,811,637,111,162,-1,-1,-1,-1
15, 19680.jpg,9,1408,582,56,138,-1,-1,-1,-1
15, 19680.jpg,10,705,508,105,127,-1,-1,-1,-1
15, 19680.jpg,11,935,494,66,144,-1,-1,-1,-1
15, 19680.jpg,12,491,656,93,150,-1,-1,-1,-1
16, 19681.jpg,1,1153,518,68,130,-1,-1,-1,-1
16, 19681.jpg,3,631,706,89,77,-1,-1,-1,-1
16, 19681.jpg,4,1189,633,82,158,-1,-1,-1,-1
16, 19681.jpg,5,1092,655,74,163,-1,-1,-1,-1
16, 19681.jpg,6,1062,578,51,128,-1,-1,-1,-1
16, 19681.jpg,7,808,634,109,165,-1,-1,-1,-1
16, 19681.jpg,9,1406,580,58,141,-1,-1,-1,-1
16, 19681.jpg,10,701,503,109,133,-1,-1,-1,-1
16, 19681.jpg,11,923,499,65,145,-1,-1,-1,-1
16, 19681.jpg,12,481,657,92,151,-1,-1,-1,-1
17, 19682.jpg,1,1153,518,64,125,-1,-1,-1,-1
17, 19682.jpg,3,627,707,88,78,-1,-1,-1,-1
17, 19682.jpg,4,1193,630,82,160,-1,-1,-1,-1
17, 19682.jpg,5,1088,657,75,160,-1,-1,-1,-1
17, 19682.jpg,6,1061,575,54,136,-1,-1,-1,-1
17, 19682.jpg,7,805,631,106,167,-1,-1,-1,-1
17, 19682.jpg,9,1405,577,60,144,-1,-1,-1,-1
17, 19682.jpg,10,704,498,110,135,-1,-1,-1,-1
17, 19682.jpg,11,914,494,69,156,-1,-1,-1,-1
17, 19682.jpg,12,472,657,88,151,-1,-1,-1,-1
18, 19683.jpg,1,1146,513,58,113,-1,-1,-1,-1
18, 19683.jpg,3,623,707,87,78,-1,-1,-1,-1
18, 19683.jpg,4,1199,632,78,153,-1,-1,-1,-1
18, 19683.jpg,5,1084,659,78,158,-1,-1,-1,-1
18, 19683.jpg,6,1060,573,56,140,-1,-1,-1,-1
18, 19683.jpg,7,801,627,106,173,-1,-1,-1,-1
18, 19683.jpg,9,1405,575,60,145,-1,-1,-1,-1
18, 19683.jpg,10,706,495,108,135,-1,-1,-1,-1
18, 19683.jpg,11,907,501,67,155,-1,-1,-1,-1
18, 19683.jpg,12,458,655,88,155,-1,-1,-1,-1
19, 19684.jpg,1,1142,513,57,111,-1,-1,-1,-1
19, 19684.jpg,3,619,704,88,81,-1,-1,-1,-1
19, 19684.jpg,4,1201,631,77,155,-1,-1,-1,-1
19, 19684.jpg,5,1077,662,80,154,-1,-1,-1,-1
19, 19684.jpg,6,1058,574,58,140,-1,-1,-1,-1
19, 19684.jpg,7,800,624,102,174,-1,-1,-1,-1
19, 19684.jpg,9,1406,574,60,145,-1,-1,-1,-1
19, 19684.jpg,10,708,493,107,136,-1,-1,-1,-1
19, 19684.jpg,11,901,496,66,158,-1,-1,-1,-1
19, 19684.jpg,12,447,653,87,159,-1,-1,-1,-1
19, 19684.jpg,15,1139,518,79,166,-1,-1,-1,-1
20, 19685.jpg,3,612,699,91,87,-1,-1,-1,-1
20, 19685.jpg,4,1203,631,78,158,-1,-1,-1,-1
20, 19685.jpg,5,1073,663,83,153,-1,-1,-1,-1
20, 19685.jpg,6,1061,574,59,142,-1,-1,-1,-1
20, 19685.jpg,7,799,625,99,173,-1,-1,-1,-1
20, 19685.jpg,9,1406,575,61,144,-1,-1,-1,-1
20, 19685.jpg,10,709,493,106,134,-1,-1,-1,-1
20, 19685.jpg,11,896,496,63,151,-1,-1,-1,-1
20, 19685.jpg,12,434,655,88,163,-1,-1,-1,-1
20, 19685.jpg,15,1128,518,79,165,-1,-1,-1,-1
21, 19686.jpg,3,608,696,89,87,-1,-1,-1,-1
21, 19686.jpg,4,1205,632,79,161,-1,-1,-1,-1
21, 19686.jpg,5,1072,663,85,152,-1,-1,-1,-1
21, 19686.jpg,6,1061,577,57,140,-1,-1,-1,-1
21, 19686.jpg,7,798,625,96,173,-1,-1,-1,-1
21, 19686.jpg,9,1406,577,61,145,-1,-1,-1,-1
21, 19686.jpg,10,710,490,106,136,-1,-1,-1,-1
21, 19686.jpg,11,891,497,63,154,-1,-1,-1,-1
21, 19686.jpg,12,422,654,88,167,-1,-1,-1,-1
21, 19686.jpg,15,1123,515,75,156,-1,-1,-1,-1
22, 19687.jpg,3,605,691,89,88,-1,-1,-1,-1
22, 19687.jpg,4,1212,635,77,154,-1,-1,-1,-1
22, 19687.jpg,5,1072,656,88,159,-1,-1,-1,-1
22, 19687.jpg,6,1077,567,60,145,-1,-1,-1,-1
22, 19687.jpg,7,796,626,94,174,-1,-1,-1,-1
22, 19687.jpg,9,1405,580,62,144,-1,-1,-1,-1
22, 19687.jpg,10,711,491,109,139,-1,-1,-1,-1
22, 19687.jpg,11,886,496,65,160,-1,-1,-1,-1
22, 19687.jpg,12,411,658,89,168,-1,-1,-1,-1
22, 19687.jpg,15,1121,515,69,141,-1,-1,-1,-1
23, 19688.jpg,3,599,687,90,91,-1,-1,-1,-1
23, 19688.jpg,4,1219,638,79,148,-1,-1,-1,-1
23, 19688.jpg,5,1074,658,88,156,-1,-1,-1,-1
23, 19688.jpg,6,1076,567,61,146,-1,-1,-1,-1
23, 19688.jpg,7,795,628,92,172,-1,-1,-1,-1
23, 19688.jpg,9,1404,584,60,139,-1,-1,-1,-1
23, 19688.jpg,10,715,492,111,143,-1,-1,-1,-1
23, 19688.jpg,11,880,496,68,165,-1,-1,-1,-1
23, 19688.jpg,12,400,661,90,169,-1,-1,-1,-1
23, 19688.jpg,15,1099,530,74,148,-1,-1,-1,-1
24, 19689.jpg,1,1102,517,55,106,-1,-1,-1,-1
24, 19689.jpg,3,598,690,85,87,-1,-1,-1,-1
24, 19689.jpg,4,1225,641,81,143,-1,-1,-1,-1
24, 19689.jpg,5,1077,657,87,156,-1,-1,-1,-1
24, 19689.jpg,7,795,634,90,167,-1,-1,-1,-1
24, 19689.jpg,8,868,487,62,112,-1,-1,-1,-1
24, 19689.jpg,9,1401,588,60,135,-1,-1,-1,-1
24, 19689.jpg,10,721,497,109,140,-1,-1,-1,-1
24, 19689.jpg,11,873,495,68,168,-1,-1,-1,-1
24, 19689.jpg,12,394,665,88,167,-1,-1,-1,-1
24, 19689.jpg,15,1091,537,74,143,-1,-1,-1,-1
25, 19690.jpg,1,1096,517,54,105,-1,-1,-1,-1
25, 19690.jpg,3,593,685,89,91,-1,-1,-1,-1
25, 19690.jpg,4,1226,643,85,142,-1,-1,-1,-1
25, 19690.jpg,5,1080,656,88,160,-1,-1,-1,-1
25, 19690.jpg,6,1079,537,55,133,-1,-1,-1,-1
25, 19690.jpg,7,792,636,91,166,-1,-1,-1,-1
25, 19690.jpg,8,860,488,63,113,-1,-1,-1,-1
25, 19690.jpg,9,1397,589,61,134,-1,-1,-1,-1
25, 19690.jpg,10,728,504,104,135,-1,-1,-1,-1
25, 19690.jpg,11,873,497,67,166,-1,-1,-1,-1
25, 19690.jpg,12,387,670,86,163,-1,-1,-1,-1
25, 19690.jpg,15,1081,555,74,140,-1,-1,-1,-1
26, 19691.jpg,1,1104,523,59,114,-1,-1,-1,-1
26, 19691.jpg,3,590,686,87,91,-1,-1,-1,-1
26, 19691.jpg,4,1224,646,88,139,-1,-1,-1,-1
26, 19691.jpg,5,1082,655,89,165,-1,-1,-1,-1
26, 19691.jpg,6,1080,524,51,122,-1,-1,-1,-1
26, 19691.jpg,7,790,639,93,166,-1,-1,-1,-1
26, 19691.jpg,8,851,487,63,114,-1,-1,-1,-1
26, 19691.jpg,9,1393,589,62,135,-1,-1,-1,-1
26, 19691.jpg,10,735,512,98,128,-1,-1,-1,-1
26, 19691.jpg,11,871,505,67,161,-1,-1,-1,-1
26, 19691.jpg,12,381,672,85,164,-1,-1,-1,-1
26, 19691.jpg,15,1071,549,79,149,-1,-1,-1,-1
27, 19692.jpg,1,1099,524,59,114,-1,-1,-1,-1
27, 19692.jpg,3,586,690,84,88,-1,-1,-1,-1
27, 19692.jpg,4,1225,647,90,140,-1,-1,-1,-1
27, 19692.jpg,5,1085,654,88,167,-1,-1,-1,-1
27, 19692.jpg,6,1079,520,51,121,-1,-1,-1,-1
27, 19692.jpg,7,788,641,95,165,-1,-1,-1,-1
27, 19692.jpg,8,852,480,60,107,-1,-1,-1,-1
27, 19692.jpg,9,1386,591,64,136,-1,-1,-1,-1
27, 19692.jpg,10,743,521,93,122,-1,-1,-1,-1
27, 19692.jpg,11,870,513,65,153,-1,-1,-1,-1
27, 19692.jpg,12,375,673,83,163,-1,-1,-1,-1
27, 19692.jpg,15,1067,543,82,152,-1,-1,-1,-1
28, 19693.jpg,1,1085,526,62,121,-1,-1,-1,-1
28, 19693.jpg,3,582,688,86,92,-1,-1,-1,-1
28, 19693.jpg,4,1223,648,93,139,-1,-1,-1,-1
28, 19693.jpg,5,1088,655,87,169,-1,-1,-1,-1
28, 19693.jpg,6,1091,524,44,110,-1,-1,-1,-1
28, 19693.jpg,7,787,640,98,167,-1,-1,-1,-1
28, 19693.jpg,8,848,478,60,107,-1,-1,-1,-1
28, 19693.jpg,9,1384,593,67,135,-1,-1,-1,-1
28, 19693.jpg,10,748,528,90,121,-1,-1,-1,-1
28, 19693.jpg,11,870,530,63,140,-1,-1,-1,-1
28, 19693.jpg,12,369,674,81,164,-1,-1,-1,-1
28, 19693.jpg,15,1054,543,70,131,-1,-1,-1,-1
28, 19693.jpg,16,157,485,65,128,-1,-1,-1,-1
29, 19694.jpg,1,1079,527,63,121,-1,-1,-1,-1
29, 19694.jpg,3,578,686,89,97,-1,-1,-1,-1
29, 19694.jpg,4,1218,647,93,139,-1,-1,-1,-1
29, 19694.jpg,5,1092,654,86,174,-1,-1,-1,-1
29, 19694.jpg,6,1089,522,44,109,-1,-1,-1,-1
29, 19694.jpg,7,785,639,99,166,-1,-1,-1,-1
29, 19694.jpg,8,848,477,57,104,-1,-1,-1,-1
29, 19694.jpg,9,1375,595,71,135,-1,-1,-1,-1
29, 19694.jpg,10,755,533,85,117,-1,-1,-1,-1
29, 19694.jpg,11,870,536,65,137,-1,-1,-1,-1
29, 19694.jpg,12,364,672,79,165,-1,-1,-1,-1
29, 19694.jpg,15,1046,544,65,124,-1,-1,-1,-1
29, 19694.jpg,16,153,486,65,128,-1,-1,-1,-1
30, 19695.jpg,3,573,683,89,99,-1,-1,-1,-1
30, 19695.jpg,4,1215,647,95,139,-1,-1,-1,-1
30, 19695.jpg,5,1100,659,82,169,-1,-1,-1,-1
30, 19695.jpg,6,1090,520,43,106,-1,-1,-1,-1
30, 19695.jpg,7,784,637,100,166,-1,-1,-1,-1
30, 19695.jpg,8,844,479,56,103,-1,-1,-1,-1
30, 19695.jpg,9,1370,599,72,131,-1,-1,-1,-1
30, 19695.jpg,10,757,536,81,117,-1,-1,-1,-1
30, 19695.jpg,11,867,536,69,140,-1,-1,-1,-1
30, 19695.jpg,12,358,671,78,167,-1,-1,-1,-1
30, 19695.jpg,15,1052,543,66,121,-1,-1,-1,-1
31, 19696.jpg,3,571,683,87,99,-1,-1,-1,-1
31, 19696.jpg,4,1212,647,95,137,-1,-1,-1,-1
31, 19696.jpg,5,1105,664,80,163,-1,-1,-1,-1
31, 19696.jpg,7,789,635,102,169,-1,-1,-1,-1
31, 19696.jpg,8,844,477,59,112,-1,-1,-1,-1
31, 19696.jpg,9,1363,599,76,133,-1,-1,-1,-1
31, 19696.jpg,10,761,537,78,115,-1,-1,-1,-1
31, 19696.jpg,11,865,536,73,144,-1,-1,-1,-1
31, 19696.jpg,12,351,674,74,163,-1,-1,-1,-1
31, 19696.jpg,15,1053,540,68,122,-1,-1,-1,-1
31, 19696.jpg,16,146,485,65,131,-1,-1,-1,-1
32, 19697.jpg,3,566,679,89,104,-1,-1,-1,-1
32, 19697.jpg,4,1208,648,94,134,-1,-1,-1,-1
32, 19697.jpg,5,1109,670,77,157,-1,-1,-1,-1
32, 19697.jpg,6,1094,533,47,116,-1,-1,-1,-1
32, 19697.jpg,7,793,633,101,171,-1,-1,-1,-1
32, 19697.jpg,8,842,476,58,110,-1,-1,-1,-1
32, 19697.jpg,9,1351,599,79,133,-1,-1,-1,-1
32, 19697.jpg,10,763,538,78,117,-1,-1,-1,-1
32, 19697.jpg,11,864,538,73,140,-1,-1,-1,-1
32, 19697.jpg,12,342,673,75,165,-1,-1,-1,-1
32, 19697.jpg,15,1045,542,65,115,-1,-1,-1,-1
32, 19697.jpg,16,143,486,64,128,-1,-1,-1,-1
33, 19698.jpg,3,567,679,84,101,-1,-1,-1,-1
33, 19698.jpg,4,1205,649,94,132,-1,-1,-1,-1
33, 19698.jpg,5,1111,674,77,154,-1,-1,-1,-1
33, 19698.jpg,6,1095,533,47,115,-1,-1,-1,-1
33, 19698.jpg,7,799,633,98,171,-1,-1,-1,-1
33, 19698.jpg,8,838,479,58,110,-1,-1,-1,-1
33, 19698.jpg,9,1341,601,82,135,-1,-1,-1,-1
33, 19698.jpg,10,765,538,79,120,-1,-1,-1,-1
33, 19698.jpg,11,864,538,75,141,-1,-1,-1,-1
33, 19698.jpg,12,336,679,76,162,-1,-1,-1,-1
33, 19698.jpg,15,1040,542,67,114,-1,-1,-1,-1
33, 19698.jpg,16,140,486,64,128,-1,-1,-1,-1
34, 19699.jpg,3,566,677,83,102,-1,-1,-1,-1
34, 19699.jpg,4,1205,648,94,131,-1,-1,-1,-1
34, 19699.jpg,5,1113,672,79,156,-1,-1,-1,-1
34, 19699.jpg,7,802,631,98,174,-1,-1,-1,-1
34, 19699.jpg,8,842,482,54,103,-1,-1,-1,-1
34, 19699.jpg,9,1334,606,80,131,-1,-1,-1,-1
34, 19699.jpg,10,767,539,78,121,-1,-1,-1,-1
34, 19699.jpg,11,869,542,74,140,-1,-1,-1,-1
34, 19699.jpg,12,331,683,79,162,-1,-1,-1,-1
34, 19699.jpg,15,1036,545,69,113,-1,-1,-1,-1
34, 19699.jpg,16,136,486,64,128,-1,-1,-1,-1
34, 19699.jpg,18,1112,597,54,118,-1,-1,-1,-1
35, 19700.jpg,1,1086,561,71,132,-1,-1,-1,-1
35, 19700.jpg,3,562,675,81,100,-1,-1,-1,-1
35, 19700.jpg,4,1203,648,95,133,-1,-1,-1,-1
35, 19700.jpg,5,1111,672,84,159,-1,-1,-1,-1
35, 19700.jpg,7,809,631,94,172,-1,-1,-1,-1
35, 19700.jpg,8,839,485,56,104,-1,-1,-1,-1
35, 19700.jpg,9,1325,612,78,128,-1,-1,-1,-1
35, 19700.jpg,10,769,542,78,121,-1,-1,-1,-1
35, 19700.jpg,11,872,540,75,144,-1,-1,-1,-1
35, 19700.jpg,12,327,687,80,157,-1,-1,-1,-1
35, 19700.jpg,15,1031,546,68,110,-1,-1,-1,-1
35, 19700.jpg,18,1112,593,52,113,-1,-1,-1,-1
36, 19701.jpg,1,1084,564,71,133,-1,-1,-1,-1
36, 19701.jpg,3,561,674,77,98,-1,-1,-1,-1
36, 19701.jpg,4,1201,646,96,134,-1,-1,-1,-1
36, 19701.jpg,5,1115,679,81,150,-1,-1,-1,-1
36, 19701.jpg,7,815,631,89,169,-1,-1,-1,-1
36, 19701.jpg,8,840,485,55,102,-1,-1,-1,-1
36, 19701.jpg,9,1316,617,76,125,-1,-1,-1,-1
36, 19701.jpg,10,773,546,76,121,-1,-1,-1,-1
36, 19701.jpg,11,873,542,76,145,-1,-1,-1,-1
36, 19701.jpg,12,321,691,83,155,-1,-1,-1,-1
36, 19701.jpg,15,1030,547,72,112,-1,-1,-1,-1
36, 19701.jpg,16,130,487,66,130,-1,-1,-1,-1
36, 19701.jpg,18,1117,594,60,129,-1,-1,-1,-1
37, 19702.jpg,1,1088,554,71,125,-1,-1,-1,-1
37, 19702.jpg,3,559,672,75,98,-1,-1,-1,-1
37, 19702.jpg,4,1201,643,96,134,-1,-1,-1,-1
37, 19702.jpg,5,1118,677,85,154,-1,-1,-1,-1
37, 19702.jpg,7,821,633,86,166,-1,-1,-1,-1
37, 19702.jpg,8,840,486,56,102,-1,-1,-1,-1
37, 19702.jpg,9,1311,622,76,126,-1,-1,-1,-1
37, 19702.jpg,10,772,548,79,125,-1,-1,-1,-1
37, 19702.jpg,11,874,542,75,145,-1,-1,-1,-1
37, 19702.jpg,12,321,695,84,150,-1,-1,-1,-1
37, 19702.jpg,15,1032,545,76,113,-1,-1,-1,-1
37, 19702.jpg,16,128,486,66,132,-1,-1,-1,-1
37, 19702.jpg,18,1126,600,57,123,-1,-1,-1,-1
38, 19703.jpg,1,1090,551,81,141,-1,-1,-1,-1
38, 19703.jpg,3,558,672,72,96,-1,-1,-1,-1
38, 19703.jpg,4,1220,639,95,133,-1,-1,-1,-1
38, 19703.jpg,5,1126,681,85,153,-1,-1,-1,-1
38, 19703.jpg,7,819,634,87,169,-1,-1,-1,-1
38, 19703.jpg,8,837,489,58,104,-1,-1,-1,-1
38, 19703.jpg,9,1301,625,75,125,-1,-1,-1,-1
38, 19703.jpg,10,772,549,79,127,-1,-1,-1,-1
38, 19703.jpg,11,875,543,74,146,-1,-1,-1,-1
38, 19703.jpg,12,320,696,87,148,-1,-1,-1,-1
38, 19703.jpg,15,1029,546,75,111,-1,-1,-1,-1
38, 19703.jpg,16,126,485,66,134,-1,-1,-1,-1
38, 19703.jpg,18,1127,598,62,132,-1,-1,-1,-1
39, 19704.jpg,1,1097,557,86,146,-1,-1,-1,-1
39, 19704.jpg,3,556,670,73,98,-1,-1,-1,-1
39, 19704.jpg,4,1242,639,92,130,-1,-1,-1,-1
39, 19704.jpg,5,1134,680,86,157,-1,-1,-1,-1
39, 19704.jpg,6,1082,529,58,131,-1,-1,-1,-1
39, 19704.jpg,7,827,633,85,166,-1,-1,-1,-1
39, 19704.jpg,8,838,487,61,109,-1,-1,-1,-1
39, 19704.jpg,9,1295,628,74,124,-1,-1,-1,-1
39, 19704.jpg,10,771,550,78,127,-1,-1,-1,-1
39, 19704.jpg,11,877,547,72,144,-1,-1,-1,-1
39, 19704.jpg,12,318,694,91,150,-1,-1,-1,-1
39, 19704.jpg,16,124,485,67,134,-1,-1,-1,-1
39, 19704.jpg,18,1130,597,62,134,-1,-1,-1,-1
39, 19704.jpg,21,979,549,65,126,-1,-1,-1,-1
40, 19705.jpg,1,1097,559,87,148,-1,-1,-1,-1
40, 19705.jpg,3,554,666,75,102,-1,-1,-1,-1
40, 19705.jpg,4,1226,639,91,131,-1,-1,-1,-1
40, 19705.jpg,5,1136,650,85,157,-1,-1,-1,-1
40, 19705.jpg,6,1088,527,62,135,-1,-1,-1,-1
40, 19705.jpg,7,831,635,84,165,-1,-1,-1,-1
40, 19705.jpg,8,835,487,64,113,-1,-1,-1,-1
40, 19705.jpg,9,1293,638,70,118,-1,-1,-1,-1
40, 19705.jpg,10,771,550,79,130,-1,-1,-1,-1
40, 19705.jpg,11,879,550,69,140,-1,-1,-1,-1
40, 19705.jpg,12,322,694,93,151,-1,-1,-1,-1
40, 19705.jpg,16,123,485,67,133,-1,-1,-1,-1
40, 19705.jpg,21,976,549,66,129,-1,-1,-1,-1
