2, 19832.jpg,2,982,569,70,156,-1,-1,-1,-1
2, 19832.jpg,3,901,668,56,170,-1,-1,-1,-1
2, 19832.jpg,4,528,691,108,131,-1,-1,-1,-1
2, 19832.jpg,5,1047,528,64,121,-1,-1,-1,-1
2, 19832.jpg,6,536,551,70,112,-1,-1,-1,-1
2, 19832.jpg,7,1406,598,57,130,-1,-1,-1,-1
2, 19832.jpg,8,1171,610,59,160,-1,-1,-1,-1
2, 19832.jpg,9,302,622,72,124,-1,-1,-1,-1
2, 19832.jpg,10,1060,703,93,198,-1,-1,-1,-1
3, 19833.jpg,2,977,574,73,163,-1,-1,-1,-1
3, 19833.jpg,3,904,666,57,172,-1,-1,-1,-1
3, 19833.jpg,4,533,696,106,127,-1,-1,-1,-1
3, 19833.jpg,5,1047,553,57,108,-1,-1,-1,-1
3, 19833.jpg,6,547,552,69,110,-1,-1,-1,-1
3, 19833.jpg,7,1411,597,60,134,-1,-1,-1,-1
3, 19833.jpg,8,1178,611,57,155,-1,-1,-1,-1
3, 19833.jpg,9,307,619,75,127,-1,-1,-1,-1
3, 19833.jpg,10,1063,688,97,208,-1,-1,-1,-1
3, 19833.jpg,11,911,587,53,126,-1,-1,-1,-1
4, 19834.jpg,2,978,581,73,163,-1,-1,-1,-1
4, 19834.jpg,3,910,661,58,176,-1,-1,-1,-1
4, 19834.jpg,4,536,698,109,130,-1,-1,-1,-1
4, 19834.jpg,5,1046,566,54,104,-1,-1,-1,-1
4, 19834.jpg,6,555,551,71,111,-1,-1,-1,-1
4, 19834.jpg,7,1416,601,61,135,-1,-1,-1,-1
4, 19834.jpg,8,1186,611,55,152,-1,-1,-1,-1
4, 19834.jpg,9,314,617,73,124,-1,-1,-1,-1
4, 19834.jpg,10,1067,679,96,206,-1,-1,-1,-1
4, 19834.jpg,11,912,582,60,145,-1,-1,-1,-1
4, 19834.jpg,12,898,523,48,109,-1,-1,-1,-1
5, 19835.jpg,2,982,589,70,160,-1,-1,-1,-1
5, 19835.jpg,3,914,659,59,179,-1,-1,-1,-1
5, 19835.jpg,4,547,695,110,130,-1,-1,-1,-1
5, 19835.jpg,6,565,549,74,111,-1,-1,-1,-1
5, 19835.jpg,7,1421,602,62,140,-1,-1,-1,-1
5, 19835.jpg,8,1190,610,55,151,-1,-1,-1,-1
5, 19835.jpg,9,321,613,74,126,-1,-1,-1,-1
5, 19835.jpg,10,1074,671,95,203,-1,-1,-1,-1
5, 19835.jpg,11,912,590,65,157,-1,-1,-1,-1
5, 19835.jpg,12,900,524,44,101,-1,-1,-1,-1
5, 19835.jpg,13,1051,502,65,144,-1,-1,-1,-1
6, 19836.jpg,2,986,596,67,153,-1,-1,-1,-1
6, 19836.jpg,3,915,634,64,196,-1,-1,-1,-1
6, 19836.jpg,4,555,690,118,138,-1,-1,-1,-1
6, 19836.jpg,6,573,548,79,114,-1,-1,-1,-1
6, 19836.jpg,7,1428,608,63,140,-1,-1,-1,-1
6, 19836.jpg,8,1193,609,55,152,-1,-1,-1,-1
6, 19836.jpg,9,327,610,77,130,-1,-1,-1,-1
6, 19836.jpg,10,1075,659,98,207,-1,-1,-1,-1
6, 19836.jpg,11,914,591,67,161,-1,-1,-1,-1
6, 19836.jpg,12,903,527,45,103,-1,-1,-1,-1
6, 19836.jpg,13,1052,497,73,162,-1,-1,-1,-1
7, 19837.jpg,2,994,600,64,146,-1,-1,-1,-1
7, 19837.jpg,3,922,628,64,194,-1,-1,-1,-1
7, 19837.jpg,4,564,685,125,144,-1,-1,-1,-1
7, 19837.jpg,6,580,546,81,114,-1,-1,-1,-1
7, 19837.jpg,7,1434,611,62,139,-1,-1,-1,-1
7, 19837.jpg,8,1202,609,56,152,-1,-1,-1,-1
7, 19837.jpg,9,331,605,80,136,-1,-1,-1,-1
7, 19837.jpg,10,1080,655,94,195,-1,-1,-1,-1
7, 19837.jpg,11,918,556,63,152,-1,-1,-1,-1
7, 19837.jpg,12,905,528,44,101,-1,-1,-1,-1
7, 19837.jpg,13,1059,503,71,158,-1,-1,-1,-1
8, 19838.jpg,2,1006,604,61,136,-1,-1,-1,-1
8, 19838.jpg,3,932,628,62,185,-1,-1,-1,-1
8, 19838.jpg,4,578,682,124,142,-1,-1,-1,-1
8, 19838.jpg,6,587,544,83,115,-1,-1,-1,-1
8, 19838.jpg,7,1443,613,62,140,-1,-1,-1,-1
8, 19838.jpg,8,1213,610,55,153,-1,-1,-1,-1
8, 19838.jpg,9,338,601,80,136,-1,-1,-1,-1
8, 19838.jpg,10,1078,645,96,198,-1,-1,-1,-1
8, 19838.jpg,11,925,547,67,161,-1,-1,-1,-1
8, 19838.jpg,13,1061,495,73,159,-1,-1,-1,-1
9, 19839.jpg,2,1012,605,58,128,-1,-1,-1,-1
9, 19839.jpg,3,938,624,61,183,-1,-1,-1,-1
9, 19839.jpg,4,594,677,128,147,-1,-1,-1,-1
9, 19839.jpg,6,599,541,84,115,-1,-1,-1,-1
9, 19839.jpg,7,1449,615,60,137,-1,-1,-1,-1
9, 19839.jpg,8,1218,610,55,153,-1,-1,-1,-1
9, 19839.jpg,9,349,597,78,131,-1,-1,-1,-1
9, 19839.jpg,10,1075,635,99,202,-1,-1,-1,-1
9, 19839.jpg,11,930,549,61,146,-1,-1,-1,-1
9, 19839.jpg,13,1068,494,72,155,-1,-1,-1,-1
10, 19840.jpg,2,1025,604,56,123,-1,-1,-1,-1
10, 19840.jpg,3,956,626,59,178,-1,-1,-1,-1
10, 19840.jpg,4,628,675,124,146,-1,-1,-1,-1
10, 19840.jpg,6,617,538,84,117,-1,-1,-1,-1
10, 19840.jpg,7,1460,616,61,139,-1,-1,-1,-1
10, 19840.jpg,8,1232,609,55,155,-1,-1,-1,-1
10, 19840.jpg,9,363,590,77,131,-1,-1,-1,-1
10, 19840.jpg,10,1077,633,94,195,-1,-1,-1,-1
10, 19840.jpg,11,942,549,60,139,-1,-1,-1,-1
10, 19840.jpg,12,903,518,54,119,-1,-1,-1,-1
10, 19840.jpg,13,1070,489,69,146,-1,-1,-1,-1
11, 19841.jpg,2,1030,596,56,124,-1,-1,-1,-1
11, 19841.jpg,3,975,613,60,176,-1,-1,-1,-1
11, 19841.jpg,4,649,676,123,148,-1,-1,-1,-1
11, 19841.jpg,6,632,537,84,116,-1,-1,-1,-1
11, 19841.jpg,7,1468,614,61,141,-1,-1,-1,-1
11, 19841.jpg,8,1242,611,56,157,-1,-1,-1,-1
11, 19841.jpg,9,377,588,75,125,-1,-1,-1,-1
11, 19841.jpg,10,1081,633,92,192,-1,-1,-1,-1
11, 19841.jpg,11,942,553,60,129,-1,-1,-1,-1
11, 19841.jpg,12,900,515,57,124,-1,-1,-1,-1
11, 19841.jpg,13,1078,487,65,135,-1,-1,-1,-1
12, 19842.jpg,2,1036,594,55,125,-1,-1,-1,-1
12, 19842.jpg,3,973,617,62,178,-1,-1,-1,-1
12, 19842.jpg,4,668,677,118,149,-1,-1,-1,-1
12, 19842.jpg,6,646,536,85,117,-1,-1,-1,-1
12, 19842.jpg,7,1475,614,60,140,-1,-1,-1,-1
12, 19842.jpg,8,1251,612,57,159,-1,-1,-1,-1
12, 19842.jpg,9,390,585,73,123,-1,-1,-1,-1
12, 19842.jpg,10,1085,633,90,192,-1,-1,-1,-1
12, 19842.jpg,11,946,550,60,128,-1,-1,-1,-1
12, 19842.jpg,12,907,527,60,125,-1,-1,-1,-1
12, 19842.jpg,13,1079,485,65,135,-1,-1,-1,-1
13, 19843.jpg,2,1047,592,56,126,-1,-1,-1,-1
13, 19843.jpg,3,978,620,64,182,-1,-1,-1,-1
13, 19843.jpg,4,688,678,117,150,-1,-1,-1,-1
13, 19843.jpg,6,660,537,84,115,-1,-1,-1,-1
13, 19843.jpg,7,1481,614,62,141,-1,-1,-1,-1
13, 19843.jpg,8,1260,613,56,158,-1,-1,-1,-1
13, 19843.jpg,9,401,583,72,120,-1,-1,-1,-1
13, 19843.jpg,10,1090,637,87,189,-1,-1,-1,-1
13, 19843.jpg,12,912,531,61,126,-1,-1,-1,-1
13, 19843.jpg,13,1085,485,64,132,-1,-1,-1,-1
13, 19843.jpg,15,1138,556,56,95,-1,-1,-1,-1
14, 19844.jpg,2,1055,588,54,127,-1,-1,-1,-1
14, 19844.jpg,3,978,625,68,183,-1,-1,-1,-1
14, 19844.jpg,4,703,683,114,150,-1,-1,-1,-1
14, 19844.jpg,6,671,540,79,108,-1,-1,-1,-1
14, 19844.jpg,7,1484,616,63,143,-1,-1,-1,-1
14, 19844.jpg,8,1268,615,55,156,-1,-1,-1,-1
14, 19844.jpg,9,412,584,69,116,-1,-1,-1,-1
14, 19844.jpg,10,1094,645,84,184,-1,-1,-1,-1
14, 19844.jpg,11,943,546,63,127,-1,-1,-1,-1
14, 19844.jpg,12,904,523,59,121,-1,-1,-1,-1
14, 19844.jpg,13,1090,483,64,133,-1,-1,-1,-1
14, 19844.jpg,15,1143,551,60,102,-1,-1,-1,-1
15, 19845.jpg,2,1060,583,56,134,-1,-1,-1,-1
15, 19845.jpg,3,982,631,69,175,-1,-1,-1,-1
15, 19845.jpg,4,715,686,112,152,-1,-1,-1,-1
15, 19845.jpg,6,680,543,77,105,-1,-1,-1,-1
15, 19845.jpg,7,1487,618,64,143,-1,-1,-1,-1
15, 19845.jpg,8,1276,620,55,154,-1,-1,-1,-1
15, 19845.jpg,9,421,583,68,113,-1,-1,-1,-1
15, 19845.jpg,10,1100,652,81,179,-1,-1,-1,-1
15, 19845.jpg,11,945,549,63,125,-1,-1,-1,-1
15, 19845.jpg,12,899,519,58,119,-1,-1,-1,-1
15, 19845.jpg,13,1095,480,63,133,-1,-1,-1,-1
15, 19845.jpg,15,1152,547,61,106,-1,-1,-1,-1
16, 19846.jpg,2,1065,579,59,144,-1,-1,-1,-1
16, 19846.jpg,3,982,636,74,173,-1,-1,-1,-1
16, 19846.jpg,4,724,687,110,156,-1,-1,-1,-1
16, 19846.jpg,6,688,549,73,99,-1,-1,-1,-1
16, 19846.jpg,7,1490,622,65,143,-1,-1,-1,-1
16, 19846.jpg,8,1282,625,56,152,-1,-1,-1,-1
16, 19846.jpg,9,426,580,71,116,-1,-1,-1,-1
16, 19846.jpg,10,1099,657,81,178,-1,-1,-1,-1
16, 19846.jpg,11,946,548,63,125,-1,-1,-1,-1
16, 19846.jpg,12,897,518,57,117,-1,-1,-1,-1
16, 19846.jpg,13,1098,478,64,135,-1,-1,-1,-1
16, 19846.jpg,15,1159,546,63,109,-1,-1,-1,-1
17, 19847.jpg,2,1068,579,59,144,-1,-1,-1,-1
17, 19847.jpg,3,988,636,73,172,-1,-1,-1,-1
17, 19847.jpg,4,731,685,108,159,-1,-1,-1,-1
17, 19847.jpg,6,701,557,71,91,-1,-1,-1,-1
17, 19847.jpg,7,1493,625,65,145,-1,-1,-1,-1
17, 19847.jpg,8,1287,630,55,150,-1,-1,-1,-1
17, 19847.jpg,9,433,581,70,115,-1,-1,-1,-1
17, 19847.jpg,10,1063,665,85,173,-1,-1,-1,-1
17, 19847.jpg,11,949,546,62,123,-1,-1,-1,-1
17, 19847.jpg,12,896,517,59,118,-1,-1,-1,-1
17, 19847.jpg,13,1102,479,65,137,-1,-1,-1,-1
17, 19847.jpg,15,1164,545,65,113,-1,-1,-1,-1
18, 19848.jpg,2,1075,579,55,138,-1,-1,-1,-1
18, 19848.jpg,4,739,684,102,159,-1,-1,-1,-1
18, 19848.jpg,5,910,538,67,125,-1,-1,-1,-1
18, 19848.jpg,6,707,568,66,82,-1,-1,-1,-1
18, 19848.jpg,7,1497,631,66,144,-1,-1,-1,-1
18, 19848.jpg,8,1291,636,55,147,-1,-1,-1,-1
18, 19848.jpg,9,436,582,69,112,-1,-1,-1,-1
18, 19848.jpg,10,1082,673,87,173,-1,-1,-1,-1
18, 19848.jpg,13,1105,480,64,134,-1,-1,-1,-1
18, 19848.jpg,15,1172,543,64,113,-1,-1,-1,-1
19, 19849.jpg,2,1079,579,54,139,-1,-1,-1,-1
19, 19849.jpg,3,989,654,77,172,-1,-1,-1,-1
19, 19849.jpg,4,745,682,99,161,-1,-1,-1,-1
19, 19849.jpg,5,903,537,67,124,-1,-1,-1,-1
19, 19849.jpg,6,705,580,64,77,-1,-1,-1,-1
19, 19849.jpg,7,1498,632,68,147,-1,-1,-1,-1
19, 19849.jpg,8,1293,640,55,145,-1,-1,-1,-1
19, 19849.jpg,9,438,581,70,112,-1,-1,-1,-1
19, 19849.jpg,10,1089,680,87,171,-1,-1,-1,-1
19, 19849.jpg,13,1106,482,64,134,-1,-1,-1,-1
19, 19849.jpg,15,1181,545,64,113,-1,-1,-1,-1
20, 19850.jpg,2,1081,580,54,140,-1,-1,-1,-1
20, 19850.jpg,3,994,655,77,172,-1,-1,-1,-1
20, 19850.jpg,4,751,680,92,156,-1,-1,-1,-1
20, 19850.jpg,5,902,541,72,126,-1,-1,-1,-1
20, 19850.jpg,6,710,590,58,63,-1,-1,-1,-1
20, 19850.jpg,7,1500,631,69,150,-1,-1,-1,-1
20, 19850.jpg,8,1294,641,57,147,-1,-1,-1,-1
20, 19850.jpg,9,439,577,74,118,-1,-1,-1,-1
20, 19850.jpg,10,1055,690,87,164,-1,-1,-1,-1
20, 19850.jpg,11,936,549,59,120,-1,-1,-1,-1
20, 19850.jpg,13,1108,484,65,137,-1,-1,-1,-1
20, 19850.jpg,15,1187,545,66,115,-1,-1,-1,-1
21, 19851.jpg,2,1083,579,54,139,-1,-1,-1,-1
21, 19851.jpg,3,996,672,74,160,-1,-1,-1,-1
21, 19851.jpg,4,757,678,87,153,-1,-1,-1,-1
21, 19851.jpg,5,895,541,72,127,-1,-1,-1,-1
21, 19851.jpg,6,719,595,53,58,-1,-1,-1,-1
21, 19851.jpg,7,1500,628,69,150,-1,-1,-1,-1
21, 19851.jpg,8,1296,644,56,144,-1,-1,-1,-1
21, 19851.jpg,9,439,574,76,122,-1,-1,-1,-1
21, 19851.jpg,10,1080,694,86,159,-1,-1,-1,-1
21, 19851.jpg,11,925,548,63,123,-1,-1,-1,-1
21, 19851.jpg,13,1111,491,64,133,-1,-1,-1,-1
21, 19851.jpg,15,1192,547,67,116,-1,-1,-1,-1
22, 19852.jpg,2,1084,576,54,141,-1,-1,-1,-1
22, 19852.jpg,3,1001,686,70,151,-1,-1,-1,-1
22, 19852.jpg,4,760,675,84,152,-1,-1,-1,-1
22, 19852.jpg,5,893,545,74,126,-1,-1,-1,-1
22, 19852.jpg,7,1497,626,71,153,-1,-1,-1,-1
22, 19852.jpg,8,1296,648,56,139,-1,-1,-1,-1
22, 19852.jpg,9,440,574,75,121,-1,-1,-1,-1
22, 19852.jpg,10,1088,699,86,156,-1,-1,-1,-1
22, 19852.jpg,11,925,547,62,122,-1,-1,-1,-1
22, 19852.jpg,12,872,536,61,122,-1,-1,-1,-1
22, 19852.jpg,13,1113,499,62,129,-1,-1,-1,-1
22, 19852.jpg,15,1193,548,69,117,-1,-1,-1,-1
23, 19853.jpg,2,1084,575,55,142,-1,-1,-1,-1
23, 19853.jpg,3,1005,693,70,154,-1,-1,-1,-1
23, 19853.jpg,4,763,672,85,157,-1,-1,-1,-1
23, 19853.jpg,5,885,544,74,123,-1,-1,-1,-1
23, 19853.jpg,7,1496,623,72,154,-1,-1,-1,-1
23, 19853.jpg,8,1294,651,56,138,-1,-1,-1,-1
23, 19853.jpg,9,439,571,77,124,-1,-1,-1,-1
23, 19853.jpg,10,1090,702,85,154,-1,-1,-1,-1
23, 19853.jpg,12,870,538,62,122,-1,-1,-1,-1
23, 19853.jpg,13,1116,505,59,122,-1,-1,-1,-1
23, 19853.jpg,15,1193,549,71,117,-1,-1,-1,-1
24, 19854.jpg,2,1084,574,55,143,-1,-1,-1,-1
24, 19854.jpg,3,1006,698,72,161,-1,-1,-1,-1
24, 19854.jpg,4,766,672,84,156,-1,-1,-1,-1
24, 19854.jpg,5,884,545,74,122,-1,-1,-1,-1
24, 19854.jpg,7,1492,621,73,157,-1,-1,-1,-1
24, 19854.jpg,8,1293,655,55,132,-1,-1,-1,-1
24, 19854.jpg,9,440,569,76,126,-1,-1,-1,-1
24, 19854.jpg,10,1090,702,86,155,-1,-1,-1,-1
24, 19854.jpg,13,1117,509,58,119,-1,-1,-1,-1
24, 19854.jpg,15,1190,549,76,122,-1,-1,-1,-1
24, 19854.jpg,18,648,590,138,72,-1,-1,-1,-1
25, 19855.jpg,2,1085,575,54,142,-1,-1,-1,-1
25, 19855.jpg,3,1003,697,75,177,-1,-1,-1,-1
25, 19855.jpg,4,768,674,81,152,-1,-1,-1,-1
25, 19855.jpg,5,891,544,78,130,-1,-1,-1,-1
25, 19855.jpg,7,1488,619,71,155,-1,-1,-1,-1
25, 19855.jpg,8,1291,660,54,127,-1,-1,-1,-1
25, 19855.jpg,9,445,570,71,120,-1,-1,-1,-1
25, 19855.jpg,10,1090,701,87,156,-1,-1,-1,-1
25, 19855.jpg,12,860,541,61,122,-1,-1,-1,-1
25, 19855.jpg,13,1118,512,57,116,-1,-1,-1,-1
25, 19855.jpg,15,1191,551,79,121,-1,-1,-1,-1
25, 19855.jpg,18,643,592,140,72,-1,-1,-1,-1
26, 19856.jpg,2,1083,574,56,146,-1,-1,-1,-1
26, 19856.jpg,3,1000,696,75,185,-1,-1,-1,-1
26, 19856.jpg,4,769,676,81,151,-1,-1,-1,-1
26, 19856.jpg,5,893,541,81,136,-1,-1,-1,-1
26, 19856.jpg,7,1483,620,70,152,-1,-1,-1,-1
26, 19856.jpg,8,1289,662,54,125,-1,-1,-1,-1
26, 19856.jpg,9,447,570,69,120,-1,-1,-1,-1
26, 19856.jpg,10,1089,699,90,158,-1,-1,-1,-1
26, 19856.jpg,12,853,543,59,119,-1,-1,-1,-1
26, 19856.jpg,13,1120,515,56,114,-1,-1,-1,-1
26, 19856.jpg,15,1192,551,82,124,-1,-1,-1,-1
27, 19857.jpg,2,1081,573,58,152,-1,-1,-1,-1
27, 19857.jpg,3,998,697,73,187,-1,-1,-1,-1
27, 19857.jpg,4,768,679,81,149,-1,-1,-1,-1
27, 19857.jpg,5,896,542,78,135,-1,-1,-1,-1
27, 19857.jpg,7,1478,622,69,149,-1,-1,-1,-1
27, 19857.jpg,8,1286,666,54,123,-1,-1,-1,-1
27, 19857.jpg,9,448,571,69,120,-1,-1,-1,-1
27, 19857.jpg,10,1088,699,93,159,-1,-1,-1,-1
27, 19857.jpg,12,849,543,58,118,-1,-1,-1,-1
27, 19857.jpg,13,1120,517,56,114,-1,-1,-1,-1
27, 19857.jpg,15,1193,547,87,131,-1,-1,-1,-1
28, 19858.jpg,2,1079,575,57,150,-1,-1,-1,-1
28, 19858.jpg,3,992,696,75,195,-1,-1,-1,-1
28, 19858.jpg,4,764,681,81,148,-1,-1,-1,-1
28, 19858.jpg,5,887,542,79,136,-1,-1,-1,-1
28, 19858.jpg,7,1473,627,69,146,-1,-1,-1,-1
28, 19858.jpg,8,1283,672,53,117,-1,-1,-1,-1
28, 19858.jpg,9,448,571,69,123,-1,-1,-1,-1
28, 19858.jpg,10,1085,691,97,166,-1,-1,-1,-1
28, 19858.jpg,12,844,540,60,123,-1,-1,-1,-1
28, 19858.jpg,13,1117,519,57,116,-1,-1,-1,-1
28, 19858.jpg,15,1199,547,85,128,-1,-1,-1,-1
29, 19859.jpg,2,1075,578,57,150,-1,-1,-1,-1
29, 19859.jpg,3,987,698,73,193,-1,-1,-1,-1
29, 19859.jpg,4,762,683,83,151,-1,-1,-1,-1
29, 19859.jpg,5,884,541,79,137,-1,-1,-1,-1
29, 19859.jpg,7,1464,631,68,142,-1,-1,-1,-1
29, 19859.jpg,8,1279,676,53,115,-1,-1,-1,-1
29, 19859.jpg,9,444,572,70,125,-1,-1,-1,-1
29, 19859.jpg,10,1084,685,99,169,-1,-1,-1,-1
29, 19859.jpg,12,841,538,60,127,-1,-1,-1,-1
29, 19859.jpg,13,1113,520,57,116,-1,-1,-1,-1
29, 19859.jpg,15,1204,545,85,130,-1,-1,-1,-1
29, 19859.jpg,19,1264,792,94,190,-1,-1,-1,-1
30, 19860.jpg,2,1073,580,56,148,-1,-1,-1,-1
30, 19860.jpg,3,981,698,70,192,-1,-1,-1,-1
30, 19860.jpg,4,757,683,86,152,-1,-1,-1,-1
30, 19860.jpg,5,864,542,78,133,-1,-1,-1,-1
30, 19860.jpg,7,1456,635,70,142,-1,-1,-1,-1
30, 19860.jpg,8,1273,679,56,116,-1,-1,-1,-1
30, 19860.jpg,9,442,573,70,126,-1,-1,-1,-1
30, 19860.jpg,10,1082,678,103,176,-1,-1,-1,-1
30, 19860.jpg,12,837,539,61,128,-1,-1,-1,-1
30, 19860.jpg,13,1110,519,58,119,-1,-1,-1,-1
30, 19860.jpg,15,1210,543,83,133,-1,-1,-1,-1
30, 19860.jpg,19,1262,794,93,189,-1,-1,-1,-1
30, 19860.jpg,20,621,614,93,65,-1,-1,-1,-1
31, 19861.jpg,2,1069,578,58,152,-1,-1,-1,-1
31, 19861.jpg,3,976,699,68,188,-1,-1,-1,-1
31, 19861.jpg,4,751,683,86,152,-1,-1,-1,-1
31, 19861.jpg,5,864,541,82,139,-1,-1,-1,-1
31, 19861.jpg,7,1449,643,70,136,-1,-1,-1,-1
31, 19861.jpg,8,1272,687,54,109,-1,-1,-1,-1
31, 19861.jpg,9,440,574,69,126,-1,-1,-1,-1
31, 19861.jpg,10,1086,671,102,180,-1,-1,-1,-1
31, 19861.jpg,12,830,536,61,131,-1,-1,-1,-1
31, 19861.jpg,13,1106,516,62,127,-1,-1,-1,-1
31, 19861.jpg,15,1215,542,83,135,-1,-1,-1,-1
31, 19861.jpg,20,605,610,98,68,-1,-1,-1,-1
32, 19862.jpg,2,1063,576,58,152,-1,-1,-1,-1
32, 19862.jpg,3,970,697,69,196,-1,-1,-1,-1
32, 19862.jpg,4,745,683,86,151,-1,-1,-1,-1
32, 19862.jpg,5,864,541,81,139,-1,-1,-1,-1
32, 19862.jpg,7,1440,647,72,135,-1,-1,-1,-1
32, 19862.jpg,8,1265,693,56,110,-1,-1,-1,-1
32, 19862.jpg,9,434,578,66,124,-1,-1,-1,-1
32, 19862.jpg,10,1088,661,104,189,-1,-1,-1,-1
32, 19862.jpg,12,825,533,62,136,-1,-1,-1,-1
32, 19862.jpg,13,1100,515,62,128,-1,-1,-1,-1
32, 19862.jpg,15,1219,541,82,139,-1,-1,-1,-1
32, 19862.jpg,20,588,601,112,80,-1,-1,-1,-1
33, 19863.jpg,2,1058,577,58,153,-1,-1,-1,-1
33, 19863.jpg,3,962,697,68,197,-1,-1,-1,-1
33, 19863.jpg,4,738,681,87,151,-1,-1,-1,-1
33, 19863.jpg,5,862,542,82,142,-1,-1,-1,-1
33, 19863.jpg,7,1434,653,73,132,-1,-1,-1,-1
33, 19863.jpg,8,1263,698,55,106,-1,-1,-1,-1
33, 19863.jpg,9,431,580,66,125,-1,-1,-1,-1
33, 19863.jpg,10,1091,657,102,192,-1,-1,-1,-1
33, 19863.jpg,12,820,533,61,133,-1,-1,-1,-1
33, 19863.jpg,13,1096,515,64,129,-1,-1,-1,-1
33, 19863.jpg,15,1223,542,79,139,-1,-1,-1,-1
33, 19863.jpg,20,577,597,110,80,-1,-1,-1,-1
34, 19864.jpg,2,1054,580,59,152,-1,-1,-1,-1
34, 19864.jpg,3,954,699,68,195,-1,-1,-1,-1
34, 19864.jpg,4,728,677,90,155,-1,-1,-1,-1
34, 19864.jpg,5,858,543,83,145,-1,-1,-1,-1
34, 19864.jpg,7,1427,654,74,132,-1,-1,-1,-1
34, 19864.jpg,8,1262,703,53,100,-1,-1,-1,-1
34, 19864.jpg,9,427,582,65,124,-1,-1,-1,-1
34, 19864.jpg,10,1093,653,100,193,-1,-1,-1,-1
34, 19864.jpg,12,814,531,61,136,-1,-1,-1,-1
34, 19864.jpg,13,1094,517,62,126,-1,-1,-1,-1
34, 19864.jpg,15,1226,542,78,141,-1,-1,-1,-1
34, 19864.jpg,20,568,597,113,83,-1,-1,-1,-1
34, 19864.jpg,21,204,496,59,120,-1,-1,-1,-1
35, 19865.jpg,2,1052,582,58,153,-1,-1,-1,-1
35, 19865.jpg,3,946,700,67,195,-1,-1,-1,-1
35, 19865.jpg,4,719,673,92,160,-1,-1,-1,-1
35, 19865.jpg,5,853,543,84,147,-1,-1,-1,-1
35, 19865.jpg,7,1422,659,76,131,-1,-1,-1,-1
35, 19865.jpg,8,1260,704,51,94,-1,-1,-1,-1
35, 19865.jpg,9,421,581,66,128,-1,-1,-1,-1
35, 19865.jpg,10,1097,651,97,191,-1,-1,-1,-1
35, 19865.jpg,12,807,531,61,138,-1,-1,-1,-1
35, 19865.jpg,13,1091,521,61,123,-1,-1,-1,-1
35, 19865.jpg,15,1230,546,75,140,-1,-1,-1,-1
35, 19865.jpg,20,563,602,110,82,-1,-1,-1,-1
35, 19865.jpg,21,207,499,56,112,-1,-1,-1,-1
36, 19866.jpg,2,1049,586,57,150,-1,-1,-1,-1
36, 19866.jpg,3,939,707,66,190,-1,-1,-1,-1
36, 19866.jpg,4,712,671,94,163,-1,-1,-1,-1
36, 19866.jpg,5,850,542,84,148,-1,-1,-1,-1
36, 19866.jpg,7,1413,659,77,128,-1,-1,-1,-1
36, 19866.jpg,8,1254,704,58,103,-1,-1,-1,-1
36, 19866.jpg,9,413,580,66,126,-1,-1,-1,-1
36, 19866.jpg,10,1101,650,93,190,-1,-1,-1,-1
36, 19866.jpg,12,804,532,59,136,-1,-1,-1,-1
36, 19866.jpg,13,1084,528,61,122,-1,-1,-1,-1
36, 19866.jpg,15,1235,548,74,137,-1,-1,-1,-1
36, 19866.jpg,18,561,630,120,63,-1,-1,-1,-1
36, 19866.jpg,20,552,601,115,85,-1,-1,-1,-1
36, 19866.jpg,21,208,500,55,110,-1,-1,-1,-1
37, 19867.jpg,2,1045,589,58,149,-1,-1,-1,-1
37, 19867.jpg,3,933,711,66,188,-1,-1,-1,-1
37, 19867.jpg,4,705,669,95,165,-1,-1,-1,-1
37, 19867.jpg,5,847,544,84,148,-1,-1,-1,-1
37, 19867.jpg,7,1408,660,78,127,-1,-1,-1,-1
37, 19867.jpg,8,1246,705,57,101,-1,-1,-1,-1
37, 19867.jpg,9,405,578,68,130,-1,-1,-1,-1
37, 19867.jpg,10,1103,651,90,188,-1,-1,-1,-1
37, 19867.jpg,12,798,533,57,133,-1,-1,-1,-1
37, 19867.jpg,13,1080,535,60,119,-1,-1,-1,-1
37, 19867.jpg,15,1238,552,73,134,-1,-1,-1,-1
37, 19867.jpg,18,554,633,119,62,-1,-1,-1,-1
37, 19867.jpg,19,1220,788,94,185,-1,-1,-1,-1
37, 19867.jpg,20,546,610,105,79,-1,-1,-1,-1
38, 19868.jpg,2,1055,571,58,147,-1,-1,-1,-1
38, 19868.jpg,3,927,718,65,183,-1,-1,-1,-1
38, 19868.jpg,4,697,667,93,167,-1,-1,-1,-1
38, 19868.jpg,5,842,545,82,146,-1,-1,-1,-1
38, 19868.jpg,7,1401,659,83,131,-1,-1,-1,-1
38, 19868.jpg,8,1241,704,59,101,-1,-1,-1,-1
38, 19868.jpg,9,395,576,67,129,-1,-1,-1,-1
38, 19868.jpg,10,1106,651,88,188,-1,-1,-1,-1
38, 19868.jpg,12,792,534,55,132,-1,-1,-1,-1
38, 19868.jpg,13,1078,538,60,117,-1,-1,-1,-1
38, 19868.jpg,15,1238,554,75,134,-1,-1,-1,-1
38, 19868.jpg,19,1215,788,93,184,-1,-1,-1,-1
38, 19868.jpg,20,538,619,99,74,-1,-1,-1,-1
39, 19869.jpg,2,1058,566,59,146,-1,-1,-1,-1
39, 19869.jpg,3,922,724,63,176,-1,-1,-1,-1
39, 19869.jpg,4,688,666,94,171,-1,-1,-1,-1
39, 19869.jpg,5,839,546,81,147,-1,-1,-1,-1
39, 19869.jpg,7,1398,661,83,129,-1,-1,-1,-1
39, 19869.jpg,8,1236,700,62,106,-1,-1,-1,-1
39, 19869.jpg,9,385,572,71,136,-1,-1,-1,-1
39, 19869.jpg,10,1109,655,84,183,-1,-1,-1,-1
39, 19869.jpg,12,787,534,54,132,-1,-1,-1,-1
39, 19869.jpg,15,1239,554,78,137,-1,-1,-1,-1
39, 19869.jpg,18,523,630,123,66,-1,-1,-1,-1
39, 19869.jpg,20,528,620,100,75,-1,-1,-1,-1
40, 19870.jpg,2,1056,566,62,151,-1,-1,-1,-1
40, 19870.jpg,3,917,726,63,175,-1,-1,-1,-1
40, 19870.jpg,4,683,666,93,173,-1,-1,-1,-1
40, 19870.jpg,5,836,547,82,147,-1,-1,-1,-1
40, 19870.jpg,7,1394,661,85,129,-1,-1,-1,-1
40, 19870.jpg,8,1233,693,66,114,-1,-1,-1,-1
40, 19870.jpg,9,378,568,74,145,-1,-1,-1,-1
40, 19870.jpg,10,1111,657,84,181,-1,-1,-1,-1
40, 19870.jpg,12,784,533,56,137,-1,-1,-1,-1
40, 19870.jpg,15,1239,557,80,135,-1,-1,-1,-1
40, 19870.jpg,18,514,632,123,66,-1,-1,-1,-1
40, 19870.jpg,20,517,624,94,72,-1,-1,-1,-1
