2, 12282.jpg,1,630,354,36,88,-1,-1,-1,-1
2, 12282.jpg,2,785,399,32,97,-1,-1,-1,-1
2, 12282.jpg,4,778,328,40,86,-1,-1,-1,-1
2, 12282.jpg,5,986,356,39,76,-1,-1,-1,-1
2, 12282.jpg,6,481,406,40,97,-1,-1,-1,-1
2, 12282.jpg,7,331,339,39,72,-1,-1,-1,-1
2, 12282.jpg,8,311,390,31,73,-1,-1,-1,-1
2, 12282.jpg,9,364,436,60,107,-1,-1,-1,-1
2, 12282.jpg,10,266,439,46,85,-1,-1,-1,-1
2, 12282.jpg,11,100,457,61,106,-1,-1,-1,-1
3, 12283.jpg,1,630,352,37,91,-1,-1,-1,-1
3, 12283.jpg,2,789,396,33,97,-1,-1,-1,-1
3, 12283.jpg,4,785,328,40,89,-1,-1,-1,-1
3, 12283.jpg,5,989,352,41,81,-1,-1,-1,-1
3, 12283.jpg,6,485,405,38,94,-1,-1,-1,-1
3, 12283.jpg,7,336,341,39,70,-1,-1,-1,-1
3, 12283.jpg,8,315,389,31,72,-1,-1,-1,-1
3, 12283.jpg,9,375,436,61,108,-1,-1,-1,-1
3, 12283.jpg,10,269,436,45,86,-1,-1,-1,-1
3, 12283.jpg,11,103,456,62,108,-1,-1,-1,-1
4, 12284.jpg,1,633,353,38,94,-1,-1,-1,-1
4, 12284.jpg,2,795,398,32,95,-1,-1,-1,-1
4, 12284.jpg,4,790,327,41,90,-1,-1,-1,-1
4, 12284.jpg,5,991,352,42,82,-1,-1,-1,-1
4, 12284.jpg,6,489,403,37,91,-1,-1,-1,-1
4, 12284.jpg,7,339,340,39,72,-1,-1,-1,-1
4, 12284.jpg,8,316,388,32,72,-1,-1,-1,-1
4, 12284.jpg,9,386,435,60,106,-1,-1,-1,-1
4, 12284.jpg,10,270,433,46,87,-1,-1,-1,-1
4, 12284.jpg,11,107,455,61,107,-1,-1,-1,-1
4, 12284.jpg,12,645,402,38,96,-1,-1,-1,-1
5, 12285.jpg,1,632,353,39,94,-1,-1,-1,-1
5, 12285.jpg,2,800,400,32,94,-1,-1,-1,-1
5, 12285.jpg,4,799,327,40,91,-1,-1,-1,-1
5, 12285.jpg,5,992,354,42,80,-1,-1,-1,-1
5, 12285.jpg,6,492,402,38,93,-1,-1,-1,-1
5, 12285.jpg,7,342,339,40,73,-1,-1,-1,-1
5, 12285.jpg,8,314,388,32,72,-1,-1,-1,-1
5, 12285.jpg,9,400,436,58,104,-1,-1,-1,-1
5, 12285.jpg,10,273,430,47,88,-1,-1,-1,-1
5, 12285.jpg,11,111,453,62,109,-1,-1,-1,-1
5, 12285.jpg,12,650,404,39,98,-1,-1,-1,-1
5, 12285.jpg,13,661,352,36,92,-1,-1,-1,-1
6, 12286.jpg,2,805,397,32,96,-1,-1,-1,-1
6, 12286.jpg,4,806,328,38,88,-1,-1,-1,-1
6, 12286.jpg,5,994,355,42,82,-1,-1,-1,-1
6, 12286.jpg,6,496,400,40,96,-1,-1,-1,-1
6, 12286.jpg,7,345,336,42,76,-1,-1,-1,-1
6, 12286.jpg,8,315,386,33,73,-1,-1,-1,-1
6, 12286.jpg,9,412,435,59,108,-1,-1,-1,-1
6, 12286.jpg,10,277,427,46,89,-1,-1,-1,-1
6, 12286.jpg,11,115,451,63,112,-1,-1,-1,-1
6, 12286.jpg,12,653,403,39,98,-1,-1,-1,-1
6, 12286.jpg,13,662,352,37,91,-1,-1,-1,-1
7, 12287.jpg,1,645,353,39,97,-1,-1,-1,-1
7, 12287.jpg,2,811,400,32,96,-1,-1,-1,-1
7, 12287.jpg,4,811,329,39,89,-1,-1,-1,-1
7, 12287.jpg,5,997,353,44,85,-1,-1,-1,-1
7, 12287.jpg,6,499,398,40,96,-1,-1,-1,-1
7, 12287.jpg,7,349,333,43,79,-1,-1,-1,-1
7, 12287.jpg,8,315,386,33,72,-1,-1,-1,-1
7, 12287.jpg,9,424,433,59,110,-1,-1,-1,-1
7, 12287.jpg,10,280,424,46,88,-1,-1,-1,-1
7, 12287.jpg,11,118,450,63,113,-1,-1,-1,-1
7, 12287.jpg,12,660,401,39,100,-1,-1,-1,-1
7, 12287.jpg,13,679,354,36,91,-1,-1,-1,-1
8, 12288.jpg,1,647,353,39,98,-1,-1,-1,-1
8, 12288.jpg,2,816,401,31,94,-1,-1,-1,-1
8, 12288.jpg,4,818,328,39,91,-1,-1,-1,-1
8, 12288.jpg,5,999,352,45,86,-1,-1,-1,-1
8, 12288.jpg,6,501,395,40,99,-1,-1,-1,-1
8, 12288.jpg,7,355,331,44,80,-1,-1,-1,-1
8, 12288.jpg,8,317,385,32,72,-1,-1,-1,-1
8, 12288.jpg,9,435,429,61,113,-1,-1,-1,-1
8, 12288.jpg,10,292,410,47,89,-1,-1,-1,-1
8, 12288.jpg,11,121,448,62,114,-1,-1,-1,-1
8, 12288.jpg,12,663,403,40,99,-1,-1,-1,-1
8, 12288.jpg,13,678,363,38,96,-1,-1,-1,-1
9, 12289.jpg,1,656,358,37,91,-1,-1,-1,-1
9, 12289.jpg,2,821,398,32,99,-1,-1,-1,-1
9, 12289.jpg,4,824,325,39,94,-1,-1,-1,-1
9, 12289.jpg,5,999,349,48,92,-1,-1,-1,-1
9, 12289.jpg,6,503,394,40,98,-1,-1,-1,-1
9, 12289.jpg,7,360,328,45,82,-1,-1,-1,-1
9, 12289.jpg,9,446,428,60,112,-1,-1,-1,-1
9, 12289.jpg,10,297,407,47,87,-1,-1,-1,-1
9, 12289.jpg,11,124,447,62,113,-1,-1,-1,-1
9, 12289.jpg,13,680,368,38,95,-1,-1,-1,-1
10, 12290.jpg,1,659,358,37,91,-1,-1,-1,-1
10, 12290.jpg,2,826,399,33,98,-1,-1,-1,-1
10, 12290.jpg,4,831,326,37,89,-1,-1,-1,-1
10, 12290.jpg,5,999,348,50,95,-1,-1,-1,-1
10, 12290.jpg,6,507,392,38,93,-1,-1,-1,-1
10, 12290.jpg,7,365,325,46,83,-1,-1,-1,-1
10, 12290.jpg,8,319,387,34,69,-1,-1,-1,-1
10, 12290.jpg,9,459,426,63,115,-1,-1,-1,-1
10, 12290.jpg,10,296,409,48,88,-1,-1,-1,-1
10, 12290.jpg,11,130,445,62,116,-1,-1,-1,-1
10, 12290.jpg,13,680,373,43,107,-1,-1,-1,-1
11, 12291.jpg,2,831,399,33,97,-1,-1,-1,-1
11, 12291.jpg,4,838,325,37,90,-1,-1,-1,-1
11, 12291.jpg,5,1000,348,51,97,-1,-1,-1,-1
11, 12291.jpg,6,513,390,35,86,-1,-1,-1,-1
11, 12291.jpg,7,370,322,45,83,-1,-1,-1,-1
11, 12291.jpg,8,320,386,34,70,-1,-1,-1,-1
11, 12291.jpg,9,471,427,60,111,-1,-1,-1,-1
11, 12291.jpg,10,304,404,47,83,-1,-1,-1,-1
11, 12291.jpg,11,134,444,62,116,-1,-1,-1,-1
11, 12291.jpg,13,675,378,41,101,-1,-1,-1,-1
12, 12292.jpg,1,680,355,36,89,-1,-1,-1,-1
12, 12292.jpg,2,837,397,33,101,-1,-1,-1,-1
12, 12292.jpg,4,844,325,37,89,-1,-1,-1,-1
12, 12292.jpg,5,1001,349,52,97,-1,-1,-1,-1
12, 12292.jpg,6,516,386,33,84,-1,-1,-1,-1
12, 12292.jpg,7,376,320,45,82,-1,-1,-1,-1
12, 12292.jpg,9,485,426,59,110,-1,-1,-1,-1
12, 12292.jpg,10,308,398,48,86,-1,-1,-1,-1
12, 12292.jpg,11,137,443,62,116,-1,-1,-1,-1
12, 12292.jpg,13,686,381,42,102,-1,-1,-1,-1
13, 12293.jpg,1,678,356,37,91,-1,-1,-1,-1
13, 12293.jpg,2,841,398,34,101,-1,-1,-1,-1
13, 12293.jpg,4,852,325,35,87,-1,-1,-1,-1
13, 12293.jpg,5,1002,349,53,98,-1,-1,-1,-1
13, 12293.jpg,6,515,381,35,90,-1,-1,-1,-1
13, 12293.jpg,7,378,315,46,88,-1,-1,-1,-1
13, 12293.jpg,8,323,383,36,71,-1,-1,-1,-1
13, 12293.jpg,9,497,426,59,109,-1,-1,-1,-1
13, 12293.jpg,10,300,405,51,90,-1,-1,-1,-1
13, 12293.jpg,11,140,443,62,116,-1,-1,-1,-1
13, 12293.jpg,12,699,357,38,92,-1,-1,-1,-1
13, 12293.jpg,13,687,399,40,96,-1,-1,-1,-1
14, 12294.jpg,1,684,360,36,91,-1,-1,-1,-1
14, 12294.jpg,2,846,399,32,98,-1,-1,-1,-1
14, 12294.jpg,4,857,324,36,88,-1,-1,-1,-1
14, 12294.jpg,5,1002,350,54,99,-1,-1,-1,-1
14, 12294.jpg,6,517,385,34,85,-1,-1,-1,-1
14, 12294.jpg,7,384,313,47,90,-1,-1,-1,-1
14, 12294.jpg,8,319,382,40,74,-1,-1,-1,-1
14, 12294.jpg,9,508,432,52,97,-1,-1,-1,-1
14, 12294.jpg,10,298,399,57,100,-1,-1,-1,-1
14, 12294.jpg,11,146,443,61,116,-1,-1,-1,-1
14, 12294.jpg,12,712,349,36,90,-1,-1,-1,-1
14, 12294.jpg,13,689,404,40,96,-1,-1,-1,-1
15, 12295.jpg,1,686,360,36,91,-1,-1,-1,-1
15, 12295.jpg,2,848,400,33,98,-1,-1,-1,-1
15, 12295.jpg,4,860,323,37,90,-1,-1,-1,-1
15, 12295.jpg,5,1003,351,53,99,-1,-1,-1,-1
15, 12295.jpg,6,519,383,34,85,-1,-1,-1,-1
15, 12295.jpg,7,387,310,47,91,-1,-1,-1,-1
15, 12295.jpg,8,317,381,41,74,-1,-1,-1,-1
15, 12295.jpg,9,514,413,55,104,-1,-1,-1,-1
15, 12295.jpg,10,298,395,58,101,-1,-1,-1,-1
15, 12295.jpg,11,149,442,61,117,-1,-1,-1,-1
15, 12295.jpg,12,719,346,35,88,-1,-1,-1,-1
15, 12295.jpg,13,692,404,42,102,-1,-1,-1,-1
16, 12296.jpg,1,689,364,38,96,-1,-1,-1,-1
16, 12296.jpg,2,853,398,34,102,-1,-1,-1,-1
16, 12296.jpg,4,866,322,36,91,-1,-1,-1,-1
16, 12296.jpg,5,1004,351,52,99,-1,-1,-1,-1
16, 12296.jpg,7,390,308,46,90,-1,-1,-1,-1
16, 12296.jpg,8,316,378,41,76,-1,-1,-1,-1
16, 12296.jpg,9,519,402,54,103,-1,-1,-1,-1
16, 12296.jpg,10,294,395,58,105,-1,-1,-1,-1
16, 12296.jpg,11,152,442,60,116,-1,-1,-1,-1
16, 12296.jpg,12,721,343,35,90,-1,-1,-1,-1
16, 12296.jpg,13,694,408,42,103,-1,-1,-1,-1
17, 12297.jpg,1,693,365,38,97,-1,-1,-1,-1
17, 12297.jpg,2,857,399,34,101,-1,-1,-1,-1
17, 12297.jpg,4,871,323,36,89,-1,-1,-1,-1
17, 12297.jpg,5,1007,351,50,99,-1,-1,-1,-1
17, 12297.jpg,7,395,304,44,90,-1,-1,-1,-1
17, 12297.jpg,8,316,377,42,76,-1,-1,-1,-1
17, 12297.jpg,9,524,402,56,104,-1,-1,-1,-1
17, 12297.jpg,10,293,390,59,108,-1,-1,-1,-1
17, 12297.jpg,11,155,442,60,116,-1,-1,-1,-1
17, 12297.jpg,12,716,345,38,93,-1,-1,-1,-1
17, 12297.jpg,13,699,402,43,105,-1,-1,-1,-1
18, 12298.jpg,2,860,398,34,101,-1,-1,-1,-1
18, 12298.jpg,4,874,323,36,88,-1,-1,-1,-1
18, 12298.jpg,5,1008,348,50,100,-1,-1,-1,-1
18, 12298.jpg,6,523,379,33,80,-1,-1,-1,-1
18, 12298.jpg,7,398,301,44,91,-1,-1,-1,-1
18, 12298.jpg,9,540,412,56,104,-1,-1,-1,-1
18, 12298.jpg,10,291,387,58,107,-1,-1,-1,-1
18, 12298.jpg,11,157,441,60,117,-1,-1,-1,-1
18, 12298.jpg,12,714,345,38,91,-1,-1,-1,-1
18, 12298.jpg,13,703,403,41,101,-1,-1,-1,-1
19, 12299.jpg,1,710,379,39,97,-1,-1,-1,-1
19, 12299.jpg,2,863,399,34,100,-1,-1,-1,-1
19, 12299.jpg,4,880,323,35,89,-1,-1,-1,-1
19, 12299.jpg,5,1010,347,50,103,-1,-1,-1,-1
19, 12299.jpg,6,523,381,33,79,-1,-1,-1,-1
19, 12299.jpg,7,403,297,43,93,-1,-1,-1,-1
19, 12299.jpg,9,551,414,58,107,-1,-1,-1,-1
19, 12299.jpg,10,292,383,57,107,-1,-1,-1,-1
19, 12299.jpg,11,161,443,60,115,-1,-1,-1,-1
19, 12299.jpg,12,726,343,37,91,-1,-1,-1,-1
19, 12299.jpg,13,705,406,42,101,-1,-1,-1,-1
20, 12300.jpg,1,713,398,40,99,-1,-1,-1,-1
20, 12300.jpg,2,868,397,34,104,-1,-1,-1,-1
20, 12300.jpg,4,885,324,36,89,-1,-1,-1,-1
20, 12300.jpg,5,1011,346,50,105,-1,-1,-1,-1
20, 12300.jpg,6,524,381,35,80,-1,-1,-1,-1
20, 12300.jpg,7,407,295,43,93,-1,-1,-1,-1
20, 12300.jpg,9,561,416,57,105,-1,-1,-1,-1
20, 12300.jpg,10,293,380,55,106,-1,-1,-1,-1
20, 12300.jpg,11,165,443,59,115,-1,-1,-1,-1
20, 12300.jpg,12,733,342,37,92,-1,-1,-1,-1
21, 12301.jpg,1,720,374,43,104,-1,-1,-1,-1
21, 12301.jpg,2,872,399,34,102,-1,-1,-1,-1
21, 12301.jpg,4,889,323,36,88,-1,-1,-1,-1
21, 12301.jpg,5,1012,346,50,106,-1,-1,-1,-1
21, 12301.jpg,6,525,380,38,87,-1,-1,-1,-1
21, 12301.jpg,7,411,292,41,93,-1,-1,-1,-1
21, 12301.jpg,9,568,415,58,107,-1,-1,-1,-1
21, 12301.jpg,10,293,377,54,105,-1,-1,-1,-1
21, 12301.jpg,11,169,444,58,114,-1,-1,-1,-1
21, 12301.jpg,12,738,340,37,91,-1,-1,-1,-1
22, 12302.jpg,1,717,370,40,97,-1,-1,-1,-1
22, 12302.jpg,2,876,399,34,101,-1,-1,-1,-1
22, 12302.jpg,4,895,324,35,86,-1,-1,-1,-1
22, 12302.jpg,5,1013,348,49,104,-1,-1,-1,-1
22, 12302.jpg,6,528,377,39,89,-1,-1,-1,-1
22, 12302.jpg,7,416,292,40,89,-1,-1,-1,-1
22, 12302.jpg,9,578,417,57,105,-1,-1,-1,-1
22, 12302.jpg,10,292,375,53,105,-1,-1,-1,-1
22, 12302.jpg,11,173,444,57,112,-1,-1,-1,-1
22, 12302.jpg,12,740,341,36,90,-1,-1,-1,-1
23, 12303.jpg,1,714,363,38,95,-1,-1,-1,-1
23, 12303.jpg,2,880,399,33,101,-1,-1,-1,-1
23, 12303.jpg,4,901,324,35,88,-1,-1,-1,-1
23, 12303.jpg,5,1016,349,49,105,-1,-1,-1,-1
23, 12303.jpg,6,530,377,39,89,-1,-1,-1,-1
23, 12303.jpg,7,421,291,39,87,-1,-1,-1,-1
23, 12303.jpg,9,586,420,58,105,-1,-1,-1,-1
23, 12303.jpg,10,292,376,53,104,-1,-1,-1,-1
23, 12303.jpg,11,178,445,58,113,-1,-1,-1,-1
23, 12303.jpg,12,743,341,36,90,-1,-1,-1,-1
23, 12303.jpg,13,722,398,42,104,-1,-1,-1,-1
24, 12304.jpg,1,722,363,39,91,-1,-1,-1,-1
24, 12304.jpg,2,885,400,33,102,-1,-1,-1,-1
24, 12304.jpg,4,905,325,35,87,-1,-1,-1,-1
24, 12304.jpg,5,1019,349,49,105,-1,-1,-1,-1
24, 12304.jpg,6,532,377,41,89,-1,-1,-1,-1
24, 12304.jpg,7,425,292,39,86,-1,-1,-1,-1
24, 12304.jpg,9,592,420,58,105,-1,-1,-1,-1
24, 12304.jpg,10,293,378,51,101,-1,-1,-1,-1
24, 12304.jpg,11,183,445,57,113,-1,-1,-1,-1
24, 12304.jpg,12,747,339,36,90,-1,-1,-1,-1
24, 12304.jpg,13,728,403,42,103,-1,-1,-1,-1
25, 12305.jpg,1,722,361,39,92,-1,-1,-1,-1
25, 12305.jpg,2,889,400,33,102,-1,-1,-1,-1
25, 12305.jpg,4,911,325,34,85,-1,-1,-1,-1
25, 12305.jpg,5,1023,349,48,105,-1,-1,-1,-1
25, 12305.jpg,6,534,377,39,86,-1,-1,-1,-1
25, 12305.jpg,7,430,292,39,85,-1,-1,-1,-1
25, 12305.jpg,9,597,420,57,104,-1,-1,-1,-1
25, 12305.jpg,10,293,380,50,98,-1,-1,-1,-1
25, 12305.jpg,11,187,446,57,111,-1,-1,-1,-1
25, 12305.jpg,12,740,343,38,94,-1,-1,-1,-1
25, 12305.jpg,13,728,397,44,108,-1,-1,-1,-1
26, 12306.jpg,1,728,360,40,95,-1,-1,-1,-1
26, 12306.jpg,2,892,400,33,101,-1,-1,-1,-1
26, 12306.jpg,4,915,325,35,87,-1,-1,-1,-1
26, 12306.jpg,5,1025,350,48,105,-1,-1,-1,-1
26, 12306.jpg,6,537,377,40,86,-1,-1,-1,-1
26, 12306.jpg,7,433,293,40,84,-1,-1,-1,-1
26, 12306.jpg,9,602,419,57,104,-1,-1,-1,-1
26, 12306.jpg,10,294,382,50,96,-1,-1,-1,-1
26, 12306.jpg,11,191,448,57,109,-1,-1,-1,-1
26, 12306.jpg,12,744,340,38,95,-1,-1,-1,-1
26, 12306.jpg,13,731,398,44,109,-1,-1,-1,-1
27, 12307.jpg,1,731,359,41,96,-1,-1,-1,-1
27, 12307.jpg,2,894,401,33,100,-1,-1,-1,-1
27, 12307.jpg,4,919,326,34,86,-1,-1,-1,-1
27, 12307.jpg,5,1026,351,48,105,-1,-1,-1,-1
27, 12307.jpg,6,538,378,42,88,-1,-1,-1,-1
27, 12307.jpg,7,436,294,40,83,-1,-1,-1,-1
27, 12307.jpg,9,605,417,58,106,-1,-1,-1,-1
27, 12307.jpg,10,294,385,51,93,-1,-1,-1,-1
27, 12307.jpg,11,195,452,56,106,-1,-1,-1,-1
27, 12307.jpg,12,739,343,38,88,-1,-1,-1,-1
27, 12307.jpg,13,733,384,45,112,-1,-1,-1,-1
28, 12308.jpg,1,726,362,43,103,-1,-1,-1,-1
28, 12308.jpg,2,896,403,33,100,-1,-1,-1,-1
28, 12308.jpg,4,920,326,36,88,-1,-1,-1,-1
28, 12308.jpg,5,1026,352,47,105,-1,-1,-1,-1
28, 12308.jpg,6,539,378,42,89,-1,-1,-1,-1
28, 12308.jpg,7,438,293,42,83,-1,-1,-1,-1
28, 12308.jpg,9,612,417,57,104,-1,-1,-1,-1
28, 12308.jpg,10,292,386,52,94,-1,-1,-1,-1
28, 12308.jpg,11,199,455,55,104,-1,-1,-1,-1
28, 12308.jpg,12,745,339,34,82,-1,-1,-1,-1
28, 12308.jpg,13,736,400,40,102,-1,-1,-1,-1
29, 12309.jpg,1,728,358,45,110,-1,-1,-1,-1
29, 12309.jpg,2,898,405,32,98,-1,-1,-1,-1
29, 12309.jpg,4,922,327,36,88,-1,-1,-1,-1
29, 12309.jpg,5,1026,352,47,105,-1,-1,-1,-1
29, 12309.jpg,6,539,379,43,90,-1,-1,-1,-1
29, 12309.jpg,7,442,291,42,82,-1,-1,-1,-1
29, 12309.jpg,9,616,418,57,103,-1,-1,-1,-1
29, 12309.jpg,10,292,387,53,93,-1,-1,-1,-1
29, 12309.jpg,11,202,455,55,103,-1,-1,-1,-1
29, 12309.jpg,12,747,337,33,82,-1,-1,-1,-1
29, 12309.jpg,13,739,402,40,101,-1,-1,-1,-1
30, 12310.jpg,1,727,366,42,105,-1,-1,-1,-1
30, 12310.jpg,2,898,407,33,97,-1,-1,-1,-1
30, 12310.jpg,4,924,327,36,89,-1,-1,-1,-1
30, 12310.jpg,5,1025,351,47,108,-1,-1,-1,-1
30, 12310.jpg,6,537,379,43,88,-1,-1,-1,-1
30, 12310.jpg,7,445,289,41,82,-1,-1,-1,-1
30, 12310.jpg,9,619,417,59,103,-1,-1,-1,-1
30, 12310.jpg,10,289,387,53,93,-1,-1,-1,-1
30, 12310.jpg,11,205,454,56,104,-1,-1,-1,-1
30, 12310.jpg,12,739,348,43,109,-1,-1,-1,-1
31, 12311.jpg,1,729,367,43,105,-1,-1,-1,-1
31, 12311.jpg,2,899,409,32,96,-1,-1,-1,-1
31, 12311.jpg,4,926,329,36,88,-1,-1,-1,-1
31, 12311.jpg,5,1025,353,45,105,-1,-1,-1,-1
31, 12311.jpg,6,534,378,44,88,-1,-1,-1,-1
31, 12311.jpg,7,448,288,41,81,-1,-1,-1,-1
31, 12311.jpg,9,621,418,60,102,-1,-1,-1,-1
31, 12311.jpg,10,284,387,53,93,-1,-1,-1,-1
31, 12311.jpg,11,209,455,57,105,-1,-1,-1,-1
31, 12311.jpg,12,736,356,45,114,-1,-1,-1,-1
32, 12312.jpg,2,898,409,33,96,-1,-1,-1,-1
32, 12312.jpg,4,927,330,36,86,-1,-1,-1,-1
32, 12312.jpg,5,1024,353,45,106,-1,-1,-1,-1
32, 12312.jpg,6,532,376,44,89,-1,-1,-1,-1
32, 12312.jpg,7,451,286,39,78,-1,-1,-1,-1
32, 12312.jpg,9,623,419,61,101,-1,-1,-1,-1
32, 12312.jpg,10,280,387,53,94,-1,-1,-1,-1
32, 12312.jpg,11,213,454,56,105,-1,-1,-1,-1
32, 12312.jpg,12,735,361,46,118,-1,-1,-1,-1
33, 12313.jpg,2,900,410,33,95,-1,-1,-1,-1
33, 12313.jpg,4,927,330,36,87,-1,-1,-1,-1
33, 12313.jpg,5,1022,355,45,105,-1,-1,-1,-1
33, 12313.jpg,6,530,375,47,90,-1,-1,-1,-1
33, 12313.jpg,7,453,285,39,78,-1,-1,-1,-1
33, 12313.jpg,9,625,419,61,102,-1,-1,-1,-1
33, 12313.jpg,10,270,384,56,98,-1,-1,-1,-1
33, 12313.jpg,11,217,456,56,102,-1,-1,-1,-1
33, 12313.jpg,12,732,355,44,114,-1,-1,-1,-1
34, 12314.jpg,1,735,404,39,97,-1,-1,-1,-1
34, 12314.jpg,2,899,411,34,96,-1,-1,-1,-1
34, 12314.jpg,4,926,330,36,86,-1,-1,-1,-1
34, 12314.jpg,5,1021,356,44,106,-1,-1,-1,-1
34, 12314.jpg,6,529,374,48,91,-1,-1,-1,-1
34, 12314.jpg,7,455,285,38,76,-1,-1,-1,-1
34, 12314.jpg,9,626,417,63,105,-1,-1,-1,-1
34, 12314.jpg,10,264,384,55,98,-1,-1,-1,-1
34, 12314.jpg,11,220,455,58,102,-1,-1,-1,-1
34, 12314.jpg,12,728,370,39,102,-1,-1,-1,-1
35, 12315.jpg,1,736,408,38,97,-1,-1,-1,-1
35, 12315.jpg,2,898,411,35,98,-1,-1,-1,-1
35, 12315.jpg,4,925,330,36,86,-1,-1,-1,-1
35, 12315.jpg,5,1020,358,44,104,-1,-1,-1,-1
35, 12315.jpg,6,529,374,47,90,-1,-1,-1,-1
35, 12315.jpg,7,456,286,39,76,-1,-1,-1,-1
35, 12315.jpg,9,628,413,63,108,-1,-1,-1,-1
35, 12315.jpg,10,262,385,55,96,-1,-1,-1,-1
35, 12315.jpg,11,224,455,58,103,-1,-1,-1,-1
35, 12315.jpg,12,730,359,38,100,-1,-1,-1,-1
36, 12316.jpg,1,735,410,38,98,-1,-1,-1,-1
36, 12316.jpg,2,898,412,35,97,-1,-1,-1,-1
36, 12316.jpg,4,925,330,36,86,-1,-1,-1,-1
36, 12316.jpg,5,1018,359,44,105,-1,-1,-1,-1
36, 12316.jpg,6,527,375,48,89,-1,-1,-1,-1
36, 12316.jpg,7,457,286,39,76,-1,-1,-1,-1
36, 12316.jpg,9,631,410,61,106,-1,-1,-1,-1
36, 12316.jpg,10,262,387,54,92,-1,-1,-1,-1
36, 12316.jpg,11,225,454,61,105,-1,-1,-1,-1
36, 12316.jpg,12,730,369,37,97,-1,-1,-1,-1
37, 12317.jpg,1,737,413,38,98,-1,-1,-1,-1
37, 12317.jpg,2,899,413,35,96,-1,-1,-1,-1
37, 12317.jpg,4,924,330,36,86,-1,-1,-1,-1
37, 12317.jpg,5,1017,360,43,105,-1,-1,-1,-1
37, 12317.jpg,6,526,375,47,87,-1,-1,-1,-1
37, 12317.jpg,7,457,287,39,73,-1,-1,-1,-1
37, 12317.jpg,9,634,407,57,103,-1,-1,-1,-1
37, 12317.jpg,10,256,388,56,95,-1,-1,-1,-1
37, 12317.jpg,11,227,453,62,105,-1,-1,-1,-1
37, 12317.jpg,12,729,359,40,104,-1,-1,-1,-1
38, 12318.jpg,1,734,409,38,101,-1,-1,-1,-1
38, 12318.jpg,2,900,413,34,96,-1,-1,-1,-1
38, 12318.jpg,4,924,330,35,85,-1,-1,-1,-1
38, 12318.jpg,5,1015,362,44,103,-1,-1,-1,-1
38, 12318.jpg,6,525,375,46,84,-1,-1,-1,-1
38, 12318.jpg,7,458,288,38,71,-1,-1,-1,-1
38, 12318.jpg,9,634,402,57,104,-1,-1,-1,-1
38, 12318.jpg,10,249,391,58,95,-1,-1,-1,-1
38, 12318.jpg,11,232,456,59,98,-1,-1,-1,-1
38, 12318.jpg,12,728,371,35,95,-1,-1,-1,-1
39, 12319.jpg,1,735,412,39,100,-1,-1,-1,-1
39, 12319.jpg,2,899,414,35,96,-1,-1,-1,-1
39, 12319.jpg,4,923,330,35,84,-1,-1,-1,-1
39, 12319.jpg,5,1014,363,42,101,-1,-1,-1,-1
39, 12319.jpg,6,524,375,44,83,-1,-1,-1,-1
39, 12319.jpg,7,459,288,38,70,-1,-1,-1,-1
39, 12319.jpg,9,635,398,54,105,-1,-1,-1,-1
39, 12319.jpg,10,244,391,60,99,-1,-1,-1,-1
39, 12319.jpg,11,234,448,63,103,-1,-1,-1,-1
39, 12319.jpg,12,728,382,36,98,-1,-1,-1,-1
39, 12319.jpg,13,729,370,29,68,-1,-1,-1,-1
40, 12320.jpg,2,899,414,35,96,-1,-1,-1,-1
40, 12320.jpg,4,922,330,34,83,-1,-1,-1,-1
40, 12320.jpg,5,1013,364,41,100,-1,-1,-1,-1
40, 12320.jpg,6,523,375,44,83,-1,-1,-1,-1
40, 12320.jpg,7,460,287,38,70,-1,-1,-1,-1
40, 12320.jpg,9,635,396,53,104,-1,-1,-1,-1
40, 12320.jpg,10,239,393,62,99,-1,-1,-1,-1
40, 12320.jpg,11,238,447,62,104,-1,-1,-1,-1
40, 12320.jpg,12,729,399,37,101,-1,-1,-1,-1
40, 12320.jpg,13,729,368,29,66,-1,-1,-1,-1
40, 12320.jpg,20,729,333,38,80,-1,-1,-1,-1
