2, 27082.jpg,2,447,314,63,83,-1,-1,-1,-1
2, 27082.jpg,3,551,388,34,97,-1,-1,-1,-1
2, 27082.jpg,4,837,327,44,81,-1,-1,-1,-1
2, 27082.jpg,5,733,337,41,105,-1,-1,-1,-1
2, 27082.jpg,6,899,377,43,94,-1,-1,-1,-1
2, 27082.jpg,7,931,343,53,95,-1,-1,-1,-1
2, 27082.jpg,8,625,314,32,93,-1,-1,-1,-1
2, 27082.jpg,9,387,329,36,86,-1,-1,-1,-1
2, 27082.jpg,10,802,400,51,113,-1,-1,-1,-1
2, 27082.jpg,11,430,417,54,112,-1,-1,-1,-1
2, 27082.jpg,12,191,397,57,106,-1,-1,-1,-1
3, 27083.jpg,2,447,315,62,83,-1,-1,-1,-1
3, 27083.jpg,3,553,380,29,82,-1,-1,-1,-1
3, 27083.jpg,4,829,327,44,82,-1,-1,-1,-1
3, 27083.jpg,5,735,340,39,101,-1,-1,-1,-1
3, 27083.jpg,6,892,374,43,95,-1,-1,-1,-1
3, 27083.jpg,7,927,342,52,93,-1,-1,-1,-1
3, 27083.jpg,8,619,315,32,92,-1,-1,-1,-1
3, 27083.jpg,9,383,329,36,86,-1,-1,-1,-1
3, 27083.jpg,10,801,402,51,111,-1,-1,-1,-1
3, 27083.jpg,11,423,418,53,110,-1,-1,-1,-1
3, 27083.jpg,12,186,394,58,108,-1,-1,-1,-1
4, 27084.jpg,2,446,315,62,85,-1,-1,-1,-1
4, 27084.jpg,3,543,384,35,97,-1,-1,-1,-1
4, 27084.jpg,4,823,328,43,81,-1,-1,-1,-1
4, 27084.jpg,5,735,345,39,98,-1,-1,-1,-1
4, 27084.jpg,6,886,373,42,92,-1,-1,-1,-1
4, 27084.jpg,7,921,344,48,87,-1,-1,-1,-1
4, 27084.jpg,8,615,316,32,91,-1,-1,-1,-1
4, 27084.jpg,9,375,330,36,84,-1,-1,-1,-1
4, 27084.jpg,10,800,403,49,110,-1,-1,-1,-1
4, 27084.jpg,11,418,419,52,108,-1,-1,-1,-1
4, 27084.jpg,12,182,392,58,109,-1,-1,-1,-1
5, 27085.jpg,2,443,315,63,87,-1,-1,-1,-1
5, 27085.jpg,3,537,385,36,100,-1,-1,-1,-1
5, 27085.jpg,4,817,328,44,81,-1,-1,-1,-1
5, 27085.jpg,5,733,345,40,97,-1,-1,-1,-1
5, 27085.jpg,6,891,361,43,94,-1,-1,-1,-1
5, 27085.jpg,7,917,344,47,84,-1,-1,-1,-1
5, 27085.jpg,8,609,317,32,90,-1,-1,-1,-1
5, 27085.jpg,9,368,330,36,84,-1,-1,-1,-1
5, 27085.jpg,10,799,406,47,105,-1,-1,-1,-1
5, 27085.jpg,11,412,420,52,109,-1,-1,-1,-1
5, 27085.jpg,12,177,392,57,107,-1,-1,-1,-1
6, 27086.jpg,2,441,315,64,88,-1,-1,-1,-1
6, 27086.jpg,3,536,366,33,92,-1,-1,-1,-1
6, 27086.jpg,4,809,328,43,80,-1,-1,-1,-1
6, 27086.jpg,5,731,347,41,96,-1,-1,-1,-1
6, 27086.jpg,6,876,363,43,91,-1,-1,-1,-1
6, 27086.jpg,7,901,346,51,92,-1,-1,-1,-1
6, 27086.jpg,8,602,317,31,89,-1,-1,-1,-1
6, 27086.jpg,9,361,331,35,83,-1,-1,-1,-1
6, 27086.jpg,10,797,406,47,107,-1,-1,-1,-1
6, 27086.jpg,11,404,421,52,108,-1,-1,-1,-1
6, 27086.jpg,12,170,390,58,109,-1,-1,-1,-1
7, 27087.jpg,2,439,316,63,87,-1,-1,-1,-1
7, 27087.jpg,3,532,350,32,90,-1,-1,-1,-1
7, 27087.jpg,4,804,328,41,76,-1,-1,-1,-1
7, 27087.jpg,5,727,350,41,91,-1,-1,-1,-1
7, 27087.jpg,6,868,363,41,87,-1,-1,-1,-1
7, 27087.jpg,7,893,348,49,89,-1,-1,-1,-1
7, 27087.jpg,8,596,318,31,88,-1,-1,-1,-1
7, 27087.jpg,9,353,330,35,84,-1,-1,-1,-1
7, 27087.jpg,10,795,405,48,109,-1,-1,-1,-1
7, 27087.jpg,11,397,422,52,109,-1,-1,-1,-1
7, 27087.jpg,12,165,389,57,108,-1,-1,-1,-1
8, 27088.jpg,2,435,317,62,87,-1,-1,-1,-1
8, 27088.jpg,3,528,346,30,84,-1,-1,-1,-1
8, 27088.jpg,4,795,328,40,75,-1,-1,-1,-1
8, 27088.jpg,5,720,350,43,92,-1,-1,-1,-1
8, 27088.jpg,6,863,361,40,85,-1,-1,-1,-1
8, 27088.jpg,7,877,351,51,90,-1,-1,-1,-1
8, 27088.jpg,8,589,318,30,88,-1,-1,-1,-1
8, 27088.jpg,9,346,331,34,83,-1,-1,-1,-1
8, 27088.jpg,10,792,404,49,114,-1,-1,-1,-1
8, 27088.jpg,11,388,421,54,110,-1,-1,-1,-1
8, 27088.jpg,12,159,388,56,108,-1,-1,-1,-1
9, 27089.jpg,2,433,317,62,88,-1,-1,-1,-1
9, 27089.jpg,3,524,344,32,87,-1,-1,-1,-1
9, 27089.jpg,4,787,327,42,77,-1,-1,-1,-1
9, 27089.jpg,5,715,349,45,94,-1,-1,-1,-1
9, 27089.jpg,6,853,363,39,81,-1,-1,-1,-1
9, 27089.jpg,7,874,351,48,86,-1,-1,-1,-1
9, 27089.jpg,8,582,319,31,89,-1,-1,-1,-1
9, 27089.jpg,9,337,331,34,83,-1,-1,-1,-1
9, 27089.jpg,10,790,408,48,112,-1,-1,-1,-1
9, 27089.jpg,11,381,421,55,112,-1,-1,-1,-1
9, 27089.jpg,12,153,388,56,108,-1,-1,-1,-1
9, 27089.jpg,13,516,391,38,90,-1,-1,-1,-1
10, 27090.jpg,2,433,317,62,90,-1,-1,-1,-1
10, 27090.jpg,3,521,339,31,86,-1,-1,-1,-1
10, 27090.jpg,4,778,325,44,81,-1,-1,-1,-1
10, 27090.jpg,5,709,348,47,96,-1,-1,-1,-1
10, 27090.jpg,6,847,362,38,78,-1,-1,-1,-1
10, 27090.jpg,7,860,355,48,84,-1,-1,-1,-1
10, 27090.jpg,8,574,320,31,90,-1,-1,-1,-1
10, 27090.jpg,9,327,331,34,83,-1,-1,-1,-1
10, 27090.jpg,10,787,411,47,111,-1,-1,-1,-1
10, 27090.jpg,11,374,421,54,111,-1,-1,-1,-1
10, 27090.jpg,12,146,388,56,108,-1,-1,-1,-1
10, 27090.jpg,13,516,378,36,86,-1,-1,-1,-1
11, 27091.jpg,2,433,316,60,91,-1,-1,-1,-1
11, 27091.jpg,3,516,345,30,80,-1,-1,-1,-1
11, 27091.jpg,4,772,324,44,82,-1,-1,-1,-1
11, 27091.jpg,5,702,346,50,99,-1,-1,-1,-1
11, 27091.jpg,7,848,356,48,82,-1,-1,-1,-1
11, 27091.jpg,8,569,320,32,94,-1,-1,-1,-1
11, 27091.jpg,9,320,331,34,83,-1,-1,-1,-1
11, 27091.jpg,10,782,413,48,112,-1,-1,-1,-1
11, 27091.jpg,11,367,421,55,112,-1,-1,-1,-1
11, 27091.jpg,12,142,388,55,107,-1,-1,-1,-1
11, 27091.jpg,13,507,389,38,91,-1,-1,-1,-1
12, 27092.jpg,2,434,315,58,91,-1,-1,-1,-1
12, 27092.jpg,3,512,342,30,78,-1,-1,-1,-1
12, 27092.jpg,4,765,321,45,86,-1,-1,-1,-1
12, 27092.jpg,5,697,343,52,102,-1,-1,-1,-1
12, 27092.jpg,7,830,358,46,80,-1,-1,-1,-1
12, 27092.jpg,8,563,320,34,98,-1,-1,-1,-1
12, 27092.jpg,9,312,331,34,83,-1,-1,-1,-1
12, 27092.jpg,10,778,412,51,120,-1,-1,-1,-1
12, 27092.jpg,11,363,421,55,112,-1,-1,-1,-1
12, 27092.jpg,12,138,387,55,107,-1,-1,-1,-1
12, 27092.jpg,13,506,381,41,99,-1,-1,-1,-1
13, 27093.jpg,2,434,313,59,95,-1,-1,-1,-1
13, 27093.jpg,3,507,348,30,77,-1,-1,-1,-1
13, 27093.jpg,4,759,320,45,87,-1,-1,-1,-1
13, 27093.jpg,5,694,341,53,104,-1,-1,-1,-1
13, 27093.jpg,6,852,351,42,86,-1,-1,-1,-1
13, 27093.jpg,7,825,359,44,77,-1,-1,-1,-1
13, 27093.jpg,8,559,320,33,97,-1,-1,-1,-1
13, 27093.jpg,9,304,332,35,82,-1,-1,-1,-1
13, 27093.jpg,10,776,413,52,122,-1,-1,-1,-1
13, 27093.jpg,11,356,419,55,114,-1,-1,-1,-1
13, 27093.jpg,12,136,385,55,107,-1,-1,-1,-1
13, 27093.jpg,13,500,387,42,102,-1,-1,-1,-1
14, 27094.jpg,2,435,314,58,95,-1,-1,-1,-1
14, 27094.jpg,3,504,349,30,78,-1,-1,-1,-1
14, 27094.jpg,4,755,318,45,88,-1,-1,-1,-1
14, 27094.jpg,5,693,340,53,105,-1,-1,-1,-1
14, 27094.jpg,6,852,348,41,87,-1,-1,-1,-1
14, 27094.jpg,7,822,362,41,75,-1,-1,-1,-1
14, 27094.jpg,8,555,321,33,97,-1,-1,-1,-1
14, 27094.jpg,9,299,334,35,79,-1,-1,-1,-1
14, 27094.jpg,10,775,414,52,123,-1,-1,-1,-1
14, 27094.jpg,11,351,419,55,114,-1,-1,-1,-1
14, 27094.jpg,12,134,384,55,108,-1,-1,-1,-1
14, 27094.jpg,13,497,393,41,100,-1,-1,-1,-1
15, 27095.jpg,2,436,312,58,97,-1,-1,-1,-1
15, 27095.jpg,3,501,347,32,82,-1,-1,-1,-1
15, 27095.jpg,4,752,316,44,87,-1,-1,-1,-1
15, 27095.jpg,5,692,339,53,107,-1,-1,-1,-1
15, 27095.jpg,6,851,348,40,87,-1,-1,-1,-1
15, 27095.jpg,7,816,359,43,78,-1,-1,-1,-1
15, 27095.jpg,8,552,322,32,97,-1,-1,-1,-1
15, 27095.jpg,9,294,335,36,78,-1,-1,-1,-1
15, 27095.jpg,10,775,416,52,122,-1,-1,-1,-1
15, 27095.jpg,11,348,420,54,114,-1,-1,-1,-1
15, 27095.jpg,12,133,380,55,111,-1,-1,-1,-1
15, 27095.jpg,13,494,398,40,97,-1,-1,-1,-1
16, 27096.jpg,2,437,313,59,98,-1,-1,-1,-1
16, 27096.jpg,3,499,347,32,82,-1,-1,-1,-1
16, 27096.jpg,4,748,315,44,89,-1,-1,-1,-1
16, 27096.jpg,5,691,339,53,106,-1,-1,-1,-1
16, 27096.jpg,6,849,346,40,87,-1,-1,-1,-1
16, 27096.jpg,7,813,357,45,80,-1,-1,-1,-1
16, 27096.jpg,8,548,321,33,99,-1,-1,-1,-1
16, 27096.jpg,9,289,337,36,77,-1,-1,-1,-1
16, 27096.jpg,10,775,417,52,123,-1,-1,-1,-1
16, 27096.jpg,11,342,420,53,112,-1,-1,-1,-1
16, 27096.jpg,12,133,378,54,112,-1,-1,-1,-1
16, 27096.jpg,13,493,398,40,96,-1,-1,-1,-1
17, 27097.jpg,2,439,315,57,97,-1,-1,-1,-1
17, 27097.jpg,3,495,344,33,81,-1,-1,-1,-1
17, 27097.jpg,4,745,315,44,88,-1,-1,-1,-1
17, 27097.jpg,5,691,340,54,105,-1,-1,-1,-1
17, 27097.jpg,6,835,348,44,90,-1,-1,-1,-1
17, 27097.jpg,7,806,357,44,80,-1,-1,-1,-1
17, 27097.jpg,8,546,323,33,97,-1,-1,-1,-1
17, 27097.jpg,9,287,339,36,74,-1,-1,-1,-1
17, 27097.jpg,10,776,419,52,125,-1,-1,-1,-1
17, 27097.jpg,11,339,419,53,113,-1,-1,-1,-1
17, 27097.jpg,12,133,376,54,113,-1,-1,-1,-1
17, 27097.jpg,13,491,398,40,99,-1,-1,-1,-1
18, 27098.jpg,2,442,316,55,96,-1,-1,-1,-1
18, 27098.jpg,3,494,344,32,80,-1,-1,-1,-1
18, 27098.jpg,4,743,314,43,88,-1,-1,-1,-1
18, 27098.jpg,5,692,342,53,103,-1,-1,-1,-1
18, 27098.jpg,6,829,346,48,93,-1,-1,-1,-1
18, 27098.jpg,8,543,324,32,97,-1,-1,-1,-1
18, 27098.jpg,9,285,340,37,72,-1,-1,-1,-1
18, 27098.jpg,10,777,421,51,123,-1,-1,-1,-1
18, 27098.jpg,11,337,419,52,113,-1,-1,-1,-1
18, 27098.jpg,12,133,375,53,112,-1,-1,-1,-1
18, 27098.jpg,13,488,393,43,105,-1,-1,-1,-1
19, 27099.jpg,2,456,323,55,94,-1,-1,-1,-1
19, 27099.jpg,3,493,344,33,79,-1,-1,-1,-1
19, 27099.jpg,4,742,313,43,88,-1,-1,-1,-1
19, 27099.jpg,5,692,344,53,103,-1,-1,-1,-1
19, 27099.jpg,6,829,348,48,88,-1,-1,-1,-1
19, 27099.jpg,8,541,325,32,95,-1,-1,-1,-1
19, 27099.jpg,9,284,340,38,72,-1,-1,-1,-1
19, 27099.jpg,10,778,424,49,118,-1,-1,-1,-1
19, 27099.jpg,11,336,419,52,114,-1,-1,-1,-1
19, 27099.jpg,12,132,374,52,112,-1,-1,-1,-1
19, 27099.jpg,13,488,381,47,117,-1,-1,-1,-1
20, 27100.jpg,2,454,321,53,94,-1,-1,-1,-1
20, 27100.jpg,3,490,343,33,78,-1,-1,-1,-1
20, 27100.jpg,4,740,310,44,90,-1,-1,-1,-1
20, 27100.jpg,5,693,347,53,101,-1,-1,-1,-1
20, 27100.jpg,6,825,343,53,95,-1,-1,-1,-1
20, 27100.jpg,8,540,325,31,95,-1,-1,-1,-1
20, 27100.jpg,9,283,338,39,74,-1,-1,-1,-1
20, 27100.jpg,10,779,424,48,115,-1,-1,-1,-1
20, 27100.jpg,11,335,420,52,114,-1,-1,-1,-1
20, 27100.jpg,12,132,374,52,111,-1,-1,-1,-1
20, 27100.jpg,13,487,377,49,122,-1,-1,-1,-1
21, 27101.jpg,2,456,322,52,93,-1,-1,-1,-1
21, 27101.jpg,4,740,310,43,89,-1,-1,-1,-1
21, 27101.jpg,5,695,351,51,96,-1,-1,-1,-1
21, 27101.jpg,6,825,339,56,100,-1,-1,-1,-1
21, 27101.jpg,8,540,325,31,95,-1,-1,-1,-1
21, 27101.jpg,9,283,337,42,75,-1,-1,-1,-1
21, 27101.jpg,10,782,425,48,115,-1,-1,-1,-1
21, 27101.jpg,11,335,420,52,115,-1,-1,-1,-1
21, 27101.jpg,12,135,373,51,111,-1,-1,-1,-1
21, 27101.jpg,13,490,387,46,115,-1,-1,-1,-1
22, 27102.jpg,2,462,324,50,92,-1,-1,-1,-1
22, 27102.jpg,3,489,343,34,78,-1,-1,-1,-1
22, 27102.jpg,4,740,310,42,89,-1,-1,-1,-1
22, 27102.jpg,5,694,353,52,94,-1,-1,-1,-1
22, 27102.jpg,6,828,337,57,100,-1,-1,-1,-1
22, 27102.jpg,8,541,326,30,93,-1,-1,-1,-1
22, 27102.jpg,9,285,335,43,76,-1,-1,-1,-1
22, 27102.jpg,10,785,423,48,118,-1,-1,-1,-1
22, 27102.jpg,11,336,421,51,114,-1,-1,-1,-1
22, 27102.jpg,12,138,372,50,112,-1,-1,-1,-1
22, 27102.jpg,13,492,390,45,115,-1,-1,-1,-1
23, 27103.jpg,2,466,323,48,90,-1,-1,-1,-1
23, 27103.jpg,3,487,342,34,77,-1,-1,-1,-1
23, 27103.jpg,4,741,309,42,90,-1,-1,-1,-1
23, 27103.jpg,5,694,354,52,95,-1,-1,-1,-1
23, 27103.jpg,6,830,337,57,99,-1,-1,-1,-1
23, 27103.jpg,8,542,326,31,94,-1,-1,-1,-1
23, 27103.jpg,9,288,334,44,77,-1,-1,-1,-1
23, 27103.jpg,10,788,424,49,119,-1,-1,-1,-1
23, 27103.jpg,11,337,420,51,114,-1,-1,-1,-1
23, 27103.jpg,12,140,372,50,112,-1,-1,-1,-1
23, 27103.jpg,13,494,394,43,113,-1,-1,-1,-1
24, 27104.jpg,2,477,327,46,88,-1,-1,-1,-1
24, 27104.jpg,4,742,309,41,90,-1,-1,-1,-1
24, 27104.jpg,5,693,356,51,91,-1,-1,-1,-1
24, 27104.jpg,6,834,337,58,99,-1,-1,-1,-1
24, 27104.jpg,8,545,325,30,94,-1,-1,-1,-1
24, 27104.jpg,9,292,335,44,76,-1,-1,-1,-1
24, 27104.jpg,10,790,424,51,122,-1,-1,-1,-1
24, 27104.jpg,11,338,420,50,113,-1,-1,-1,-1
24, 27104.jpg,12,144,371,48,110,-1,-1,-1,-1
24, 27104.jpg,13,496,396,41,107,-1,-1,-1,-1
25, 27105.jpg,2,489,334,45,87,-1,-1,-1,-1
25, 27105.jpg,4,743,309,40,89,-1,-1,-1,-1
25, 27105.jpg,5,693,356,53,92,-1,-1,-1,-1
25, 27105.jpg,6,841,339,59,99,-1,-1,-1,-1
25, 27105.jpg,8,547,325,31,96,-1,-1,-1,-1
25, 27105.jpg,9,297,336,43,75,-1,-1,-1,-1
25, 27105.jpg,10,793,428,50,120,-1,-1,-1,-1
25, 27105.jpg,11,340,420,50,112,-1,-1,-1,-1
25, 27105.jpg,12,150,371,47,108,-1,-1,-1,-1
25, 27105.jpg,13,498,399,41,108,-1,-1,-1,-1
26, 27106.jpg,2,486,329,46,92,-1,-1,-1,-1
26, 27106.jpg,4,744,309,40,89,-1,-1,-1,-1
26, 27106.jpg,5,693,356,54,91,-1,-1,-1,-1
26, 27106.jpg,6,845,342,62,99,-1,-1,-1,-1
26, 27106.jpg,8,549,327,30,93,-1,-1,-1,-1
26, 27106.jpg,9,302,337,42,76,-1,-1,-1,-1
26, 27106.jpg,10,796,432,50,120,-1,-1,-1,-1
26, 27106.jpg,11,342,421,49,111,-1,-1,-1,-1
26, 27106.jpg,12,153,370,45,105,-1,-1,-1,-1
26, 27106.jpg,13,500,398,40,111,-1,-1,-1,-1
27, 27107.jpg,2,489,329,46,91,-1,-1,-1,-1
27, 27107.jpg,4,745,309,40,88,-1,-1,-1,-1
27, 27107.jpg,5,694,356,55,91,-1,-1,-1,-1
27, 27107.jpg,6,849,344,63,98,-1,-1,-1,-1
27, 27107.jpg,8,550,328,31,94,-1,-1,-1,-1
27, 27107.jpg,9,307,337,43,78,-1,-1,-1,-1
27, 27107.jpg,10,799,435,51,120,-1,-1,-1,-1
27, 27107.jpg,11,343,423,48,108,-1,-1,-1,-1
27, 27107.jpg,12,157,369,44,105,-1,-1,-1,-1
27, 27107.jpg,13,502,399,40,111,-1,-1,-1,-1
28, 27108.jpg,2,490,328,45,91,-1,-1,-1,-1
28, 27108.jpg,4,747,308,39,89,-1,-1,-1,-1
28, 27108.jpg,5,693,355,58,93,-1,-1,-1,-1
28, 27108.jpg,6,856,346,64,97,-1,-1,-1,-1
28, 27108.jpg,8,553,330,31,93,-1,-1,-1,-1
28, 27108.jpg,9,313,338,41,77,-1,-1,-1,-1
28, 27108.jpg,10,802,438,51,120,-1,-1,-1,-1
28, 27108.jpg,11,345,425,47,106,-1,-1,-1,-1
28, 27108.jpg,12,161,366,44,107,-1,-1,-1,-1
28, 27108.jpg,13,504,398,41,113,-1,-1,-1,-1
29, 27109.jpg,2,495,328,46,96,-1,-1,-1,-1
29, 27109.jpg,4,749,307,38,89,-1,-1,-1,-1
29, 27109.jpg,5,693,353,60,95,-1,-1,-1,-1
29, 27109.jpg,6,859,348,66,96,-1,-1,-1,-1
29, 27109.jpg,8,556,331,31,91,-1,-1,-1,-1
29, 27109.jpg,9,317,338,41,78,-1,-1,-1,-1
29, 27109.jpg,10,804,439,52,120,-1,-1,-1,-1
29, 27109.jpg,11,347,426,48,105,-1,-1,-1,-1
29, 27109.jpg,12,166,364,43,106,-1,-1,-1,-1
29, 27109.jpg,13,508,400,39,110,-1,-1,-1,-1
30, 27110.jpg,2,497,326,48,101,-1,-1,-1,-1
30, 27110.jpg,4,751,307,37,88,-1,-1,-1,-1
30, 27110.jpg,5,691,350,62,98,-1,-1,-1,-1
30, 27110.jpg,6,858,348,67,96,-1,-1,-1,-1
30, 27110.jpg,8,560,330,31,92,-1,-1,-1,-1
30, 27110.jpg,9,322,339,40,78,-1,-1,-1,-1
30, 27110.jpg,10,806,439,53,123,-1,-1,-1,-1
30, 27110.jpg,11,346,428,49,102,-1,-1,-1,-1
30, 27110.jpg,12,171,363,44,107,-1,-1,-1,-1
30, 27110.jpg,13,512,401,38,104,-1,-1,-1,-1
31, 27111.jpg,2,501,327,48,106,-1,-1,-1,-1
31, 27111.jpg,4,752,306,38,89,-1,-1,-1,-1
31, 27111.jpg,5,690,347,62,100,-1,-1,-1,-1
31, 27111.jpg,6,857,347,71,98,-1,-1,-1,-1
31, 27111.jpg,8,563,331,32,92,-1,-1,-1,-1
31, 27111.jpg,9,327,339,40,80,-1,-1,-1,-1
31, 27111.jpg,10,808,440,53,124,-1,-1,-1,-1
31, 27111.jpg,11,346,432,48,96,-1,-1,-1,-1
31, 27111.jpg,12,175,363,44,107,-1,-1,-1,-1
31, 27111.jpg,13,516,403,36,102,-1,-1,-1,-1
32, 27112.jpg,2,504,328,48,107,-1,-1,-1,-1
32, 27112.jpg,4,754,307,37,88,-1,-1,-1,-1
32, 27112.jpg,5,689,346,62,101,-1,-1,-1,-1
32, 27112.jpg,6,863,350,72,97,-1,-1,-1,-1
32, 27112.jpg,8,564,331,34,94,-1,-1,-1,-1
32, 27112.jpg,9,330,340,40,79,-1,-1,-1,-1
32, 27112.jpg,10,809,441,54,125,-1,-1,-1,-1
32, 27112.jpg,11,348,435,50,93,-1,-1,-1,-1
32, 27112.jpg,12,178,363,44,105,-1,-1,-1,-1
32, 27112.jpg,13,518,405,37,102,-1,-1,-1,-1
33, 27113.jpg,2,507,327,49,112,-1,-1,-1,-1
33, 27113.jpg,4,755,306,36,87,-1,-1,-1,-1
33, 27113.jpg,5,689,347,58,98,-1,-1,-1,-1
33, 27113.jpg,6,867,350,73,99,-1,-1,-1,-1
33, 27113.jpg,8,567,331,34,94,-1,-1,-1,-1
33, 27113.jpg,9,333,339,41,81,-1,-1,-1,-1
33, 27113.jpg,10,811,442,55,126,-1,-1,-1,-1
33, 27113.jpg,11,349,438,52,91,-1,-1,-1,-1
33, 27113.jpg,12,182,363,43,102,-1,-1,-1,-1
33, 27113.jpg,13,520,408,36,101,-1,-1,-1,-1
34, 27114.jpg,2,510,327,49,114,-1,-1,-1,-1
34, 27114.jpg,4,756,306,37,86,-1,-1,-1,-1
34, 27114.jpg,5,688,347,58,99,-1,-1,-1,-1
34, 27114.jpg,6,868,348,71,97,-1,-1,-1,-1
34, 27114.jpg,8,571,331,36,92,-1,-1,-1,-1
34, 27114.jpg,9,338,339,40,81,-1,-1,-1,-1
34, 27114.jpg,10,813,446,54,121,-1,-1,-1,-1
34, 27114.jpg,11,350,440,53,89,-1,-1,-1,-1
34, 27114.jpg,12,186,362,43,102,-1,-1,-1,-1
34, 27114.jpg,13,523,409,36,102,-1,-1,-1,-1
35, 27115.jpg,2,513,325,48,114,-1,-1,-1,-1
35, 27115.jpg,4,757,306,36,85,-1,-1,-1,-1
35, 27115.jpg,5,689,348,56,100,-1,-1,-1,-1
35, 27115.jpg,6,871,347,70,96,-1,-1,-1,-1
35, 27115.jpg,8,575,332,37,92,-1,-1,-1,-1
35, 27115.jpg,9,343,337,40,84,-1,-1,-1,-1
35, 27115.jpg,10,813,449,55,119,-1,-1,-1,-1
35, 27115.jpg,11,351,441,55,88,-1,-1,-1,-1
35, 27115.jpg,12,191,363,42,100,-1,-1,-1,-1
35, 27115.jpg,13,524,406,37,106,-1,-1,-1,-1
36, 27116.jpg,2,516,325,47,115,-1,-1,-1,-1
36, 27116.jpg,4,757,307,37,83,-1,-1,-1,-1
36, 27116.jpg,5,688,348,55,100,-1,-1,-1,-1
36, 27116.jpg,6,876,347,66,94,-1,-1,-1,-1
36, 27116.jpg,8,577,332,39,93,-1,-1,-1,-1
36, 27116.jpg,9,348,338,38,82,-1,-1,-1,-1
36, 27116.jpg,10,814,452,55,116,-1,-1,-1,-1
36, 27116.jpg,11,353,440,57,89,-1,-1,-1,-1
36, 27116.jpg,12,194,362,42,100,-1,-1,-1,-1
36, 27116.jpg,13,526,404,39,110,-1,-1,-1,-1
37, 27117.jpg,2,519,325,48,118,-1,-1,-1,-1
37, 27117.jpg,4,757,307,38,85,-1,-1,-1,-1
37, 27117.jpg,5,690,351,52,97,-1,-1,-1,-1
37, 27117.jpg,6,894,349,67,95,-1,-1,-1,-1
37, 27117.jpg,8,578,331,41,94,-1,-1,-1,-1
37, 27117.jpg,9,351,337,39,83,-1,-1,-1,-1
37, 27117.jpg,10,815,453,56,115,-1,-1,-1,-1
37, 27117.jpg,11,353,441,58,87,-1,-1,-1,-1
37, 27117.jpg,12,197,361,42,101,-1,-1,-1,-1
37, 27117.jpg,13,529,407,38,106,-1,-1,-1,-1
38, 27118.jpg,2,523,327,45,114,-1,-1,-1,-1
38, 27118.jpg,4,758,307,39,85,-1,-1,-1,-1
38, 27118.jpg,5,690,353,50,95,-1,-1,-1,-1
38, 27118.jpg,6,893,350,64,93,-1,-1,-1,-1
38, 27118.jpg,8,581,331,42,94,-1,-1,-1,-1
38, 27118.jpg,9,357,337,38,84,-1,-1,-1,-1
38, 27118.jpg,10,816,453,57,116,-1,-1,-1,-1
38, 27118.jpg,11,354,441,60,86,-1,-1,-1,-1
38, 27118.jpg,12,202,360,42,104,-1,-1,-1,-1
38, 27118.jpg,13,531,406,39,106,-1,-1,-1,-1
39, 27119.jpg,2,525,327,46,117,-1,-1,-1,-1
39, 27119.jpg,4,758,307,39,86,-1,-1,-1,-1
39, 27119.jpg,5,690,355,49,96,-1,-1,-1,-1
39, 27119.jpg,6,905,352,67,96,-1,-1,-1,-1
39, 27119.jpg,8,584,332,43,93,-1,-1,-1,-1
39, 27119.jpg,9,361,337,39,86,-1,-1,-1,-1
39, 27119.jpg,10,817,454,58,116,-1,-1,-1,-1
39, 27119.jpg,11,355,441,61,86,-1,-1,-1,-1
39, 27119.jpg,12,206,359,42,103,-1,-1,-1,-1
39, 27119.jpg,13,534,407,38,107,-1,-1,-1,-1
40, 27120.jpg,2,528,328,41,106,-1,-1,-1,-1
40, 27120.jpg,4,758,307,41,86,-1,-1,-1,-1
40, 27120.jpg,5,690,359,48,94,-1,-1,-1,-1
40, 27120.jpg,6,915,354,69,98,-1,-1,-1,-1
40, 27120.jpg,8,590,332,43,92,-1,-1,-1,-1
40, 27120.jpg,9,365,339,39,86,-1,-1,-1,-1
40, 27120.jpg,10,818,453,60,117,-1,-1,-1,-1
40, 27120.jpg,11,355,440,63,86,-1,-1,-1,-1
40, 27120.jpg,12,208,359,42,102,-1,-1,-1,-1
40, 27120.jpg,13,535,408,39,106,-1,-1,-1,-1
