2, 37467.jpg,1,865,592,93,147,-1,-1,-1,-1
2, 37467.jpg,4,1010,624,87,143,-1,-1,-1,-1
2, 37467.jpg,5,1216,613,55,138,-1,-1,-1,-1
2, 37467.jpg,6,710,573,48,111,-1,-1,-1,-1
2, 37467.jpg,7,488,615,83,132,-1,-1,-1,-1
2, 37467.jpg,8,686,646,62,154,-1,-1,-1,-1
2, 37467.jpg,9,1082,551,72,96,-1,-1,-1,-1
2, 37467.jpg,10,1127,686,64,164,-1,-1,-1,-1
2, 37467.jpg,11,1421,568,47,131,-1,-1,-1,-1
3, 37468.jpg,1,872,599,86,136,-1,-1,-1,-1
3, 37468.jpg,4,1012,626,86,139,-1,-1,-1,-1
3, 37468.jpg,5,1217,612,56,139,-1,-1,-1,-1
3, 37468.jpg,6,711,572,49,114,-1,-1,-1,-1
3, 37468.jpg,7,491,618,84,132,-1,-1,-1,-1
3, 37468.jpg,8,687,648,60,150,-1,-1,-1,-1
3, 37468.jpg,9,1079,549,73,98,-1,-1,-1,-1
3, 37468.jpg,10,1128,684,65,167,-1,-1,-1,-1
3, 37468.jpg,11,1419,568,48,132,-1,-1,-1,-1
4, 37469.jpg,1,872,597,90,143,-1,-1,-1,-1
4, 37469.jpg,4,1041,625,77,127,-1,-1,-1,-1
4, 37469.jpg,5,1217,612,55,138,-1,-1,-1,-1
4, 37469.jpg,6,711,571,51,117,-1,-1,-1,-1
4, 37469.jpg,7,491,619,84,131,-1,-1,-1,-1
4, 37469.jpg,8,688,649,60,150,-1,-1,-1,-1
4, 37469.jpg,9,1069,546,75,101,-1,-1,-1,-1
4, 37469.jpg,10,1132,680,65,167,-1,-1,-1,-1
4, 37469.jpg,11,1417,568,48,133,-1,-1,-1,-1
4, 37469.jpg,13,876,559,36,112,-1,-1,-1,-1
5, 37470.jpg,4,1051,625,76,124,-1,-1,-1,-1
5, 37470.jpg,5,1217,612,54,138,-1,-1,-1,-1
5, 37470.jpg,6,711,571,51,118,-1,-1,-1,-1
5, 37470.jpg,7,492,620,83,128,-1,-1,-1,-1
5, 37470.jpg,8,699,623,55,139,-1,-1,-1,-1
5, 37470.jpg,9,1065,543,76,103,-1,-1,-1,-1
5, 37470.jpg,10,1135,680,64,167,-1,-1,-1,-1
5, 37470.jpg,11,1413,569,49,131,-1,-1,-1,-1
5, 37470.jpg,13,875,570,43,127,-1,-1,-1,-1
6, 37471.jpg,4,1061,630,70,116,-1,-1,-1,-1
6, 37471.jpg,5,1216,612,54,138,-1,-1,-1,-1
6, 37471.jpg,6,717,572,49,112,-1,-1,-1,-1
6, 37471.jpg,7,493,620,85,129,-1,-1,-1,-1
6, 37471.jpg,8,702,619,55,140,-1,-1,-1,-1
6, 37471.jpg,9,1060,540,80,111,-1,-1,-1,-1
6, 37471.jpg,10,1137,681,64,165,-1,-1,-1,-1
6, 37471.jpg,11,1411,570,49,130,-1,-1,-1,-1
6, 37471.jpg,13,874,575,45,128,-1,-1,-1,-1
6, 37471.jpg,16,1856,712,63,155,-1,-1,-1,-1
6, 37471.jpg,17,992,624,60,155,-1,-1,-1,-1
7, 37472.jpg,1,842,591,116,188,-1,-1,-1,-1
7, 37472.jpg,4,1063,626,72,120,-1,-1,-1,-1
7, 37472.jpg,5,1215,610,56,141,-1,-1,-1,-1
7, 37472.jpg,6,715,572,50,114,-1,-1,-1,-1
7, 37472.jpg,7,495,620,87,129,-1,-1,-1,-1
7, 37472.jpg,8,703,622,55,137,-1,-1,-1,-1
7, 37472.jpg,9,1060,539,76,107,-1,-1,-1,-1
7, 37472.jpg,10,1139,681,63,164,-1,-1,-1,-1
7, 37472.jpg,11,1408,570,50,131,-1,-1,-1,-1
7, 37472.jpg,13,870,566,44,125,-1,-1,-1,-1
7, 37472.jpg,16,1858,715,61,152,-1,-1,-1,-1
7, 37472.jpg,17,992,624,60,156,-1,-1,-1,-1
8, 37473.jpg,1,845,619,102,169,-1,-1,-1,-1
8, 37473.jpg,4,1067,627,70,119,-1,-1,-1,-1
8, 37473.jpg,5,1215,609,56,143,-1,-1,-1,-1
8, 37473.jpg,6,716,572,50,114,-1,-1,-1,-1
8, 37473.jpg,7,498,619,88,128,-1,-1,-1,-1
8, 37473.jpg,8,705,621,56,141,-1,-1,-1,-1
8, 37473.jpg,9,1057,536,75,109,-1,-1,-1,-1
8, 37473.jpg,10,1141,679,64,167,-1,-1,-1,-1
8, 37473.jpg,11,1405,569,52,133,-1,-1,-1,-1
8, 37473.jpg,13,867,571,43,113,-1,-1,-1,-1
8, 37473.jpg,16,1855,715,64,154,-1,-1,-1,-1
8, 37473.jpg,17,992,625,60,157,-1,-1,-1,-1
9, 37474.jpg,1,846,631,95,161,-1,-1,-1,-1
9, 37474.jpg,4,1071,624,69,121,-1,-1,-1,-1
9, 37474.jpg,5,1215,609,55,143,-1,-1,-1,-1
9, 37474.jpg,7,502,618,89,129,-1,-1,-1,-1
9, 37474.jpg,8,706,618,58,145,-1,-1,-1,-1
9, 37474.jpg,9,1052,533,78,113,-1,-1,-1,-1
9, 37474.jpg,10,1142,679,64,166,-1,-1,-1,-1
9, 37474.jpg,11,1404,569,53,133,-1,-1,-1,-1
9, 37474.jpg,13,863,572,45,113,-1,-1,-1,-1
9, 37474.jpg,16,1853,715,63,154,-1,-1,-1,-1
9, 37474.jpg,17,993,626,60,156,-1,-1,-1,-1
10, 37475.jpg,1,844,630,94,161,-1,-1,-1,-1
10, 37475.jpg,4,1075,619,69,123,-1,-1,-1,-1
10, 37475.jpg,5,1215,608,55,145,-1,-1,-1,-1
10, 37475.jpg,7,507,617,88,128,-1,-1,-1,-1
10, 37475.jpg,8,709,614,58,143,-1,-1,-1,-1
10, 37475.jpg,9,1050,532,78,116,-1,-1,-1,-1
10, 37475.jpg,10,1143,677,64,167,-1,-1,-1,-1
10, 37475.jpg,11,1402,569,54,133,-1,-1,-1,-1
10, 37475.jpg,13,849,562,44,104,-1,-1,-1,-1
10, 37475.jpg,16,1852,716,62,152,-1,-1,-1,-1
10, 37475.jpg,17,994,625,60,158,-1,-1,-1,-1
11, 37476.jpg,1,836,608,99,175,-1,-1,-1,-1
11, 37476.jpg,4,1076,612,71,132,-1,-1,-1,-1
11, 37476.jpg,5,1216,608,54,144,-1,-1,-1,-1
11, 37476.jpg,7,513,617,87,129,-1,-1,-1,-1
11, 37476.jpg,8,711,614,58,142,-1,-1,-1,-1
11, 37476.jpg,9,1046,528,81,123,-1,-1,-1,-1
11, 37476.jpg,10,1144,678,64,166,-1,-1,-1,-1
11, 37476.jpg,11,1400,569,55,134,-1,-1,-1,-1
11, 37476.jpg,13,845,561,47,106,-1,-1,-1,-1
11, 37476.jpg,16,1851,714,62,155,-1,-1,-1,-1
11, 37476.jpg,17,995,626,60,157,-1,-1,-1,-1
12, 37477.jpg,1,834,618,93,168,-1,-1,-1,-1
12, 37477.jpg,4,1079,608,70,133,-1,-1,-1,-1
12, 37477.jpg,5,1216,607,54,147,-1,-1,-1,-1
12, 37477.jpg,6,719,572,52,117,-1,-1,-1,-1
12, 37477.jpg,7,521,615,85,129,-1,-1,-1,-1
12, 37477.jpg,8,706,634,56,135,-1,-1,-1,-1
12, 37477.jpg,9,1042,525,80,125,-1,-1,-1,-1
12, 37477.jpg,10,1145,676,64,168,-1,-1,-1,-1
12, 37477.jpg,11,1396,569,58,135,-1,-1,-1,-1
12, 37477.jpg,13,837,562,49,107,-1,-1,-1,-1
12, 37477.jpg,16,1850,715,62,154,-1,-1,-1,-1
12, 37477.jpg,17,995,626,60,156,-1,-1,-1,-1
13, 37478.jpg,1,830,618,96,173,-1,-1,-1,-1
13, 37478.jpg,4,1084,605,69,134,-1,-1,-1,-1
13, 37478.jpg,5,1217,606,54,148,-1,-1,-1,-1
13, 37478.jpg,6,719,572,53,118,-1,-1,-1,-1
13, 37478.jpg,7,528,614,85,131,-1,-1,-1,-1
13, 37478.jpg,8,710,616,57,137,-1,-1,-1,-1
13, 37478.jpg,9,1039,523,79,126,-1,-1,-1,-1
13, 37478.jpg,10,1146,675,65,169,-1,-1,-1,-1
13, 37478.jpg,11,1393,569,58,135,-1,-1,-1,-1
13, 37478.jpg,13,838,569,59,126,-1,-1,-1,-1
13, 37478.jpg,16,1850,714,61,154,-1,-1,-1,-1
13, 37478.jpg,17,996,626,59,155,-1,-1,-1,-1
14, 37479.jpg,1,819,586,91,165,-1,-1,-1,-1
14, 37479.jpg,4,1087,603,71,138,-1,-1,-1,-1
14, 37479.jpg,5,1217,606,54,147,-1,-1,-1,-1
14, 37479.jpg,6,721,573,55,120,-1,-1,-1,-1
14, 37479.jpg,7,533,613,83,132,-1,-1,-1,-1
14, 37479.jpg,8,705,634,57,136,-1,-1,-1,-1
14, 37479.jpg,9,1038,519,80,130,-1,-1,-1,-1
14, 37479.jpg,10,1147,674,66,169,-1,-1,-1,-1
14, 37479.jpg,11,1389,569,58,136,-1,-1,-1,-1
14, 37479.jpg,13,835,570,60,129,-1,-1,-1,-1
14, 37479.jpg,16,1849,714,61,155,-1,-1,-1,-1
14, 37479.jpg,17,996,625,60,155,-1,-1,-1,-1
15, 37480.jpg,1,824,607,88,166,-1,-1,-1,-1
15, 37480.jpg,4,1091,599,73,143,-1,-1,-1,-1
15, 37480.jpg,5,1218,606,54,147,-1,-1,-1,-1
15, 37480.jpg,6,722,575,55,121,-1,-1,-1,-1
15, 37480.jpg,7,540,612,82,133,-1,-1,-1,-1
15, 37480.jpg,8,705,642,56,133,-1,-1,-1,-1
15, 37480.jpg,9,1037,518,78,130,-1,-1,-1,-1
15, 37480.jpg,10,1153,673,64,164,-1,-1,-1,-1
15, 37480.jpg,11,1386,570,56,133,-1,-1,-1,-1
15, 37480.jpg,17,996,624,60,156,-1,-1,-1,-1
16, 37481.jpg,1,826,614,87,167,-1,-1,-1,-1
16, 37481.jpg,4,1094,599,72,142,-1,-1,-1,-1
16, 37481.jpg,5,1219,606,52,145,-1,-1,-1,-1
16, 37481.jpg,6,720,593,64,140,-1,-1,-1,-1
16, 37481.jpg,7,545,610,82,135,-1,-1,-1,-1
16, 37481.jpg,8,706,643,56,132,-1,-1,-1,-1
16, 37481.jpg,9,1033,515,80,134,-1,-1,-1,-1
16, 37481.jpg,10,1159,672,63,161,-1,-1,-1,-1
16, 37481.jpg,11,1384,569,55,133,-1,-1,-1,-1
16, 37481.jpg,13,828,570,65,138,-1,-1,-1,-1
16, 37481.jpg,17,997,625,60,154,-1,-1,-1,-1
17, 37482.jpg,1,827,619,83,165,-1,-1,-1,-1
17, 37482.jpg,4,1095,599,72,141,-1,-1,-1,-1
17, 37482.jpg,5,1221,605,53,146,-1,-1,-1,-1
17, 37482.jpg,6,725,583,61,128,-1,-1,-1,-1
17, 37482.jpg,7,551,607,84,139,-1,-1,-1,-1
17, 37482.jpg,8,699,643,60,137,-1,-1,-1,-1
17, 37482.jpg,9,1030,512,78,135,-1,-1,-1,-1
17, 37482.jpg,10,1164,667,63,164,-1,-1,-1,-1
17, 37482.jpg,11,1381,569,55,133,-1,-1,-1,-1
17, 37482.jpg,13,827,569,61,130,-1,-1,-1,-1
17, 37482.jpg,16,1852,713,56,144,-1,-1,-1,-1
17, 37482.jpg,17,997,623,60,155,-1,-1,-1,-1
18, 37483.jpg,1,821,600,87,176,-1,-1,-1,-1
18, 37483.jpg,4,1097,598,72,142,-1,-1,-1,-1
18, 37483.jpg,5,1220,607,52,143,-1,-1,-1,-1
18, 37483.jpg,6,728,578,60,126,-1,-1,-1,-1
18, 37483.jpg,7,555,608,85,139,-1,-1,-1,-1
18, 37483.jpg,8,699,638,61,140,-1,-1,-1,-1
18, 37483.jpg,9,1027,511,75,134,-1,-1,-1,-1
18, 37483.jpg,10,1166,665,65,168,-1,-1,-1,-1
18, 37483.jpg,11,1376,569,55,135,-1,-1,-1,-1
18, 37483.jpg,13,825,566,62,128,-1,-1,-1,-1
18, 37483.jpg,16,1851,713,57,142,-1,-1,-1,-1
18, 37483.jpg,17,997,622,61,156,-1,-1,-1,-1
19, 37484.jpg,1,820,593,86,178,-1,-1,-1,-1
19, 37484.jpg,4,1098,598,72,142,-1,-1,-1,-1
19, 37484.jpg,5,1220,608,51,142,-1,-1,-1,-1
19, 37484.jpg,6,727,577,61,127,-1,-1,-1,-1
19, 37484.jpg,7,557,607,86,141,-1,-1,-1,-1
19, 37484.jpg,8,706,613,69,157,-1,-1,-1,-1
19, 37484.jpg,9,1024,510,74,133,-1,-1,-1,-1
19, 37484.jpg,10,1169,664,65,169,-1,-1,-1,-1
19, 37484.jpg,11,1374,569,55,135,-1,-1,-1,-1
19, 37484.jpg,13,825,568,60,122,-1,-1,-1,-1
19, 37484.jpg,17,998,621,61,157,-1,-1,-1,-1
20, 37485.jpg,1,828,594,72,151,-1,-1,-1,-1
20, 37485.jpg,4,1100,600,71,139,-1,-1,-1,-1
20, 37485.jpg,5,1220,608,51,141,-1,-1,-1,-1
20, 37485.jpg,6,727,576,62,128,-1,-1,-1,-1
20, 37485.jpg,7,558,607,86,140,-1,-1,-1,-1
20, 37485.jpg,8,709,603,73,164,-1,-1,-1,-1
20, 37485.jpg,9,1021,509,76,137,-1,-1,-1,-1
20, 37485.jpg,10,1183,644,68,176,-1,-1,-1,-1
20, 37485.jpg,11,1371,571,55,134,-1,-1,-1,-1
20, 37485.jpg,13,823,568,60,124,-1,-1,-1,-1
20, 37485.jpg,17,1000,623,60,154,-1,-1,-1,-1
21, 37486.jpg,1,825,620,68,142,-1,-1,-1,-1
21, 37486.jpg,4,1102,603,70,136,-1,-1,-1,-1
21, 37486.jpg,6,729,573,64,130,-1,-1,-1,-1
21, 37486.jpg,7,562,607,86,139,-1,-1,-1,-1
21, 37486.jpg,8,705,621,68,152,-1,-1,-1,-1
21, 37486.jpg,9,1017,513,74,134,-1,-1,-1,-1
21, 37486.jpg,10,1188,639,70,175,-1,-1,-1,-1
21, 37486.jpg,11,1367,573,55,132,-1,-1,-1,-1
21, 37486.jpg,13,823,571,59,119,-1,-1,-1,-1
21, 37486.jpg,17,1001,623,60,155,-1,-1,-1,-1
22, 37487.jpg,1,821,607,76,161,-1,-1,-1,-1
22, 37487.jpg,4,1104,603,69,136,-1,-1,-1,-1
22, 37487.jpg,5,1219,610,54,141,-1,-1,-1,-1
22, 37487.jpg,6,728,576,62,127,-1,-1,-1,-1
22, 37487.jpg,7,567,607,85,138,-1,-1,-1,-1
22, 37487.jpg,8,710,605,73,163,-1,-1,-1,-1
22, 37487.jpg,9,1012,517,76,133,-1,-1,-1,-1
22, 37487.jpg,10,1185,663,65,158,-1,-1,-1,-1
22, 37487.jpg,11,1362,575,55,132,-1,-1,-1,-1
22, 37487.jpg,13,811,566,59,120,-1,-1,-1,-1
22, 37487.jpg,17,1002,624,59,155,-1,-1,-1,-1
23, 37488.jpg,1,821,619,72,151,-1,-1,-1,-1
23, 37488.jpg,4,1106,604,69,135,-1,-1,-1,-1
23, 37488.jpg,5,1219,610,54,141,-1,-1,-1,-1
23, 37488.jpg,6,728,576,62,128,-1,-1,-1,-1
23, 37488.jpg,7,572,606,84,138,-1,-1,-1,-1
23, 37488.jpg,8,711,603,74,164,-1,-1,-1,-1
23, 37488.jpg,9,1007,519,77,130,-1,-1,-1,-1
23, 37488.jpg,10,1196,645,68,159,-1,-1,-1,-1
23, 37488.jpg,11,1361,578,55,129,-1,-1,-1,-1
23, 37488.jpg,13,810,566,61,119,-1,-1,-1,-1
23, 37488.jpg,17,1003,626,59,153,-1,-1,-1,-1
24, 37489.jpg,1,819,618,72,151,-1,-1,-1,-1
24, 37489.jpg,4,1110,597,71,140,-1,-1,-1,-1
24, 37489.jpg,6,731,575,60,120,-1,-1,-1,-1
24, 37489.jpg,7,578,605,82,139,-1,-1,-1,-1
24, 37489.jpg,8,713,597,75,166,-1,-1,-1,-1
24, 37489.jpg,9,1005,523,76,126,-1,-1,-1,-1
24, 37489.jpg,10,1196,645,72,164,-1,-1,-1,-1
24, 37489.jpg,11,1359,577,56,130,-1,-1,-1,-1
24, 37489.jpg,13,809,567,63,120,-1,-1,-1,-1
24, 37489.jpg,17,1004,626,59,154,-1,-1,-1,-1
25, 37490.jpg,1,817,619,72,151,-1,-1,-1,-1
25, 37490.jpg,4,1115,596,69,139,-1,-1,-1,-1
25, 37490.jpg,6,727,575,60,121,-1,-1,-1,-1
25, 37490.jpg,7,583,605,80,140,-1,-1,-1,-1
25, 37490.jpg,8,714,597,75,166,-1,-1,-1,-1
25, 37490.jpg,9,1000,527,77,122,-1,-1,-1,-1
25, 37490.jpg,10,1203,638,72,164,-1,-1,-1,-1
25, 37490.jpg,11,1356,578,56,130,-1,-1,-1,-1
25, 37490.jpg,13,803,569,68,130,-1,-1,-1,-1
25, 37490.jpg,17,1005,629,57,150,-1,-1,-1,-1
26, 37491.jpg,4,1119,596,66,137,-1,-1,-1,-1
26, 37491.jpg,5,1231,608,56,143,-1,-1,-1,-1
26, 37491.jpg,6,725,574,61,126,-1,-1,-1,-1
26, 37491.jpg,7,591,605,76,138,-1,-1,-1,-1
26, 37491.jpg,8,715,594,76,168,-1,-1,-1,-1
26, 37491.jpg,9,995,528,78,120,-1,-1,-1,-1
26, 37491.jpg,10,1200,640,76,170,-1,-1,-1,-1
26, 37491.jpg,11,1353,578,56,131,-1,-1,-1,-1
26, 37491.jpg,13,799,575,66,119,-1,-1,-1,-1
26, 37491.jpg,17,1006,629,57,149,-1,-1,-1,-1
27, 37492.jpg,4,1121,597,64,136,-1,-1,-1,-1
27, 37492.jpg,5,1228,611,57,142,-1,-1,-1,-1
27, 37492.jpg,6,735,584,59,122,-1,-1,-1,-1
27, 37492.jpg,7,600,604,74,141,-1,-1,-1,-1
27, 37492.jpg,8,718,595,73,165,-1,-1,-1,-1
27, 37492.jpg,9,991,529,77,116,-1,-1,-1,-1
27, 37492.jpg,10,1196,642,78,174,-1,-1,-1,-1
27, 37492.jpg,11,1350,580,54,129,-1,-1,-1,-1
27, 37492.jpg,13,787,573,67,121,-1,-1,-1,-1
27, 37492.jpg,17,1008,629,56,149,-1,-1,-1,-1
28, 37493.jpg,1,779,582,76,161,-1,-1,-1,-1
28, 37493.jpg,4,1123,600,61,133,-1,-1,-1,-1
28, 37493.jpg,5,1231,612,58,140,-1,-1,-1,-1
28, 37493.jpg,6,727,580,54,112,-1,-1,-1,-1
28, 37493.jpg,7,607,606,71,139,-1,-1,-1,-1
28, 37493.jpg,8,718,593,73,166,-1,-1,-1,-1
28, 37493.jpg,9,986,529,76,114,-1,-1,-1,-1
28, 37493.jpg,10,1196,644,80,175,-1,-1,-1,-1
28, 37493.jpg,11,1346,580,55,130,-1,-1,-1,-1
28, 37493.jpg,13,783,574,67,121,-1,-1,-1,-1
28, 37493.jpg,17,1008,627,58,151,-1,-1,-1,-1
29, 37494.jpg,1,780,578,74,157,-1,-1,-1,-1
29, 37494.jpg,4,1124,599,61,136,-1,-1,-1,-1
29, 37494.jpg,5,1232,612,58,140,-1,-1,-1,-1
29, 37494.jpg,6,724,578,50,107,-1,-1,-1,-1
29, 37494.jpg,7,614,606,69,139,-1,-1,-1,-1
29, 37494.jpg,8,721,590,74,169,-1,-1,-1,-1
29, 37494.jpg,9,984,530,75,112,-1,-1,-1,-1
29, 37494.jpg,10,1202,638,81,176,-1,-1,-1,-1
29, 37494.jpg,11,1343,581,53,129,-1,-1,-1,-1
29, 37494.jpg,17,1010,624,59,155,-1,-1,-1,-1
30, 37495.jpg,1,786,582,77,163,-1,-1,-1,-1
30, 37495.jpg,4,1125,598,61,138,-1,-1,-1,-1
30, 37495.jpg,5,1236,617,56,133,-1,-1,-1,-1
30, 37495.jpg,6,723,578,50,107,-1,-1,-1,-1
30, 37495.jpg,7,620,607,70,139,-1,-1,-1,-1
30, 37495.jpg,8,739,586,74,164,-1,-1,-1,-1
30, 37495.jpg,9,980,526,76,116,-1,-1,-1,-1
30, 37495.jpg,10,1206,638,81,177,-1,-1,-1,-1
30, 37495.jpg,11,1338,581,52,128,-1,-1,-1,-1
30, 37495.jpg,17,1010,624,60,155,-1,-1,-1,-1
31, 37496.jpg,1,789,581,78,169,-1,-1,-1,-1
31, 37496.jpg,4,1128,598,60,139,-1,-1,-1,-1
31, 37496.jpg,5,1237,620,55,130,-1,-1,-1,-1
31, 37496.jpg,6,723,578,49,106,-1,-1,-1,-1
31, 37496.jpg,7,652,608,73,140,-1,-1,-1,-1
31, 37496.jpg,8,741,582,77,167,-1,-1,-1,-1
31, 37496.jpg,9,979,528,73,113,-1,-1,-1,-1
31, 37496.jpg,10,1209,656,74,163,-1,-1,-1,-1
31, 37496.jpg,11,1336,579,51,129,-1,-1,-1,-1
31, 37496.jpg,13,793,568,67,122,-1,-1,-1,-1
31, 37496.jpg,17,1012,625,59,153,-1,-1,-1,-1
32, 37497.jpg,1,787,582,80,172,-1,-1,-1,-1
32, 37497.jpg,4,1130,595,61,142,-1,-1,-1,-1
32, 37497.jpg,5,1238,622,56,134,-1,-1,-1,-1
32, 37497.jpg,6,722,579,49,102,-1,-1,-1,-1
32, 37497.jpg,7,660,605,76,140,-1,-1,-1,-1
32, 37497.jpg,8,724,584,77,168,-1,-1,-1,-1
32, 37497.jpg,9,972,511,81,128,-1,-1,-1,-1
32, 37497.jpg,10,1212,656,74,162,-1,-1,-1,-1
32, 37497.jpg,11,1333,577,52,132,-1,-1,-1,-1
32, 37497.jpg,13,779,566,71,136,-1,-1,-1,-1
32, 37497.jpg,17,1014,626,58,151,-1,-1,-1,-1
33, 37498.jpg,1,784,580,81,174,-1,-1,-1,-1
33, 37498.jpg,4,1132,592,60,145,-1,-1,-1,-1
33, 37498.jpg,5,1243,616,52,124,-1,-1,-1,-1
33, 37498.jpg,6,718,577,52,109,-1,-1,-1,-1
33, 37498.jpg,7,664,605,77,140,-1,-1,-1,-1
33, 37498.jpg,8,739,580,79,168,-1,-1,-1,-1
33, 37498.jpg,9,971,507,81,131,-1,-1,-1,-1
33, 37498.jpg,10,1215,637,80,177,-1,-1,-1,-1
33, 37498.jpg,11,1330,577,53,133,-1,-1,-1,-1
33, 37498.jpg,13,776,566,72,137,-1,-1,-1,-1
33, 37498.jpg,17,1015,624,58,152,-1,-1,-1,-1
34, 37499.jpg,4,1134,592,60,145,-1,-1,-1,-1
34, 37499.jpg,5,1250,612,52,124,-1,-1,-1,-1
34, 37499.jpg,6,717,577,52,109,-1,-1,-1,-1
34, 37499.jpg,7,665,603,80,142,-1,-1,-1,-1
34, 37499.jpg,8,746,580,81,166,-1,-1,-1,-1
34, 37499.jpg,9,967,486,78,131,-1,-1,-1,-1
34, 37499.jpg,10,1221,636,78,178,-1,-1,-1,-1
34, 37499.jpg,11,1327,578,53,132,-1,-1,-1,-1
34, 37499.jpg,17,1017,622,58,154,-1,-1,-1,-1
35, 37500.jpg,1,788,584,79,168,-1,-1,-1,-1
35, 37500.jpg,4,1135,593,59,144,-1,-1,-1,-1
35, 37500.jpg,5,1247,614,54,130,-1,-1,-1,-1
35, 37500.jpg,7,671,605,81,141,-1,-1,-1,-1
35, 37500.jpg,8,735,576,82,169,-1,-1,-1,-1
35, 37500.jpg,9,970,494,80,140,-1,-1,-1,-1
35, 37500.jpg,10,1224,649,72,167,-1,-1,-1,-1
35, 37500.jpg,11,1324,580,54,130,-1,-1,-1,-1
35, 37500.jpg,17,1016,621,59,154,-1,-1,-1,-1
36, 37501.jpg,1,788,584,79,168,-1,-1,-1,-1
36, 37501.jpg,4,1136,593,57,143,-1,-1,-1,-1
36, 37501.jpg,5,1248,616,51,122,-1,-1,-1,-1
36, 37501.jpg,7,675,602,82,141,-1,-1,-1,-1
36, 37501.jpg,8,739,575,82,169,-1,-1,-1,-1
36, 37501.jpg,9,970,490,83,150,-1,-1,-1,-1
36, 37501.jpg,10,1227,657,68,160,-1,-1,-1,-1
36, 37501.jpg,11,1321,579,56,132,-1,-1,-1,-1
36, 37501.jpg,17,1020,623,57,151,-1,-1,-1,-1
37, 37502.jpg,1,782,583,79,167,-1,-1,-1,-1
37, 37502.jpg,4,1134,593,57,143,-1,-1,-1,-1
37, 37502.jpg,5,1244,625,54,130,-1,-1,-1,-1
37, 37502.jpg,7,673,602,80,139,-1,-1,-1,-1
37, 37502.jpg,8,738,575,81,168,-1,-1,-1,-1
37, 37502.jpg,9,971,490,83,153,-1,-1,-1,-1
37, 37502.jpg,10,1231,658,67,158,-1,-1,-1,-1
37, 37502.jpg,11,1318,579,57,133,-1,-1,-1,-1
37, 37502.jpg,17,1022,625,56,149,-1,-1,-1,-1
38, 37503.jpg,1,779,582,80,168,-1,-1,-1,-1
38, 37503.jpg,4,1133,594,58,141,-1,-1,-1,-1
38, 37503.jpg,5,1253,621,48,110,-1,-1,-1,-1
38, 37503.jpg,7,679,603,78,139,-1,-1,-1,-1
38, 37503.jpg,8,739,576,81,167,-1,-1,-1,-1
38, 37503.jpg,9,972,486,83,160,-1,-1,-1,-1
38, 37503.jpg,10,1235,644,71,168,-1,-1,-1,-1
38, 37503.jpg,11,1316,579,58,133,-1,-1,-1,-1
38, 37503.jpg,17,1025,629,54,144,-1,-1,-1,-1
39, 37504.jpg,4,1135,594,57,140,-1,-1,-1,-1
39, 37504.jpg,5,1255,621,47,109,-1,-1,-1,-1
39, 37504.jpg,7,684,603,79,139,-1,-1,-1,-1
39, 37504.jpg,8,740,575,82,166,-1,-1,-1,-1
39, 37504.jpg,9,969,483,85,164,-1,-1,-1,-1
39, 37504.jpg,10,1238,643,72,168,-1,-1,-1,-1
39, 37504.jpg,11,1313,579,58,133,-1,-1,-1,-1
39, 37504.jpg,17,1026,630,54,143,-1,-1,-1,-1
