2, 21817.jpg,1,498,381,42,108,-1,-1,-1,-1
2, 21817.jpg,2,790,330,43,47,-1,-1,-1,-1
2, 21817.jpg,3,633,357,41,94,-1,-1,-1,-1
2, 21817.jpg,4,872,448,43,126,-1,-1,-1,-1
2, 21817.jpg,5,397,462,45,134,-1,-1,-1,-1
2, 21817.jpg,6,271,370,59,86,-1,-1,-1,-1
2, 21817.jpg,7,665,445,59,117,-1,-1,-1,-1
2, 21817.jpg,8,831,328,67,104,-1,-1,-1,-1
2, 21817.jpg,9,306,317,52,89,-1,-1,-1,-1
2, 21817.jpg,11,302,424,49,112,-1,-1,-1,-1
3, 21818.jpg,1,502,378,42,111,-1,-1,-1,-1
3, 21818.jpg,2,791,329,45,49,-1,-1,-1,-1
3, 21818.jpg,3,632,344,35,81,-1,-1,-1,-1
3, 21818.jpg,4,875,452,43,127,-1,-1,-1,-1
3, 21818.jpg,5,399,460,43,130,-1,-1,-1,-1
3, 21818.jpg,6,272,370,57,85,-1,-1,-1,-1
3, 21818.jpg,7,666,443,61,118,-1,-1,-1,-1
3, 21818.jpg,8,832,328,67,104,-1,-1,-1,-1
3, 21818.jpg,9,304,316,53,90,-1,-1,-1,-1
3, 21818.jpg,11,299,425,48,111,-1,-1,-1,-1
3, 21818.jpg,12,495,325,36,93,-1,-1,-1,-1
4, 21819.jpg,1,506,374,43,113,-1,-1,-1,-1
4, 21819.jpg,2,793,329,44,49,-1,-1,-1,-1
4, 21819.jpg,3,636,340,35,81,-1,-1,-1,-1
4, 21819.jpg,4,876,455,43,127,-1,-1,-1,-1
4, 21819.jpg,5,401,457,44,130,-1,-1,-1,-1
4, 21819.jpg,6,272,369,56,84,-1,-1,-1,-1
4, 21819.jpg,7,667,440,61,120,-1,-1,-1,-1
4, 21819.jpg,8,833,328,66,104,-1,-1,-1,-1
4, 21819.jpg,9,302,315,53,91,-1,-1,-1,-1
4, 21819.jpg,11,295,426,49,110,-1,-1,-1,-1
4, 21819.jpg,12,495,324,37,95,-1,-1,-1,-1
5, 21820.jpg,1,509,371,42,109,-1,-1,-1,-1
5, 21820.jpg,2,795,333,40,43,-1,-1,-1,-1
5, 21820.jpg,3,639,344,35,79,-1,-1,-1,-1
5, 21820.jpg,4,880,462,40,119,-1,-1,-1,-1
5, 21820.jpg,5,404,457,43,126,-1,-1,-1,-1
5, 21820.jpg,6,272,369,55,85,-1,-1,-1,-1
5, 21820.jpg,7,669,440,60,120,-1,-1,-1,-1
5, 21820.jpg,8,833,327,66,104,-1,-1,-1,-1
5, 21820.jpg,9,300,313,54,94,-1,-1,-1,-1
5, 21820.jpg,11,288,426,49,109,-1,-1,-1,-1
5, 21820.jpg,12,497,326,35,92,-1,-1,-1,-1
5, 21820.jpg,13,638,365,44,111,-1,-1,-1,-1
6, 21821.jpg,1,516,367,42,110,-1,-1,-1,-1
6, 21821.jpg,2,797,329,42,48,-1,-1,-1,-1
6, 21821.jpg,3,642,342,33,76,-1,-1,-1,-1
6, 21821.jpg,4,883,465,40,117,-1,-1,-1,-1
6, 21821.jpg,5,404,455,43,126,-1,-1,-1,-1
6, 21821.jpg,6,269,368,55,86,-1,-1,-1,-1
6, 21821.jpg,7,670,438,61,122,-1,-1,-1,-1
6, 21821.jpg,8,833,327,65,104,-1,-1,-1,-1
6, 21821.jpg,9,298,312,56,96,-1,-1,-1,-1
6, 21821.jpg,11,282,427,51,106,-1,-1,-1,-1
6, 21821.jpg,12,500,330,32,82,-1,-1,-1,-1
6, 21821.jpg,13,638,360,46,115,-1,-1,-1,-1
7, 21822.jpg,1,523,366,41,106,-1,-1,-1,-1
7, 21822.jpg,2,798,327,45,52,-1,-1,-1,-1
7, 21822.jpg,3,640,340,33,77,-1,-1,-1,-1
7, 21822.jpg,4,884,462,41,119,-1,-1,-1,-1
7, 21822.jpg,5,405,451,43,127,-1,-1,-1,-1
7, 21822.jpg,6,267,365,55,89,-1,-1,-1,-1
7, 21822.jpg,7,670,436,62,123,-1,-1,-1,-1
7, 21822.jpg,8,835,326,64,105,-1,-1,-1,-1
7, 21822.jpg,9,297,311,57,98,-1,-1,-1,-1
7, 21822.jpg,11,278,427,52,106,-1,-1,-1,-1
7, 21822.jpg,12,497,328,34,87,-1,-1,-1,-1
7, 21822.jpg,13,639,366,44,109,-1,-1,-1,-1
8, 21823.jpg,1,517,357,41,103,-1,-1,-1,-1
8, 21823.jpg,2,799,327,46,53,-1,-1,-1,-1
8, 21823.jpg,3,642,336,33,75,-1,-1,-1,-1
8, 21823.jpg,4,884,457,43,125,-1,-1,-1,-1
8, 21823.jpg,5,405,444,46,134,-1,-1,-1,-1
8, 21823.jpg,6,265,362,56,91,-1,-1,-1,-1
8, 21823.jpg,7,670,433,61,123,-1,-1,-1,-1
8, 21823.jpg,8,836,326,63,105,-1,-1,-1,-1
8, 21823.jpg,9,295,310,58,98,-1,-1,-1,-1
8, 21823.jpg,11,276,429,53,103,-1,-1,-1,-1
8, 21823.jpg,12,495,328,35,90,-1,-1,-1,-1
8, 21823.jpg,13,639,365,41,102,-1,-1,-1,-1
9, 21824.jpg,1,526,360,41,104,-1,-1,-1,-1
9, 21824.jpg,2,804,327,45,54,-1,-1,-1,-1
9, 21824.jpg,3,643,338,32,72,-1,-1,-1,-1
9, 21824.jpg,4,883,452,44,130,-1,-1,-1,-1
9, 21824.jpg,5,406,438,46,133,-1,-1,-1,-1
9, 21824.jpg,6,265,362,53,88,-1,-1,-1,-1
9, 21824.jpg,7,671,430,59,121,-1,-1,-1,-1
9, 21824.jpg,8,837,324,62,107,-1,-1,-1,-1
9, 21824.jpg,9,294,310,59,98,-1,-1,-1,-1
9, 21824.jpg,11,274,431,56,101,-1,-1,-1,-1
9, 21824.jpg,12,493,327,37,93,-1,-1,-1,-1
9, 21824.jpg,13,639,368,41,101,-1,-1,-1,-1
10, 21825.jpg,1,531,362,42,104,-1,-1,-1,-1
10, 21825.jpg,2,805,326,46,54,-1,-1,-1,-1
10, 21825.jpg,3,643,334,33,75,-1,-1,-1,-1
10, 21825.jpg,4,883,448,44,132,-1,-1,-1,-1
10, 21825.jpg,5,406,434,45,131,-1,-1,-1,-1
10, 21825.jpg,6,261,362,52,87,-1,-1,-1,-1
10, 21825.jpg,7,671,429,57,118,-1,-1,-1,-1
10, 21825.jpg,8,838,322,61,108,-1,-1,-1,-1
10, 21825.jpg,9,293,310,57,95,-1,-1,-1,-1
10, 21825.jpg,11,273,431,57,101,-1,-1,-1,-1
10, 21825.jpg,12,491,324,38,95,-1,-1,-1,-1
10, 21825.jpg,13,639,365,42,104,-1,-1,-1,-1
11, 21826.jpg,1,535,363,42,102,-1,-1,-1,-1
11, 21826.jpg,2,808,325,45,54,-1,-1,-1,-1
11, 21826.jpg,3,645,332,32,73,-1,-1,-1,-1
11, 21826.jpg,4,884,445,44,132,-1,-1,-1,-1
11, 21826.jpg,5,407,431,44,126,-1,-1,-1,-1
11, 21826.jpg,6,258,363,49,84,-1,-1,-1,-1
11, 21826.jpg,7,670,426,56,119,-1,-1,-1,-1
11, 21826.jpg,8,839,322,60,107,-1,-1,-1,-1
11, 21826.jpg,9,292,310,55,91,-1,-1,-1,-1
11, 21826.jpg,11,273,429,60,102,-1,-1,-1,-1
11, 21826.jpg,12,489,321,39,96,-1,-1,-1,-1
11, 21826.jpg,13,636,352,47,114,-1,-1,-1,-1
12, 21827.jpg,1,537,364,40,100,-1,-1,-1,-1
12, 21827.jpg,2,811,328,40,48,-1,-1,-1,-1
12, 21827.jpg,4,884,443,44,132,-1,-1,-1,-1
12, 21827.jpg,5,409,425,45,127,-1,-1,-1,-1
12, 21827.jpg,6,254,363,49,84,-1,-1,-1,-1
12, 21827.jpg,7,669,423,55,120,-1,-1,-1,-1
12, 21827.jpg,8,841,322,58,107,-1,-1,-1,-1
12, 21827.jpg,9,291,309,54,90,-1,-1,-1,-1
12, 21827.jpg,11,273,427,63,103,-1,-1,-1,-1
12, 21827.jpg,12,487,318,40,98,-1,-1,-1,-1
12, 21827.jpg,13,637,347,47,116,-1,-1,-1,-1
13, 21828.jpg,1,540,366,40,99,-1,-1,-1,-1
13, 21828.jpg,2,813,325,42,50,-1,-1,-1,-1
13, 21828.jpg,4,884,443,42,128,-1,-1,-1,-1
13, 21828.jpg,5,412,422,45,124,-1,-1,-1,-1
13, 21828.jpg,6,248,362,51,88,-1,-1,-1,-1
13, 21828.jpg,7,668,421,56,121,-1,-1,-1,-1
13, 21828.jpg,8,843,321,56,108,-1,-1,-1,-1
13, 21828.jpg,9,291,306,54,91,-1,-1,-1,-1
13, 21828.jpg,11,272,424,65,105,-1,-1,-1,-1
13, 21828.jpg,12,486,316,41,98,-1,-1,-1,-1
13, 21828.jpg,13,637,341,50,121,-1,-1,-1,-1
14, 21829.jpg,1,541,366,40,99,-1,-1,-1,-1
14, 21829.jpg,2,815,325,41,49,-1,-1,-1,-1
14, 21829.jpg,4,884,443,41,124,-1,-1,-1,-1
14, 21829.jpg,5,415,420,45,123,-1,-1,-1,-1
14, 21829.jpg,6,243,362,54,88,-1,-1,-1,-1
14, 21829.jpg,7,670,421,55,123,-1,-1,-1,-1
14, 21829.jpg,8,844,322,55,105,-1,-1,-1,-1
14, 21829.jpg,9,289,305,53,90,-1,-1,-1,-1
14, 21829.jpg,11,271,422,67,106,-1,-1,-1,-1
14, 21829.jpg,12,485,315,41,97,-1,-1,-1,-1
14, 21829.jpg,13,637,340,50,120,-1,-1,-1,-1
15, 21830.jpg,1,542,364,41,102,-1,-1,-1,-1
15, 21830.jpg,2,816,325,41,48,-1,-1,-1,-1
15, 21830.jpg,4,882,444,41,123,-1,-1,-1,-1
15, 21830.jpg,5,416,416,46,125,-1,-1,-1,-1
15, 21830.jpg,6,240,363,54,86,-1,-1,-1,-1
15, 21830.jpg,7,669,419,55,124,-1,-1,-1,-1
15, 21830.jpg,8,845,322,53,105,-1,-1,-1,-1
15, 21830.jpg,9,290,306,51,86,-1,-1,-1,-1
15, 21830.jpg,11,271,421,67,105,-1,-1,-1,-1
15, 21830.jpg,12,484,314,41,97,-1,-1,-1,-1
15, 21830.jpg,13,638,343,48,112,-1,-1,-1,-1
16, 21831.jpg,1,543,363,41,103,-1,-1,-1,-1
16, 21831.jpg,2,818,325,40,48,-1,-1,-1,-1
16, 21831.jpg,4,880,447,41,119,-1,-1,-1,-1
16, 21831.jpg,5,417,413,46,126,-1,-1,-1,-1
16, 21831.jpg,6,239,364,54,85,-1,-1,-1,-1
16, 21831.jpg,7,669,418,55,124,-1,-1,-1,-1
16, 21831.jpg,8,846,322,53,105,-1,-1,-1,-1
16, 21831.jpg,9,290,307,50,85,-1,-1,-1,-1
16, 21831.jpg,11,272,419,68,105,-1,-1,-1,-1
16, 21831.jpg,12,482,312,42,98,-1,-1,-1,-1
16, 21831.jpg,13,639,339,49,116,-1,-1,-1,-1
17, 21832.jpg,1,543,362,41,104,-1,-1,-1,-1
17, 21832.jpg,2,816,322,45,53,-1,-1,-1,-1
17, 21832.jpg,4,878,450,42,116,-1,-1,-1,-1
17, 21832.jpg,5,417,407,47,128,-1,-1,-1,-1
17, 21832.jpg,6,240,365,54,83,-1,-1,-1,-1
17, 21832.jpg,7,669,416,55,125,-1,-1,-1,-1
17, 21832.jpg,8,847,324,51,103,-1,-1,-1,-1
17, 21832.jpg,9,289,307,50,86,-1,-1,-1,-1
17, 21832.jpg,11,274,418,68,103,-1,-1,-1,-1
17, 21832.jpg,12,480,310,42,97,-1,-1,-1,-1
17, 21832.jpg,13,637,344,49,110,-1,-1,-1,-1
18, 21833.jpg,1,544,362,41,103,-1,-1,-1,-1
18, 21833.jpg,2,819,324,41,49,-1,-1,-1,-1
18, 21833.jpg,4,878,452,41,113,-1,-1,-1,-1
18, 21833.jpg,5,418,405,45,123,-1,-1,-1,-1
18, 21833.jpg,6,240,365,55,83,-1,-1,-1,-1
18, 21833.jpg,7,669,413,53,125,-1,-1,-1,-1
18, 21833.jpg,8,848,324,50,103,-1,-1,-1,-1
18, 21833.jpg,9,291,309,48,83,-1,-1,-1,-1
18, 21833.jpg,11,278,417,66,102,-1,-1,-1,-1
18, 21833.jpg,12,477,308,43,96,-1,-1,-1,-1
18, 21833.jpg,13,638,344,48,107,-1,-1,-1,-1
19, 21834.jpg,1,544,362,41,104,-1,-1,-1,-1
19, 21834.jpg,2,817,320,45,54,-1,-1,-1,-1
19, 21834.jpg,4,877,450,43,115,-1,-1,-1,-1
19, 21834.jpg,5,419,404,43,117,-1,-1,-1,-1
19, 21834.jpg,6,240,365,54,81,-1,-1,-1,-1
19, 21834.jpg,7,668,410,53,123,-1,-1,-1,-1
19, 21834.jpg,8,849,325,48,101,-1,-1,-1,-1
19, 21834.jpg,9,292,310,47,83,-1,-1,-1,-1
19, 21834.jpg,11,282,417,68,105,-1,-1,-1,-1
19, 21834.jpg,12,475,305,43,97,-1,-1,-1,-1
19, 21834.jpg,13,637,340,50,111,-1,-1,-1,-1
20, 21835.jpg,1,544,362,41,105,-1,-1,-1,-1
20, 21835.jpg,2,818,319,46,54,-1,-1,-1,-1
20, 21835.jpg,4,875,449,44,114,-1,-1,-1,-1
20, 21835.jpg,5,420,403,41,112,-1,-1,-1,-1
20, 21835.jpg,6,241,364,53,81,-1,-1,-1,-1
20, 21835.jpg,7,668,407,52,122,-1,-1,-1,-1
20, 21835.jpg,8,850,325,47,100,-1,-1,-1,-1
20, 21835.jpg,9,293,312,46,79,-1,-1,-1,-1
20, 21835.jpg,11,286,417,67,106,-1,-1,-1,-1
20, 21835.jpg,12,474,302,44,99,-1,-1,-1,-1
20, 21835.jpg,13,636,337,52,114,-1,-1,-1,-1
21, 21836.jpg,1,544,363,41,105,-1,-1,-1,-1
21, 21836.jpg,4,874,447,46,117,-1,-1,-1,-1
21, 21836.jpg,5,421,403,41,108,-1,-1,-1,-1
21, 21836.jpg,6,241,364,54,81,-1,-1,-1,-1
21, 21836.jpg,7,668,405,51,122,-1,-1,-1,-1
21, 21836.jpg,8,851,324,47,100,-1,-1,-1,-1
21, 21836.jpg,9,292,311,46,82,-1,-1,-1,-1
21, 21836.jpg,11,288,417,66,106,-1,-1,-1,-1
21, 21836.jpg,12,473,300,45,100,-1,-1,-1,-1
21, 21836.jpg,13,635,337,51,114,-1,-1,-1,-1
22, 21837.jpg,1,544,362,41,107,-1,-1,-1,-1
22, 21837.jpg,4,872,445,46,117,-1,-1,-1,-1
22, 21837.jpg,5,420,401,41,107,-1,-1,-1,-1
22, 21837.jpg,6,243,363,54,82,-1,-1,-1,-1
22, 21837.jpg,7,667,403,51,122,-1,-1,-1,-1
22, 21837.jpg,8,854,325,46,99,-1,-1,-1,-1
22, 21837.jpg,9,293,312,46,80,-1,-1,-1,-1
22, 21837.jpg,11,292,418,63,105,-1,-1,-1,-1
22, 21837.jpg,12,472,299,45,101,-1,-1,-1,-1
22, 21837.jpg,13,634,336,51,114,-1,-1,-1,-1
23, 21838.jpg,1,546,362,42,108,-1,-1,-1,-1
23, 21838.jpg,2,823,319,50,58,-1,-1,-1,-1
23, 21838.jpg,4,871,444,44,112,-1,-1,-1,-1
23, 21838.jpg,5,420,398,41,107,-1,-1,-1,-1
23, 21838.jpg,6,242,363,55,82,-1,-1,-1,-1
23, 21838.jpg,7,667,402,50,123,-1,-1,-1,-1
23, 21838.jpg,8,854,325,46,99,-1,-1,-1,-1
23, 21838.jpg,9,293,311,46,82,-1,-1,-1,-1
23, 21838.jpg,11,295,419,63,105,-1,-1,-1,-1
23, 21838.jpg,12,471,298,45,101,-1,-1,-1,-1
23, 21838.jpg,13,634,332,50,116,-1,-1,-1,-1
24, 21839.jpg,1,546,362,42,108,-1,-1,-1,-1
24, 21839.jpg,2,824,319,51,58,-1,-1,-1,-1
24, 21839.jpg,4,869,442,44,111,-1,-1,-1,-1
24, 21839.jpg,5,419,394,42,109,-1,-1,-1,-1
24, 21839.jpg,6,244,363,55,84,-1,-1,-1,-1
24, 21839.jpg,7,667,401,48,120,-1,-1,-1,-1
24, 21839.jpg,8,856,326,44,97,-1,-1,-1,-1
24, 21839.jpg,9,292,310,47,83,-1,-1,-1,-1
24, 21839.jpg,11,297,419,61,105,-1,-1,-1,-1
24, 21839.jpg,12,469,297,44,101,-1,-1,-1,-1
24, 21839.jpg,13,635,326,52,122,-1,-1,-1,-1
25, 21840.jpg,1,549,364,42,108,-1,-1,-1,-1
25, 21840.jpg,4,868,439,44,113,-1,-1,-1,-1
25, 21840.jpg,5,416,388,45,112,-1,-1,-1,-1
25, 21840.jpg,6,242,364,58,86,-1,-1,-1,-1
25, 21840.jpg,7,666,400,47,119,-1,-1,-1,-1
25, 21840.jpg,8,859,325,44,98,-1,-1,-1,-1
25, 21840.jpg,9,292,309,47,85,-1,-1,-1,-1
25, 21840.jpg,11,299,418,61,107,-1,-1,-1,-1
25, 21840.jpg,12,468,295,43,100,-1,-1,-1,-1
25, 21840.jpg,13,636,329,49,117,-1,-1,-1,-1
26, 21841.jpg,1,553,366,41,107,-1,-1,-1,-1
26, 21841.jpg,4,867,436,46,116,-1,-1,-1,-1
26, 21841.jpg,5,415,385,46,113,-1,-1,-1,-1
26, 21841.jpg,6,241,366,58,86,-1,-1,-1,-1
26, 21841.jpg,7,666,400,46,116,-1,-1,-1,-1
26, 21841.jpg,8,861,325,43,98,-1,-1,-1,-1
26, 21841.jpg,9,292,309,47,86,-1,-1,-1,-1
26, 21841.jpg,11,301,418,60,106,-1,-1,-1,-1
26, 21841.jpg,12,466,293,44,102,-1,-1,-1,-1
26, 21841.jpg,13,638,332,45,111,-1,-1,-1,-1
27, 21842.jpg,1,553,368,42,108,-1,-1,-1,-1
27, 21842.jpg,4,868,435,46,116,-1,-1,-1,-1
27, 21842.jpg,5,415,383,46,112,-1,-1,-1,-1
27, 21842.jpg,6,242,368,58,85,-1,-1,-1,-1
27, 21842.jpg,7,665,396,47,120,-1,-1,-1,-1
27, 21842.jpg,8,864,325,42,98,-1,-1,-1,-1
27, 21842.jpg,9,293,309,47,85,-1,-1,-1,-1
27, 21842.jpg,11,303,419,58,103,-1,-1,-1,-1
27, 21842.jpg,12,465,291,45,104,-1,-1,-1,-1
27, 21842.jpg,13,639,332,44,110,-1,-1,-1,-1
28, 21843.jpg,1,555,371,43,110,-1,-1,-1,-1
28, 21843.jpg,4,864,433,49,117,-1,-1,-1,-1
28, 21843.jpg,5,413,380,45,110,-1,-1,-1,-1
28, 21843.jpg,6,245,368,58,84,-1,-1,-1,-1
28, 21843.jpg,7,665,394,47,122,-1,-1,-1,-1
28, 21843.jpg,8,865,325,42,97,-1,-1,-1,-1
28, 21843.jpg,9,294,310,47,84,-1,-1,-1,-1
28, 21843.jpg,11,304,419,57,102,-1,-1,-1,-1
28, 21843.jpg,12,464,290,43,102,-1,-1,-1,-1
28, 21843.jpg,13,639,331,45,112,-1,-1,-1,-1
29, 21844.jpg,1,557,372,43,112,-1,-1,-1,-1
29, 21844.jpg,4,863,432,49,117,-1,-1,-1,-1
29, 21844.jpg,5,412,377,44,108,-1,-1,-1,-1
29, 21844.jpg,6,245,369,60,84,-1,-1,-1,-1
29, 21844.jpg,7,664,393,48,122,-1,-1,-1,-1
29, 21844.jpg,8,867,324,42,99,-1,-1,-1,-1
29, 21844.jpg,9,295,312,46,83,-1,-1,-1,-1
29, 21844.jpg,11,304,419,57,102,-1,-1,-1,-1
29, 21844.jpg,12,463,290,43,100,-1,-1,-1,-1
29, 21844.jpg,13,641,332,43,110,-1,-1,-1,-1
30, 21845.jpg,1,558,373,43,113,-1,-1,-1,-1
30, 21845.jpg,4,864,432,49,113,-1,-1,-1,-1
30, 21845.jpg,5,412,375,43,104,-1,-1,-1,-1
30, 21845.jpg,6,248,370,61,83,-1,-1,-1,-1
30, 21845.jpg,7,661,392,48,121,-1,-1,-1,-1
30, 21845.jpg,8,869,324,42,99,-1,-1,-1,-1
30, 21845.jpg,9,297,314,46,80,-1,-1,-1,-1
30, 21845.jpg,11,304,417,58,104,-1,-1,-1,-1
30, 21845.jpg,12,461,290,43,99,-1,-1,-1,-1
30, 21845.jpg,13,641,331,43,111,-1,-1,-1,-1
31, 21846.jpg,1,558,372,44,115,-1,-1,-1,-1
31, 21846.jpg,2,832,326,51,57,-1,-1,-1,-1
31, 21846.jpg,4,864,431,51,115,-1,-1,-1,-1
31, 21846.jpg,5,413,375,41,99,-1,-1,-1,-1
31, 21846.jpg,6,250,366,65,89,-1,-1,-1,-1
31, 21846.jpg,7,654,367,48,121,-1,-1,-1,-1
31, 21846.jpg,8,872,326,40,97,-1,-1,-1,-1
31, 21846.jpg,9,299,316,45,79,-1,-1,-1,-1
31, 21846.jpg,11,305,416,57,105,-1,-1,-1,-1
31, 21846.jpg,12,460,290,42,98,-1,-1,-1,-1
31, 21846.jpg,13,641,330,43,111,-1,-1,-1,-1
32, 21847.jpg,1,560,372,45,118,-1,-1,-1,-1
32, 21847.jpg,2,833,326,52,57,-1,-1,-1,-1
32, 21847.jpg,4,862,428,53,117,-1,-1,-1,-1
32, 21847.jpg,5,417,375,39,95,-1,-1,-1,-1
32, 21847.jpg,6,253,369,65,87,-1,-1,-1,-1
32, 21847.jpg,7,660,385,47,117,-1,-1,-1,-1
32, 21847.jpg,8,876,326,41,102,-1,-1,-1,-1
32, 21847.jpg,9,300,318,46,77,-1,-1,-1,-1
32, 21847.jpg,11,306,416,57,104,-1,-1,-1,-1
32, 21847.jpg,12,461,290,41,96,-1,-1,-1,-1
32, 21847.jpg,13,644,331,43,111,-1,-1,-1,-1
33, 21848.jpg,1,563,374,44,117,-1,-1,-1,-1
33, 21848.jpg,4,862,427,53,115,-1,-1,-1,-1
33, 21848.jpg,5,419,376,38,93,-1,-1,-1,-1
33, 21848.jpg,6,254,370,65,86,-1,-1,-1,-1
33, 21848.jpg,7,662,392,48,116,-1,-1,-1,-1
33, 21848.jpg,8,879,325,41,103,-1,-1,-1,-1
33, 21848.jpg,9,290,336,51,84,-1,-1,-1,-1
33, 21848.jpg,11,307,418,55,101,-1,-1,-1,-1
33, 21848.jpg,12,461,289,42,96,-1,-1,-1,-1
33, 21848.jpg,13,649,333,37,97,-1,-1,-1,-1
34, 21849.jpg,1,567,373,45,120,-1,-1,-1,-1
34, 21849.jpg,3,653,323,34,80,-1,-1,-1,-1
34, 21849.jpg,4,862,425,53,114,-1,-1,-1,-1
34, 21849.jpg,5,420,376,39,95,-1,-1,-1,-1
34, 21849.jpg,6,265,367,67,89,-1,-1,-1,-1
34, 21849.jpg,7,663,392,49,117,-1,-1,-1,-1
34, 21849.jpg,8,881,326,42,103,-1,-1,-1,-1
34, 21849.jpg,9,295,326,50,83,-1,-1,-1,-1
34, 21849.jpg,11,307,416,55,100,-1,-1,-1,-1
34, 21849.jpg,12,462,287,41,94,-1,-1,-1,-1
34, 21849.jpg,13,647,332,42,106,-1,-1,-1,-1
35, 21850.jpg,1,571,375,43,116,-1,-1,-1,-1
35, 21850.jpg,2,847,327,49,55,-1,-1,-1,-1
35, 21850.jpg,3,655,322,33,81,-1,-1,-1,-1
35, 21850.jpg,4,862,425,51,113,-1,-1,-1,-1
35, 21850.jpg,5,422,377,37,91,-1,-1,-1,-1
35, 21850.jpg,6,267,367,67,89,-1,-1,-1,-1
35, 21850.jpg,7,664,392,49,116,-1,-1,-1,-1
35, 21850.jpg,8,886,326,41,103,-1,-1,-1,-1
35, 21850.jpg,9,295,328,51,83,-1,-1,-1,-1
35, 21850.jpg,11,297,390,60,112,-1,-1,-1,-1
35, 21850.jpg,12,464,285,40,93,-1,-1,-1,-1
35, 21850.jpg,13,649,328,44,111,-1,-1,-1,-1
36, 21851.jpg,1,573,374,43,117,-1,-1,-1,-1
36, 21851.jpg,2,851,327,49,54,-1,-1,-1,-1
36, 21851.jpg,3,655,319,33,77,-1,-1,-1,-1
36, 21851.jpg,4,864,423,49,111,-1,-1,-1,-1
36, 21851.jpg,5,423,378,39,92,-1,-1,-1,-1
36, 21851.jpg,7,664,391,48,116,-1,-1,-1,-1
36, 21851.jpg,8,890,325,42,102,-1,-1,-1,-1
36, 21851.jpg,11,298,398,58,106,-1,-1,-1,-1
36, 21851.jpg,12,465,283,40,93,-1,-1,-1,-1
36, 21851.jpg,13,650,333,42,105,-1,-1,-1,-1
37, 21852.jpg,1,576,374,43,118,-1,-1,-1,-1
37, 21852.jpg,2,854,328,46,51,-1,-1,-1,-1
37, 21852.jpg,3,656,318,32,78,-1,-1,-1,-1
37, 21852.jpg,4,866,421,48,112,-1,-1,-1,-1
37, 21852.jpg,5,423,378,39,93,-1,-1,-1,-1
37, 21852.jpg,7,660,383,50,121,-1,-1,-1,-1
37, 21852.jpg,8,893,324,42,104,-1,-1,-1,-1
37, 21852.jpg,11,302,407,56,101,-1,-1,-1,-1
37, 21852.jpg,12,466,281,40,92,-1,-1,-1,-1
37, 21852.jpg,13,647,333,43,104,-1,-1,-1,-1
38, 21853.jpg,1,579,375,42,118,-1,-1,-1,-1
38, 21853.jpg,2,856,328,45,51,-1,-1,-1,-1
38, 21853.jpg,4,867,418,48,116,-1,-1,-1,-1
38, 21853.jpg,5,423,379,39,94,-1,-1,-1,-1
38, 21853.jpg,7,659,382,50,121,-1,-1,-1,-1
38, 21853.jpg,8,897,324,43,106,-1,-1,-1,-1
38, 21853.jpg,11,305,411,56,99,-1,-1,-1,-1
38, 21853.jpg,12,466,278,41,94,-1,-1,-1,-1
38, 21853.jpg,13,652,346,43,104,-1,-1,-1,-1
38, 21853.jpg,15,294,318,53,113,-1,-1,-1,-1
39, 21854.jpg,1,581,376,43,117,-1,-1,-1,-1
39, 21854.jpg,2,855,326,47,55,-1,-1,-1,-1
39, 21854.jpg,4,868,418,45,112,-1,-1,-1,-1
39, 21854.jpg,5,423,378,38,92,-1,-1,-1,-1
39, 21854.jpg,8,900,323,44,108,-1,-1,-1,-1
39, 21854.jpg,11,306,413,58,97,-1,-1,-1,-1
39, 21854.jpg,12,467,275,41,94,-1,-1,-1,-1
39, 21854.jpg,13,653,349,45,108,-1,-1,-1,-1
39, 21854.jpg,15,294,310,48,104,-1,-1,-1,-1
40, 21855.jpg,1,584,376,42,119,-1,-1,-1,-1
40, 21855.jpg,2,857,324,50,58,-1,-1,-1,-1
40, 21855.jpg,4,868,420,44,108,-1,-1,-1,-1
40, 21855.jpg,5,422,378,38,90,-1,-1,-1,-1
40, 21855.jpg,7,657,378,51,124,-1,-1,-1,-1
40, 21855.jpg,8,903,324,44,108,-1,-1,-1,-1
40, 21855.jpg,11,309,414,59,96,-1,-1,-1,-1
40, 21855.jpg,12,467,273,40,95,-1,-1,-1,-1
40, 21855.jpg,13,657,333,45,110,-1,-1,-1,-1
40, 21855.jpg,15,293,307,47,101,-1,-1,-1,-1
