2, 28832.jpg,1,1408,748,75,178,-1,-1,-1,-1
2, 28832.jpg,2,421,567,58,111,-1,-1,-1,-1
2, 28832.jpg,3,1314,492,66,120,-1,-1,-1,-1
2, 28832.jpg,4,353,619,62,150,-1,-1,-1,-1
2, 28832.jpg,5,804,586,65,152,-1,-1,-1,-1
2, 28832.jpg,6,1105,549,60,117,-1,-1,-1,-1
2, 28832.jpg,7,731,613,54,142,-1,-1,-1,-1
2, 28832.jpg,8,1268,643,89,141,-1,-1,-1,-1
2, 28832.jpg,9,991,630,58,166,-1,-1,-1,-1
2, 28832.jpg,10,1207,579,65,124,-1,-1,-1,-1
2, 28832.jpg,11,532,659,82,165,-1,-1,-1,-1
3, 28833.jpg,1,1414,751,74,177,-1,-1,-1,-1
3, 28833.jpg,2,425,572,55,104,-1,-1,-1,-1
3, 28833.jpg,3,1317,491,66,121,-1,-1,-1,-1
3, 28833.jpg,4,356,623,60,147,-1,-1,-1,-1
3, 28833.jpg,5,809,583,68,159,-1,-1,-1,-1
3, 28833.jpg,6,1115,548,60,120,-1,-1,-1,-1
3, 28833.jpg,7,738,618,52,140,-1,-1,-1,-1
3, 28833.jpg,8,1267,641,92,143,-1,-1,-1,-1
3, 28833.jpg,9,998,635,58,163,-1,-1,-1,-1
3, 28833.jpg,10,1210,578,66,125,-1,-1,-1,-1
3, 28833.jpg,11,530,658,83,166,-1,-1,-1,-1
4, 28834.jpg,1,1420,754,72,172,-1,-1,-1,-1
4, 28834.jpg,2,427,574,54,101,-1,-1,-1,-1
4, 28834.jpg,3,1315,487,69,124,-1,-1,-1,-1
4, 28834.jpg,4,359,628,59,143,-1,-1,-1,-1
4, 28834.jpg,5,814,582,67,159,-1,-1,-1,-1
4, 28834.jpg,6,1124,548,60,118,-1,-1,-1,-1
4, 28834.jpg,7,745,624,54,145,-1,-1,-1,-1
4, 28834.jpg,8,1268,640,91,142,-1,-1,-1,-1
4, 28834.jpg,9,1002,637,58,162,-1,-1,-1,-1
4, 28834.jpg,10,1213,576,67,127,-1,-1,-1,-1
4, 28834.jpg,11,530,658,81,166,-1,-1,-1,-1
5, 28835.jpg,1,1423,754,71,169,-1,-1,-1,-1
5, 28835.jpg,2,428,575,54,101,-1,-1,-1,-1
5, 28835.jpg,3,1317,485,70,126,-1,-1,-1,-1
5, 28835.jpg,4,361,630,59,142,-1,-1,-1,-1
5, 28835.jpg,5,801,594,67,156,-1,-1,-1,-1
5, 28835.jpg,6,1135,549,60,120,-1,-1,-1,-1
5, 28835.jpg,7,754,631,52,142,-1,-1,-1,-1
5, 28835.jpg,8,1269,639,88,140,-1,-1,-1,-1
5, 28835.jpg,9,1006,638,59,164,-1,-1,-1,-1
5, 28835.jpg,10,1218,574,66,128,-1,-1,-1,-1
5, 28835.jpg,11,529,657,80,166,-1,-1,-1,-1
6, 28836.jpg,1,1428,756,71,167,-1,-1,-1,-1
6, 28836.jpg,2,428,574,55,100,-1,-1,-1,-1
6, 28836.jpg,3,1320,485,69,124,-1,-1,-1,-1
6, 28836.jpg,4,363,632,59,141,-1,-1,-1,-1
6, 28836.jpg,5,811,578,60,140,-1,-1,-1,-1
6, 28836.jpg,6,1145,549,63,124,-1,-1,-1,-1
6, 28836.jpg,7,763,634,51,140,-1,-1,-1,-1
6, 28836.jpg,8,1267,639,87,139,-1,-1,-1,-1
6, 28836.jpg,9,1010,638,59,164,-1,-1,-1,-1
6, 28836.jpg,10,1222,574,66,128,-1,-1,-1,-1
6, 28836.jpg,11,530,656,80,169,-1,-1,-1,-1
7, 28837.jpg,1,1431,755,72,170,-1,-1,-1,-1
7, 28837.jpg,2,428,573,57,102,-1,-1,-1,-1
7, 28837.jpg,3,1321,485,68,122,-1,-1,-1,-1
7, 28837.jpg,4,364,633,59,140,-1,-1,-1,-1
7, 28837.jpg,5,814,575,56,132,-1,-1,-1,-1
7, 28837.jpg,6,1154,550,64,129,-1,-1,-1,-1
7, 28837.jpg,7,769,638,52,140,-1,-1,-1,-1
7, 28837.jpg,8,1264,638,87,140,-1,-1,-1,-1
7, 28837.jpg,9,1013,636,60,168,-1,-1,-1,-1
7, 28837.jpg,10,1227,569,67,132,-1,-1,-1,-1
7, 28837.jpg,11,531,656,79,171,-1,-1,-1,-1
8, 28838.jpg,1,1434,755,73,171,-1,-1,-1,-1
8, 28838.jpg,2,429,573,58,101,-1,-1,-1,-1
8, 28838.jpg,3,1322,485,68,120,-1,-1,-1,-1
8, 28838.jpg,4,364,631,59,141,-1,-1,-1,-1
8, 28838.jpg,5,825,579,62,146,-1,-1,-1,-1
8, 28838.jpg,6,1164,553,63,127,-1,-1,-1,-1
8, 28838.jpg,7,791,620,55,148,-1,-1,-1,-1
8, 28838.jpg,8,1264,640,83,138,-1,-1,-1,-1
8, 28838.jpg,9,1017,639,61,169,-1,-1,-1,-1
8, 28838.jpg,10,1231,567,66,134,-1,-1,-1,-1
8, 28838.jpg,11,533,656,77,171,-1,-1,-1,-1
9, 28839.jpg,1,1437,754,73,173,-1,-1,-1,-1
9, 28839.jpg,2,430,572,60,103,-1,-1,-1,-1
9, 28839.jpg,3,1324,485,69,121,-1,-1,-1,-1
9, 28839.jpg,4,366,632,58,140,-1,-1,-1,-1
9, 28839.jpg,5,818,590,66,154,-1,-1,-1,-1
9, 28839.jpg,6,1173,557,62,123,-1,-1,-1,-1
9, 28839.jpg,7,787,630,55,145,-1,-1,-1,-1
9, 28839.jpg,8,1265,641,80,136,-1,-1,-1,-1
9, 28839.jpg,9,1020,642,61,169,-1,-1,-1,-1
9, 28839.jpg,10,1236,568,66,131,-1,-1,-1,-1
9, 28839.jpg,11,535,656,75,169,-1,-1,-1,-1
10, 28840.jpg,1,1439,755,72,171,-1,-1,-1,-1
10, 28840.jpg,2,433,573,59,99,-1,-1,-1,-1
10, 28840.jpg,3,1326,485,69,122,-1,-1,-1,-1
10, 28840.jpg,4,367,630,59,140,-1,-1,-1,-1
10, 28840.jpg,5,813,601,67,157,-1,-1,-1,-1
10, 28840.jpg,6,1183,559,62,124,-1,-1,-1,-1
10, 28840.jpg,7,794,631,55,147,-1,-1,-1,-1
10, 28840.jpg,8,1263,644,77,132,-1,-1,-1,-1
10, 28840.jpg,9,1023,641,61,171,-1,-1,-1,-1
10, 28840.jpg,10,1248,571,62,125,-1,-1,-1,-1
10, 28840.jpg,11,536,656,73,168,-1,-1,-1,-1
11, 28841.jpg,1,1440,756,72,171,-1,-1,-1,-1
11, 28841.jpg,2,435,574,61,100,-1,-1,-1,-1
11, 28841.jpg,3,1329,488,69,120,-1,-1,-1,-1
11, 28841.jpg,4,369,629,59,139,-1,-1,-1,-1
11, 28841.jpg,5,818,607,68,156,-1,-1,-1,-1
11, 28841.jpg,6,1187,560,62,125,-1,-1,-1,-1
11, 28841.jpg,8,1264,644,75,131,-1,-1,-1,-1
11, 28841.jpg,9,1026,644,60,168,-1,-1,-1,-1
11, 28841.jpg,10,1253,571,59,121,-1,-1,-1,-1
11, 28841.jpg,11,537,657,73,168,-1,-1,-1,-1
12, 28842.jpg,1,1440,758,72,170,-1,-1,-1,-1
12, 28842.jpg,2,433,573,64,103,-1,-1,-1,-1
12, 28842.jpg,3,1329,491,70,118,-1,-1,-1,-1
12, 28842.jpg,4,371,629,59,137,-1,-1,-1,-1
12, 28842.jpg,5,820,608,65,147,-1,-1,-1,-1
12, 28842.jpg,6,1195,563,61,122,-1,-1,-1,-1
12, 28842.jpg,7,802,647,55,146,-1,-1,-1,-1
12, 28842.jpg,8,1257,625,73,132,-1,-1,-1,-1
12, 28842.jpg,9,1028,645,60,167,-1,-1,-1,-1
12, 28842.jpg,10,1257,570,59,121,-1,-1,-1,-1
12, 28842.jpg,11,539,658,72,169,-1,-1,-1,-1
13, 28843.jpg,1,1440,758,73,171,-1,-1,-1,-1
13, 28843.jpg,2,435,572,65,104,-1,-1,-1,-1
13, 28843.jpg,3,1328,492,71,118,-1,-1,-1,-1
13, 28843.jpg,4,374,628,60,137,-1,-1,-1,-1
13, 28843.jpg,5,832,592,62,139,-1,-1,-1,-1
13, 28843.jpg,6,1199,561,60,121,-1,-1,-1,-1
13, 28843.jpg,7,814,655,54,145,-1,-1,-1,-1
13, 28843.jpg,8,1260,639,70,128,-1,-1,-1,-1
13, 28843.jpg,9,1030,642,61,169,-1,-1,-1,-1
13, 28843.jpg,10,1260,569,60,124,-1,-1,-1,-1
13, 28843.jpg,11,540,659,72,170,-1,-1,-1,-1
14, 28844.jpg,1,1440,758,74,172,-1,-1,-1,-1
14, 28844.jpg,2,433,571,67,104,-1,-1,-1,-1
14, 28844.jpg,3,1327,493,73,118,-1,-1,-1,-1
14, 28844.jpg,4,376,627,61,139,-1,-1,-1,-1
14, 28844.jpg,5,838,585,60,138,-1,-1,-1,-1
14, 28844.jpg,6,1201,555,63,131,-1,-1,-1,-1
14, 28844.jpg,7,820,655,55,149,-1,-1,-1,-1
14, 28844.jpg,8,1260,643,70,126,-1,-1,-1,-1
14, 28844.jpg,9,1031,641,61,171,-1,-1,-1,-1
14, 28844.jpg,10,1263,567,59,124,-1,-1,-1,-1
14, 28844.jpg,11,542,660,71,169,-1,-1,-1,-1
15, 28845.jpg,1,1440,760,74,170,-1,-1,-1,-1
15, 28845.jpg,2,435,570,67,105,-1,-1,-1,-1
15, 28845.jpg,3,1326,492,74,117,-1,-1,-1,-1
15, 28845.jpg,4,377,625,63,144,-1,-1,-1,-1
15, 28845.jpg,5,841,585,60,136,-1,-1,-1,-1
15, 28845.jpg,6,1203,544,69,144,-1,-1,-1,-1
15, 28845.jpg,7,832,635,59,155,-1,-1,-1,-1
15, 28845.jpg,8,1261,643,71,127,-1,-1,-1,-1
15, 28845.jpg,9,1031,638,62,175,-1,-1,-1,-1
15, 28845.jpg,10,1265,569,57,122,-1,-1,-1,-1
15, 28845.jpg,11,543,661,70,168,-1,-1,-1,-1
16, 28846.jpg,1,1439,762,76,170,-1,-1,-1,-1
16, 28846.jpg,2,435,570,69,106,-1,-1,-1,-1
16, 28846.jpg,3,1318,488,76,119,-1,-1,-1,-1
16, 28846.jpg,4,378,626,61,141,-1,-1,-1,-1
16, 28846.jpg,6,1206,532,72,152,-1,-1,-1,-1
16, 28846.jpg,7,842,633,58,153,-1,-1,-1,-1
16, 28846.jpg,8,1261,640,71,130,-1,-1,-1,-1
16, 28846.jpg,9,1032,636,63,177,-1,-1,-1,-1
16, 28846.jpg,10,1268,574,55,120,-1,-1,-1,-1
16, 28846.jpg,11,544,662,70,165,-1,-1,-1,-1
16, 28846.jpg,14,1825,703,71,150,-1,-1,-1,-1
17, 28847.jpg,1,1438,766,77,166,-1,-1,-1,-1
17, 28847.jpg,2,436,569,70,107,-1,-1,-1,-1
17, 28847.jpg,3,1313,484,77,120,-1,-1,-1,-1
17, 28847.jpg,4,379,628,60,137,-1,-1,-1,-1
17, 28847.jpg,5,841,612,59,137,-1,-1,-1,-1
17, 28847.jpg,6,1209,525,71,156,-1,-1,-1,-1
17, 28847.jpg,7,840,657,55,145,-1,-1,-1,-1
17, 28847.jpg,8,1259,633,75,138,-1,-1,-1,-1
17, 28847.jpg,9,1032,635,63,177,-1,-1,-1,-1
17, 28847.jpg,10,1273,573,56,123,-1,-1,-1,-1
17, 28847.jpg,11,544,662,69,165,-1,-1,-1,-1
17, 28847.jpg,14,1828,703,70,148,-1,-1,-1,-1
18, 28848.jpg,1,1436,767,80,165,-1,-1,-1,-1
18, 28848.jpg,2,440,569,69,105,-1,-1,-1,-1
18, 28848.jpg,3,1304,480,78,120,-1,-1,-1,-1
18, 28848.jpg,4,379,628,59,135,-1,-1,-1,-1
18, 28848.jpg,5,847,590,60,141,-1,-1,-1,-1
18, 28848.jpg,6,1211,516,72,161,-1,-1,-1,-1
18, 28848.jpg,7,840,666,55,147,-1,-1,-1,-1
18, 28848.jpg,8,1256,608,86,163,-1,-1,-1,-1
18, 28848.jpg,9,1033,634,63,176,-1,-1,-1,-1
18, 28848.jpg,10,1276,566,59,132,-1,-1,-1,-1
18, 28848.jpg,11,544,662,69,167,-1,-1,-1,-1
18, 28848.jpg,14,1832,704,68,145,-1,-1,-1,-1
19, 28849.jpg,1,1433,769,82,163,-1,-1,-1,-1
19, 28849.jpg,2,440,569,71,106,-1,-1,-1,-1
19, 28849.jpg,3,1296,480,76,116,-1,-1,-1,-1
19, 28849.jpg,4,380,628,59,134,-1,-1,-1,-1
19, 28849.jpg,5,850,584,59,137,-1,-1,-1,-1
19, 28849.jpg,6,1214,505,71,163,-1,-1,-1,-1
19, 28849.jpg,7,845,667,55,148,-1,-1,-1,-1
19, 28849.jpg,8,1257,622,76,145,-1,-1,-1,-1
19, 28849.jpg,9,1033,635,62,173,-1,-1,-1,-1
19, 28849.jpg,10,1279,564,61,139,-1,-1,-1,-1
19, 28849.jpg,11,542,663,69,166,-1,-1,-1,-1
20, 28850.jpg,1,1430,771,84,161,-1,-1,-1,-1
20, 28850.jpg,2,440,568,72,107,-1,-1,-1,-1
20, 28850.jpg,3,1294,480,75,115,-1,-1,-1,-1
20, 28850.jpg,4,380,627,59,135,-1,-1,-1,-1
20, 28850.jpg,5,853,580,59,139,-1,-1,-1,-1
20, 28850.jpg,6,1218,500,70,159,-1,-1,-1,-1
20, 28850.jpg,7,849,672,54,146,-1,-1,-1,-1
20, 28850.jpg,8,1260,596,85,166,-1,-1,-1,-1
20, 28850.jpg,9,1033,633,62,171,-1,-1,-1,-1
20, 28850.jpg,10,1283,562,61,141,-1,-1,-1,-1
20, 28850.jpg,11,541,664,67,164,-1,-1,-1,-1
21, 28851.jpg,1,1424,771,88,163,-1,-1,-1,-1
21, 28851.jpg,2,441,568,70,106,-1,-1,-1,-1
21, 28851.jpg,3,1290,479,78,119,-1,-1,-1,-1
21, 28851.jpg,4,380,626,60,138,-1,-1,-1,-1
21, 28851.jpg,5,853,578,59,137,-1,-1,-1,-1
21, 28851.jpg,6,1221,495,68,156,-1,-1,-1,-1
21, 28851.jpg,7,852,672,54,146,-1,-1,-1,-1
21, 28851.jpg,8,1254,614,75,148,-1,-1,-1,-1
21, 28851.jpg,9,1033,631,62,172,-1,-1,-1,-1
21, 28851.jpg,10,1286,563,62,145,-1,-1,-1,-1
21, 28851.jpg,11,537,664,68,163,-1,-1,-1,-1
21, 28851.jpg,14,1829,704,72,152,-1,-1,-1,-1
22, 28852.jpg,1,1417,769,92,164,-1,-1,-1,-1
22, 28852.jpg,2,443,567,72,108,-1,-1,-1,-1
22, 28852.jpg,3,1284,480,77,116,-1,-1,-1,-1
22, 28852.jpg,4,379,624,62,141,-1,-1,-1,-1
22, 28852.jpg,5,853,608,57,135,-1,-1,-1,-1
22, 28852.jpg,6,1220,485,68,160,-1,-1,-1,-1
22, 28852.jpg,7,857,675,54,146,-1,-1,-1,-1
22, 28852.jpg,8,1249,619,72,142,-1,-1,-1,-1
22, 28852.jpg,9,1032,629,63,172,-1,-1,-1,-1
22, 28852.jpg,10,1285,565,66,157,-1,-1,-1,-1
22, 28852.jpg,11,535,664,66,162,-1,-1,-1,-1
22, 28852.jpg,14,1828,703,73,154,-1,-1,-1,-1
23, 28853.jpg,1,1405,767,93,165,-1,-1,-1,-1
23, 28853.jpg,2,444,567,71,108,-1,-1,-1,-1
23, 28853.jpg,3,1279,483,71,109,-1,-1,-1,-1
23, 28853.jpg,4,378,622,62,142,-1,-1,-1,-1
23, 28853.jpg,5,855,617,56,131,-1,-1,-1,-1
23, 28853.jpg,6,1223,484,68,162,-1,-1,-1,-1
23, 28853.jpg,8,1260,599,76,150,-1,-1,-1,-1
23, 28853.jpg,9,1032,627,64,176,-1,-1,-1,-1
23, 28853.jpg,10,1288,564,67,160,-1,-1,-1,-1
23, 28853.jpg,11,529,665,67,159,-1,-1,-1,-1
23, 28853.jpg,14,1829,703,73,154,-1,-1,-1,-1
24, 28854.jpg,1,1393,767,93,161,-1,-1,-1,-1
24, 28854.jpg,2,444,566,70,108,-1,-1,-1,-1
24, 28854.jpg,3,1271,487,69,108,-1,-1,-1,-1
24, 28854.jpg,4,376,619,64,145,-1,-1,-1,-1
24, 28854.jpg,5,858,594,51,121,-1,-1,-1,-1
24, 28854.jpg,6,1224,482,67,165,-1,-1,-1,-1
24, 28854.jpg,7,861,671,52,142,-1,-1,-1,-1
24, 28854.jpg,8,1264,592,79,155,-1,-1,-1,-1
24, 28854.jpg,9,1032,627,63,173,-1,-1,-1,-1
24, 28854.jpg,11,524,665,69,161,-1,-1,-1,-1
25, 28855.jpg,1,1382,765,93,160,-1,-1,-1,-1
25, 28855.jpg,2,445,565,69,108,-1,-1,-1,-1
25, 28855.jpg,3,1265,487,69,110,-1,-1,-1,-1
25, 28855.jpg,4,375,618,63,144,-1,-1,-1,-1
25, 28855.jpg,5,859,584,53,122,-1,-1,-1,-1
25, 28855.jpg,6,1231,485,66,160,-1,-1,-1,-1
25, 28855.jpg,7,864,674,52,141,-1,-1,-1,-1
25, 28855.jpg,8,1267,592,79,153,-1,-1,-1,-1
25, 28855.jpg,9,1033,628,61,170,-1,-1,-1,-1
25, 28855.jpg,11,521,665,70,161,-1,-1,-1,-1
26, 28856.jpg,1,1373,764,98,163,-1,-1,-1,-1
26, 28856.jpg,2,446,565,69,108,-1,-1,-1,-1
26, 28856.jpg,3,1260,488,69,109,-1,-1,-1,-1
26, 28856.jpg,4,373,618,62,142,-1,-1,-1,-1
26, 28856.jpg,5,860,584,51,117,-1,-1,-1,-1
26, 28856.jpg,6,1238,490,63,153,-1,-1,-1,-1
26, 28856.jpg,7,866,671,54,147,-1,-1,-1,-1
26, 28856.jpg,8,1279,579,78,155,-1,-1,-1,-1
26, 28856.jpg,9,1032,629,62,169,-1,-1,-1,-1
26, 28856.jpg,11,517,664,72,161,-1,-1,-1,-1
27, 28857.jpg,1,1363,763,104,165,-1,-1,-1,-1
27, 28857.jpg,2,447,563,70,110,-1,-1,-1,-1
27, 28857.jpg,4,372,617,62,140,-1,-1,-1,-1
27, 28857.jpg,5,863,583,49,115,-1,-1,-1,-1
27, 28857.jpg,6,1244,491,64,150,-1,-1,-1,-1
27, 28857.jpg,7,869,641,51,137,-1,-1,-1,-1
27, 28857.jpg,8,1289,573,77,155,-1,-1,-1,-1
27, 28857.jpg,9,1032,630,63,171,-1,-1,-1,-1
27, 28857.jpg,10,1269,605,65,148,-1,-1,-1,-1
27, 28857.jpg,11,514,664,74,161,-1,-1,-1,-1
28, 28858.jpg,1,1355,758,109,166,-1,-1,-1,-1
28, 28858.jpg,2,448,562,71,112,-1,-1,-1,-1
28, 28858.jpg,4,370,617,61,137,-1,-1,-1,-1
28, 28858.jpg,6,1241,494,66,155,-1,-1,-1,-1
28, 28858.jpg,7,872,630,50,137,-1,-1,-1,-1
28, 28858.jpg,8,1280,583,77,155,-1,-1,-1,-1
28, 28858.jpg,9,1032,633,64,169,-1,-1,-1,-1
28, 28858.jpg,10,1248,621,64,145,-1,-1,-1,-1
28, 28858.jpg,11,511,665,76,160,-1,-1,-1,-1
29, 28859.jpg,1,1341,758,113,165,-1,-1,-1,-1
29, 28859.jpg,2,450,561,72,115,-1,-1,-1,-1
29, 28859.jpg,4,367,617,61,136,-1,-1,-1,-1
29, 28859.jpg,5,868,585,52,122,-1,-1,-1,-1
29, 28859.jpg,6,1239,497,67,157,-1,-1,-1,-1
29, 28859.jpg,7,874,664,52,142,-1,-1,-1,-1
29, 28859.jpg,8,1289,576,77,157,-1,-1,-1,-1
29, 28859.jpg,9,1033,633,66,173,-1,-1,-1,-1
29, 28859.jpg,10,1242,626,64,145,-1,-1,-1,-1
29, 28859.jpg,11,510,668,78,158,-1,-1,-1,-1
29, 28859.jpg,17,1237,825,66,197,-1,-1,-1,-1
30, 28860.jpg,1,1329,755,117,164,-1,-1,-1,-1
30, 28860.jpg,2,455,561,70,114,-1,-1,-1,-1
30, 28860.jpg,4,364,617,61,136,-1,-1,-1,-1
30, 28860.jpg,5,868,582,56,130,-1,-1,-1,-1
30, 28860.jpg,6,1241,498,71,163,-1,-1,-1,-1
30, 28860.jpg,7,876,679,52,141,-1,-1,-1,-1
30, 28860.jpg,8,1279,587,78,157,-1,-1,-1,-1
30, 28860.jpg,9,1035,632,67,173,-1,-1,-1,-1
30, 28860.jpg,10,1241,632,62,141,-1,-1,-1,-1
30, 28860.jpg,11,510,670,79,156,-1,-1,-1,-1
30, 28860.jpg,17,1237,826,65,193,-1,-1,-1,-1
31, 28861.jpg,1,1313,755,114,159,-1,-1,-1,-1
31, 28861.jpg,2,459,561,70,114,-1,-1,-1,-1
31, 28861.jpg,4,361,618,62,137,-1,-1,-1,-1
31, 28861.jpg,5,871,579,57,134,-1,-1,-1,-1
31, 28861.jpg,6,1241,496,74,160,-1,-1,-1,-1
31, 28861.jpg,7,880,685,53,141,-1,-1,-1,-1
31, 28861.jpg,8,1268,597,76,152,-1,-1,-1,-1
31, 28861.jpg,9,1036,629,68,172,-1,-1,-1,-1
31, 28861.jpg,10,1239,636,62,142,-1,-1,-1,-1
31, 28861.jpg,11,511,673,81,157,-1,-1,-1,-1
32, 28862.jpg,1,1307,755,114,160,-1,-1,-1,-1
32, 28862.jpg,2,462,560,70,115,-1,-1,-1,-1
32, 28862.jpg,3,1220,489,71,115,-1,-1,-1,-1
32, 28862.jpg,4,360,621,61,133,-1,-1,-1,-1
32, 28862.jpg,5,875,578,56,135,-1,-1,-1,-1
32, 28862.jpg,6,1244,495,74,161,-1,-1,-1,-1
32, 28862.jpg,7,885,690,51,137,-1,-1,-1,-1
32, 28862.jpg,8,1263,599,76,150,-1,-1,-1,-1
32, 28862.jpg,9,1038,624,70,175,-1,-1,-1,-1
32, 28862.jpg,11,512,676,80,152,-1,-1,-1,-1
33, 28863.jpg,1,1299,755,112,160,-1,-1,-1,-1
33, 28863.jpg,2,465,559,69,115,-1,-1,-1,-1
33, 28863.jpg,3,1213,490,72,118,-1,-1,-1,-1
33, 28863.jpg,4,357,623,61,130,-1,-1,-1,-1
33, 28863.jpg,5,880,576,57,137,-1,-1,-1,-1
33, 28863.jpg,7,889,688,53,139,-1,-1,-1,-1
33, 28863.jpg,8,1259,604,76,147,-1,-1,-1,-1
33, 28863.jpg,9,1039,622,70,172,-1,-1,-1,-1
33, 28863.jpg,11,513,676,81,151,-1,-1,-1,-1
34, 28864.jpg,1,1293,753,110,164,-1,-1,-1,-1
34, 28864.jpg,2,468,559,68,114,-1,-1,-1,-1
34, 28864.jpg,3,1211,491,71,118,-1,-1,-1,-1
34, 28864.jpg,4,352,625,63,130,-1,-1,-1,-1
34, 28864.jpg,5,886,574,56,137,-1,-1,-1,-1
34, 28864.jpg,7,888,687,53,139,-1,-1,-1,-1
34, 28864.jpg,8,1260,598,79,153,-1,-1,-1,-1
34, 28864.jpg,9,1042,620,68,167,-1,-1,-1,-1
34, 28864.jpg,11,515,676,83,150,-1,-1,-1,-1
35, 28865.jpg,1,1287,749,107,166,-1,-1,-1,-1
35, 28865.jpg,2,472,558,68,115,-1,-1,-1,-1
35, 28865.jpg,3,1205,495,69,117,-1,-1,-1,-1
35, 28865.jpg,4,348,628,65,128,-1,-1,-1,-1
35, 28865.jpg,5,892,572,56,138,-1,-1,-1,-1
35, 28865.jpg,7,889,688,55,138,-1,-1,-1,-1
35, 28865.jpg,8,1265,596,80,152,-1,-1,-1,-1
35, 28865.jpg,9,1044,617,68,165,-1,-1,-1,-1
35, 28865.jpg,11,518,680,83,146,-1,-1,-1,-1
36, 28866.jpg,1,1282,742,106,172,-1,-1,-1,-1
36, 28866.jpg,2,478,559,66,113,-1,-1,-1,-1
36, 28866.jpg,3,1199,497,68,116,-1,-1,-1,-1
36, 28866.jpg,4,345,631,67,130,-1,-1,-1,-1
36, 28866.jpg,5,895,570,58,141,-1,-1,-1,-1
36, 28866.jpg,7,892,682,60,147,-1,-1,-1,-1
36, 28866.jpg,8,1269,596,77,148,-1,-1,-1,-1
36, 28866.jpg,9,1051,613,65,162,-1,-1,-1,-1
36, 28866.jpg,11,523,683,83,145,-1,-1,-1,-1
37, 28867.jpg,1,1278,739,106,177,-1,-1,-1,-1
37, 28867.jpg,2,485,559,65,111,-1,-1,-1,-1
37, 28867.jpg,3,1190,497,71,121,-1,-1,-1,-1
37, 28867.jpg,4,341,636,68,127,-1,-1,-1,-1
37, 28867.jpg,5,895,567,58,142,-1,-1,-1,-1
37, 28867.jpg,7,895,673,63,158,-1,-1,-1,-1
37, 28867.jpg,8,1287,585,77,150,-1,-1,-1,-1
37, 28867.jpg,9,1056,609,64,159,-1,-1,-1,-1
37, 28867.jpg,10,1245,628,53,121,-1,-1,-1,-1
37, 28867.jpg,11,528,686,84,145,-1,-1,-1,-1
38, 28868.jpg,1,1274,731,109,185,-1,-1,-1,-1
38, 28868.jpg,2,490,559,65,110,-1,-1,-1,-1
38, 28868.jpg,3,1183,491,79,134,-1,-1,-1,-1
38, 28868.jpg,4,344,638,70,130,-1,-1,-1,-1
38, 28868.jpg,5,903,592,60,146,-1,-1,-1,-1
38, 28868.jpg,7,899,667,65,162,-1,-1,-1,-1
38, 28868.jpg,8,1295,582,76,150,-1,-1,-1,-1
38, 28868.jpg,9,1064,605,62,156,-1,-1,-1,-1
38, 28868.jpg,10,1245,628,53,119,-1,-1,-1,-1
38, 28868.jpg,11,533,688,85,143,-1,-1,-1,-1
39, 28869.jpg,1,1269,724,109,190,-1,-1,-1,-1
39, 28869.jpg,2,496,560,65,110,-1,-1,-1,-1
39, 28869.jpg,3,1182,490,79,135,-1,-1,-1,-1
39, 28869.jpg,4,347,642,70,130,-1,-1,-1,-1
39, 28869.jpg,5,907,569,59,144,-1,-1,-1,-1
39, 28869.jpg,7,904,662,64,160,-1,-1,-1,-1
39, 28869.jpg,8,1284,594,74,144,-1,-1,-1,-1
39, 28869.jpg,9,1070,601,60,155,-1,-1,-1,-1
39, 28869.jpg,10,1245,629,52,118,-1,-1,-1,-1
39, 28869.jpg,11,539,693,84,137,-1,-1,-1,-1
40, 28870.jpg,1,1268,722,100,178,-1,-1,-1,-1
40, 28870.jpg,2,502,560,67,112,-1,-1,-1,-1
40, 28870.jpg,3,1181,484,84,143,-1,-1,-1,-1
40, 28870.jpg,4,352,645,69,127,-1,-1,-1,-1
40, 28870.jpg,5,912,560,60,142,-1,-1,-1,-1
40, 28870.jpg,7,910,660,61,153,-1,-1,-1,-1
40, 28870.jpg,8,1301,585,79,152,-1,-1,-1,-1
40, 28870.jpg,9,1075,598,59,155,-1,-1,-1,-1
40, 28870.jpg,10,1245,620,54,117,-1,-1,-1,-1
40, 28870.jpg,11,548,696,84,134,-1,-1,-1,-1
40, 28870.jpg,17,1259,823,63,184,-1,-1,-1,-1
