2, 21922.jpg,1,520,399,48,125,-1,-1,-1,-1
2, 21922.jpg,2,355,315,44,92,-1,-1,-1,-1
2, 21922.jpg,3,564,287,44,114,-1,-1,-1,-1
2, 21922.jpg,4,461,234,48,103,-1,-1,-1,-1
2, 21922.jpg,5,920,339,53,98,-1,-1,-1,-1
2, 21922.jpg,6,829,401,70,88,-1,-1,-1,-1
2, 21922.jpg,7,604,421,98,102,-1,-1,-1,-1
2, 21922.jpg,8,714,302,53,90,-1,-1,-1,-1
2, 21922.jpg,9,326,452,56,114,-1,-1,-1,-1
3, 21923.jpg,1,521,403,48,124,-1,-1,-1,-1
3, 21923.jpg,2,355,336,42,90,-1,-1,-1,-1
3, 21923.jpg,3,561,287,46,120,-1,-1,-1,-1
3, 21923.jpg,4,458,231,47,99,-1,-1,-1,-1
3, 21923.jpg,5,918,337,54,100,-1,-1,-1,-1
3, 21923.jpg,6,827,398,71,90,-1,-1,-1,-1
3, 21923.jpg,7,602,419,101,106,-1,-1,-1,-1
3, 21923.jpg,8,717,300,52,88,-1,-1,-1,-1
3, 21923.jpg,9,327,452,55,114,-1,-1,-1,-1
4, 21924.jpg,1,519,391,50,134,-1,-1,-1,-1
4, 21924.jpg,2,354,323,43,90,-1,-1,-1,-1
4, 21924.jpg,3,560,285,45,121,-1,-1,-1,-1
4, 21924.jpg,4,458,231,46,97,-1,-1,-1,-1
4, 21924.jpg,5,918,336,54,100,-1,-1,-1,-1
4, 21924.jpg,6,823,394,74,95,-1,-1,-1,-1
4, 21924.jpg,7,604,417,102,110,-1,-1,-1,-1
4, 21924.jpg,8,718,296,53,91,-1,-1,-1,-1
4, 21924.jpg,9,327,452,55,113,-1,-1,-1,-1
5, 21925.jpg,1,507,388,48,127,-1,-1,-1,-1
5, 21925.jpg,2,353,322,43,90,-1,-1,-1,-1
5, 21925.jpg,3,559,276,47,126,-1,-1,-1,-1
5, 21925.jpg,4,456,229,47,99,-1,-1,-1,-1
5, 21925.jpg,5,918,333,54,102,-1,-1,-1,-1
5, 21925.jpg,6,822,391,75,97,-1,-1,-1,-1
5, 21925.jpg,7,608,416,101,111,-1,-1,-1,-1
5, 21925.jpg,8,720,295,52,91,-1,-1,-1,-1
5, 21925.jpg,9,325,452,57,113,-1,-1,-1,-1
6, 21926.jpg,1,508,390,48,126,-1,-1,-1,-1
6, 21926.jpg,3,555,262,49,135,-1,-1,-1,-1
6, 21926.jpg,4,457,227,48,103,-1,-1,-1,-1
6, 21926.jpg,5,918,330,55,104,-1,-1,-1,-1
6, 21926.jpg,6,821,387,76,100,-1,-1,-1,-1
6, 21926.jpg,7,612,414,99,112,-1,-1,-1,-1
6, 21926.jpg,8,723,293,51,90,-1,-1,-1,-1
6, 21926.jpg,9,324,451,56,112,-1,-1,-1,-1
6, 21926.jpg,13,349,328,55,121,-1,-1,-1,-1
7, 21927.jpg,1,505,389,48,128,-1,-1,-1,-1
7, 21927.jpg,3,551,254,50,136,-1,-1,-1,-1
7, 21927.jpg,4,455,216,53,114,-1,-1,-1,-1
7, 21927.jpg,5,918,330,55,106,-1,-1,-1,-1
7, 21927.jpg,6,820,384,76,100,-1,-1,-1,-1
7, 21927.jpg,7,619,415,95,109,-1,-1,-1,-1
7, 21927.jpg,8,725,291,51,90,-1,-1,-1,-1
7, 21927.jpg,9,322,451,55,110,-1,-1,-1,-1
7, 21927.jpg,13,346,320,59,132,-1,-1,-1,-1
8, 21928.jpg,1,492,386,48,125,-1,-1,-1,-1
8, 21928.jpg,2,353,327,42,87,-1,-1,-1,-1
8, 21928.jpg,3,549,251,48,132,-1,-1,-1,-1
8, 21928.jpg,4,454,210,55,121,-1,-1,-1,-1
8, 21928.jpg,5,917,328,54,104,-1,-1,-1,-1
8, 21928.jpg,6,821,382,74,98,-1,-1,-1,-1
8, 21928.jpg,7,625,414,90,106,-1,-1,-1,-1
8, 21928.jpg,8,726,290,51,91,-1,-1,-1,-1
8, 21928.jpg,9,317,448,55,112,-1,-1,-1,-1
8, 21928.jpg,13,344,312,62,138,-1,-1,-1,-1
9, 21929.jpg,1,498,392,48,126,-1,-1,-1,-1
9, 21929.jpg,2,353,349,41,86,-1,-1,-1,-1
9, 21929.jpg,3,544,246,48,130,-1,-1,-1,-1
9, 21929.jpg,4,455,220,49,110,-1,-1,-1,-1
9, 21929.jpg,5,917,328,52,100,-1,-1,-1,-1
9, 21929.jpg,6,821,380,72,96,-1,-1,-1,-1
9, 21929.jpg,7,631,414,87,104,-1,-1,-1,-1
9, 21929.jpg,8,728,289,50,91,-1,-1,-1,-1
9, 21929.jpg,9,312,443,57,116,-1,-1,-1,-1
10, 21930.jpg,1,490,389,48,128,-1,-1,-1,-1
10, 21930.jpg,2,351,354,42,88,-1,-1,-1,-1
10, 21930.jpg,3,544,247,45,123,-1,-1,-1,-1
10, 21930.jpg,4,454,227,47,106,-1,-1,-1,-1
10, 21930.jpg,5,919,326,52,102,-1,-1,-1,-1
10, 21930.jpg,6,823,380,70,94,-1,-1,-1,-1
10, 21930.jpg,7,635,414,85,102,-1,-1,-1,-1
10, 21930.jpg,8,730,290,49,88,-1,-1,-1,-1
10, 21930.jpg,9,308,439,58,116,-1,-1,-1,-1
11, 21931.jpg,1,487,390,49,129,-1,-1,-1,-1
11, 21931.jpg,2,349,350,41,86,-1,-1,-1,-1
11, 21931.jpg,3,545,248,42,116,-1,-1,-1,-1
11, 21931.jpg,4,452,229,48,108,-1,-1,-1,-1
11, 21931.jpg,5,918,323,52,103,-1,-1,-1,-1
11, 21931.jpg,6,824,381,68,91,-1,-1,-1,-1
11, 21931.jpg,7,642,416,81,97,-1,-1,-1,-1
11, 21931.jpg,8,733,289,47,84,-1,-1,-1,-1
11, 21931.jpg,9,304,436,57,117,-1,-1,-1,-1
11, 21931.jpg,16,351,307,35,80,-1,-1,-1,-1
12, 21932.jpg,1,485,392,48,126,-1,-1,-1,-1
12, 21932.jpg,2,348,347,39,83,-1,-1,-1,-1
12, 21932.jpg,3,541,246,43,114,-1,-1,-1,-1
12, 21932.jpg,4,449,231,48,109,-1,-1,-1,-1
12, 21932.jpg,5,918,322,53,107,-1,-1,-1,-1
12, 21932.jpg,6,824,381,66,87,-1,-1,-1,-1
12, 21932.jpg,7,647,416,83,96,-1,-1,-1,-1
12, 21932.jpg,8,734,288,46,81,-1,-1,-1,-1
12, 21932.jpg,9,297,435,57,114,-1,-1,-1,-1
12, 21932.jpg,16,347,305,37,82,-1,-1,-1,-1
13, 21933.jpg,1,487,394,46,123,-1,-1,-1,-1
13, 21933.jpg,2,346,349,40,84,-1,-1,-1,-1
13, 21933.jpg,3,538,250,41,111,-1,-1,-1,-1
13, 21933.jpg,4,449,233,48,111,-1,-1,-1,-1
13, 21933.jpg,5,917,323,54,106,-1,-1,-1,-1
13, 21933.jpg,6,824,382,64,84,-1,-1,-1,-1
13, 21933.jpg,7,650,416,85,94,-1,-1,-1,-1
13, 21933.jpg,8,736,286,46,79,-1,-1,-1,-1
13, 21933.jpg,9,292,434,56,113,-1,-1,-1,-1
13, 21933.jpg,16,344,310,38,85,-1,-1,-1,-1
14, 21934.jpg,1,477,389,47,125,-1,-1,-1,-1
14, 21934.jpg,2,344,346,42,86,-1,-1,-1,-1
14, 21934.jpg,3,540,257,38,104,-1,-1,-1,-1
14, 21934.jpg,4,447,236,50,114,-1,-1,-1,-1
14, 21934.jpg,5,917,324,53,104,-1,-1,-1,-1
14, 21934.jpg,6,824,384,62,80,-1,-1,-1,-1
14, 21934.jpg,7,649,416,84,91,-1,-1,-1,-1
14, 21934.jpg,8,735,284,46,78,-1,-1,-1,-1
14, 21934.jpg,9,286,434,55,111,-1,-1,-1,-1
14, 21934.jpg,16,339,300,39,87,-1,-1,-1,-1
14, 21934.jpg,17,458,370,42,112,-1,-1,-1,-1
15, 21935.jpg,1,477,390,45,124,-1,-1,-1,-1
15, 21935.jpg,2,341,348,43,83,-1,-1,-1,-1
15, 21935.jpg,3,528,258,38,100,-1,-1,-1,-1
15, 21935.jpg,4,445,239,50,115,-1,-1,-1,-1
15, 21935.jpg,5,919,330,50,97,-1,-1,-1,-1
15, 21935.jpg,6,820,386,60,76,-1,-1,-1,-1
15, 21935.jpg,7,647,417,82,87,-1,-1,-1,-1
15, 21935.jpg,8,733,284,47,80,-1,-1,-1,-1
15, 21935.jpg,9,280,433,56,111,-1,-1,-1,-1
15, 21935.jpg,16,335,295,39,86,-1,-1,-1,-1
15, 21935.jpg,17,449,368,43,116,-1,-1,-1,-1
16, 21936.jpg,1,473,390,46,124,-1,-1,-1,-1
16, 21936.jpg,2,337,349,42,80,-1,-1,-1,-1
16, 21936.jpg,3,530,267,37,96,-1,-1,-1,-1
16, 21936.jpg,4,442,252,46,103,-1,-1,-1,-1
16, 21936.jpg,5,917,332,49,96,-1,-1,-1,-1
16, 21936.jpg,6,815,386,61,75,-1,-1,-1,-1
16, 21936.jpg,7,642,416,85,88,-1,-1,-1,-1
16, 21936.jpg,8,734,284,49,79,-1,-1,-1,-1
16, 21936.jpg,9,275,433,57,112,-1,-1,-1,-1
16, 21936.jpg,16,332,289,38,85,-1,-1,-1,-1
16, 21936.jpg,17,450,372,44,118,-1,-1,-1,-1
17, 21937.jpg,1,460,385,47,126,-1,-1,-1,-1
17, 21937.jpg,2,334,353,41,75,-1,-1,-1,-1
17, 21937.jpg,3,527,271,37,95,-1,-1,-1,-1
17, 21937.jpg,4,439,258,46,101,-1,-1,-1,-1
17, 21937.jpg,5,915,338,46,88,-1,-1,-1,-1
17, 21937.jpg,6,809,385,63,76,-1,-1,-1,-1
17, 21937.jpg,7,636,416,89,91,-1,-1,-1,-1
17, 21937.jpg,8,733,283,48,79,-1,-1,-1,-1
17, 21937.jpg,9,269,432,57,110,-1,-1,-1,-1
17, 21937.jpg,13,329,313,40,89,-1,-1,-1,-1
17, 21937.jpg,16,329,286,39,87,-1,-1,-1,-1
17, 21937.jpg,17,445,368,41,112,-1,-1,-1,-1
18, 21938.jpg,1,454,385,48,129,-1,-1,-1,-1
18, 21938.jpg,2,329,353,44,76,-1,-1,-1,-1
18, 21938.jpg,3,513,268,39,97,-1,-1,-1,-1
18, 21938.jpg,4,436,263,46,99,-1,-1,-1,-1
18, 21938.jpg,5,910,341,45,83,-1,-1,-1,-1
18, 21938.jpg,6,803,382,65,79,-1,-1,-1,-1
18, 21938.jpg,7,631,412,94,94,-1,-1,-1,-1
18, 21938.jpg,8,731,281,49,82,-1,-1,-1,-1
18, 21938.jpg,9,263,429,59,114,-1,-1,-1,-1
18, 21938.jpg,13,320,282,42,95,-1,-1,-1,-1
18, 21938.jpg,17,441,367,41,112,-1,-1,-1,-1
19, 21939.jpg,1,448,387,47,126,-1,-1,-1,-1
19, 21939.jpg,2,322,352,45,77,-1,-1,-1,-1
19, 21939.jpg,3,517,273,38,93,-1,-1,-1,-1
19, 21939.jpg,4,431,263,46,103,-1,-1,-1,-1
19, 21939.jpg,5,902,345,46,78,-1,-1,-1,-1
19, 21939.jpg,6,794,379,70,84,-1,-1,-1,-1
19, 21939.jpg,7,627,409,96,98,-1,-1,-1,-1
19, 21939.jpg,8,730,279,48,82,-1,-1,-1,-1
19, 21939.jpg,9,257,425,62,120,-1,-1,-1,-1
19, 21939.jpg,13,317,277,40,92,-1,-1,-1,-1
19, 21939.jpg,17,437,368,39,108,-1,-1,-1,-1
20, 21940.jpg,1,443,392,44,119,-1,-1,-1,-1
20, 21940.jpg,2,313,348,49,82,-1,-1,-1,-1
20, 21940.jpg,3,519,273,38,94,-1,-1,-1,-1
20, 21940.jpg,4,426,262,48,106,-1,-1,-1,-1
20, 21940.jpg,5,892,348,48,75,-1,-1,-1,-1
20, 21940.jpg,6,785,376,73,89,-1,-1,-1,-1
20, 21940.jpg,7,622,406,100,103,-1,-1,-1,-1
20, 21940.jpg,8,730,278,47,81,-1,-1,-1,-1
20, 21940.jpg,9,248,424,62,120,-1,-1,-1,-1
20, 21940.jpg,13,309,275,39,91,-1,-1,-1,-1
20, 21940.jpg,17,434,368,38,106,-1,-1,-1,-1
21, 21941.jpg,1,438,391,45,121,-1,-1,-1,-1
21, 21941.jpg,2,304,347,49,81,-1,-1,-1,-1
21, 21941.jpg,3,519,272,39,97,-1,-1,-1,-1
21, 21941.jpg,4,418,260,49,106,-1,-1,-1,-1
21, 21941.jpg,5,881,349,53,77,-1,-1,-1,-1
21, 21941.jpg,6,778,373,75,93,-1,-1,-1,-1
21, 21941.jpg,7,618,403,101,107,-1,-1,-1,-1
21, 21941.jpg,8,729,276,45,79,-1,-1,-1,-1
21, 21941.jpg,9,238,420,64,124,-1,-1,-1,-1
21, 21941.jpg,13,304,273,38,91,-1,-1,-1,-1
21, 21941.jpg,19,482,259,34,106,-1,-1,-1,-1
22, 21942.jpg,1,430,385,49,130,-1,-1,-1,-1
22, 21942.jpg,2,296,346,49,82,-1,-1,-1,-1
22, 21942.jpg,3,517,268,41,100,-1,-1,-1,-1
22, 21942.jpg,4,412,260,48,105,-1,-1,-1,-1
22, 21942.jpg,5,879,357,49,65,-1,-1,-1,-1
22, 21942.jpg,6,771,372,77,95,-1,-1,-1,-1
22, 21942.jpg,7,619,400,100,109,-1,-1,-1,-1
22, 21942.jpg,8,728,274,47,79,-1,-1,-1,-1
22, 21942.jpg,9,230,417,64,127,-1,-1,-1,-1
22, 21942.jpg,13,296,272,40,97,-1,-1,-1,-1
22, 21942.jpg,19,480,261,32,103,-1,-1,-1,-1
23, 21943.jpg,1,425,386,47,127,-1,-1,-1,-1
23, 21943.jpg,2,291,346,49,82,-1,-1,-1,-1
23, 21943.jpg,3,516,266,40,100,-1,-1,-1,-1
23, 21943.jpg,4,404,255,50,108,-1,-1,-1,-1
23, 21943.jpg,5,877,363,48,59,-1,-1,-1,-1
23, 21943.jpg,6,763,370,79,100,-1,-1,-1,-1
23, 21943.jpg,7,622,400,97,110,-1,-1,-1,-1
23, 21943.jpg,8,727,273,49,79,-1,-1,-1,-1
23, 21943.jpg,9,222,416,62,125,-1,-1,-1,-1
23, 21943.jpg,13,290,295,40,95,-1,-1,-1,-1
23, 21943.jpg,19,474,261,33,104,-1,-1,-1,-1
24, 21944.jpg,1,418,381,49,132,-1,-1,-1,-1
24, 21944.jpg,2,276,335,49,84,-1,-1,-1,-1
24, 21944.jpg,3,514,266,41,101,-1,-1,-1,-1
24, 21944.jpg,4,397,253,50,109,-1,-1,-1,-1
24, 21944.jpg,5,869,365,49,55,-1,-1,-1,-1
24, 21944.jpg,6,758,368,80,102,-1,-1,-1,-1
24, 21944.jpg,7,624,398,95,113,-1,-1,-1,-1
24, 21944.jpg,8,726,271,51,81,-1,-1,-1,-1
24, 21944.jpg,9,215,413,62,128,-1,-1,-1,-1
24, 21944.jpg,13,285,280,40,97,-1,-1,-1,-1
24, 21944.jpg,19,471,262,33,105,-1,-1,-1,-1
25, 21945.jpg,1,413,379,49,135,-1,-1,-1,-1
25, 21945.jpg,2,271,334,49,84,-1,-1,-1,-1
25, 21945.jpg,3,515,265,39,97,-1,-1,-1,-1
25, 21945.jpg,4,389,255,50,109,-1,-1,-1,-1
25, 21945.jpg,5,864,366,52,53,-1,-1,-1,-1
25, 21945.jpg,6,754,369,79,102,-1,-1,-1,-1
25, 21945.jpg,7,624,398,92,114,-1,-1,-1,-1
25, 21945.jpg,8,724,270,52,82,-1,-1,-1,-1
25, 21945.jpg,9,209,411,61,129,-1,-1,-1,-1
25, 21945.jpg,13,278,279,39,94,-1,-1,-1,-1
25, 21945.jpg,19,469,267,31,103,-1,-1,-1,-1
26, 21946.jpg,1,408,378,49,136,-1,-1,-1,-1
26, 21946.jpg,3,513,262,39,98,-1,-1,-1,-1
26, 21946.jpg,4,385,253,49,110,-1,-1,-1,-1
26, 21946.jpg,5,854,362,62,61,-1,-1,-1,-1
26, 21946.jpg,6,749,371,79,102,-1,-1,-1,-1
26, 21946.jpg,7,626,399,89,113,-1,-1,-1,-1
26, 21946.jpg,8,721,269,54,83,-1,-1,-1,-1
26, 21946.jpg,9,204,409,60,130,-1,-1,-1,-1
26, 21946.jpg,13,273,276,40,96,-1,-1,-1,-1
26, 21946.jpg,17,408,357,39,110,-1,-1,-1,-1
26, 21946.jpg,19,468,271,30,98,-1,-1,-1,-1
27, 21947.jpg,1,406,375,49,138,-1,-1,-1,-1
27, 21947.jpg,3,515,260,39,99,-1,-1,-1,-1
27, 21947.jpg,4,380,253,49,109,-1,-1,-1,-1
27, 21947.jpg,5,851,362,62,57,-1,-1,-1,-1
27, 21947.jpg,6,746,372,78,102,-1,-1,-1,-1
27, 21947.jpg,7,629,403,86,110,-1,-1,-1,-1
27, 21947.jpg,8,719,266,56,85,-1,-1,-1,-1
27, 21947.jpg,9,199,408,58,128,-1,-1,-1,-1
27, 21947.jpg,13,270,281,39,91,-1,-1,-1,-1
27, 21947.jpg,17,404,356,39,109,-1,-1,-1,-1
27, 21947.jpg,19,468,275,29,94,-1,-1,-1,-1
28, 21948.jpg,1,405,377,46,132,-1,-1,-1,-1
28, 21948.jpg,2,253,314,53,92,-1,-1,-1,-1
28, 21948.jpg,3,517,259,39,97,-1,-1,-1,-1
28, 21948.jpg,4,376,256,48,107,-1,-1,-1,-1
28, 21948.jpg,5,851,363,66,58,-1,-1,-1,-1
28, 21948.jpg,6,746,375,76,100,-1,-1,-1,-1
28, 21948.jpg,7,631,407,82,107,-1,-1,-1,-1
28, 21948.jpg,8,720,264,57,87,-1,-1,-1,-1
28, 21948.jpg,9,195,409,57,125,-1,-1,-1,-1
28, 21948.jpg,13,265,280,39,91,-1,-1,-1,-1
28, 21948.jpg,19,468,278,29,92,-1,-1,-1,-1
28, 21948.jpg,21,1181,420,62,108,-1,-1,-1,-1
29, 21949.jpg,1,405,377,45,131,-1,-1,-1,-1
29, 21949.jpg,2,244,322,51,90,-1,-1,-1,-1
29, 21949.jpg,3,518,261,39,94,-1,-1,-1,-1
29, 21949.jpg,4,376,259,46,104,-1,-1,-1,-1
29, 21949.jpg,5,850,363,69,59,-1,-1,-1,-1
29, 21949.jpg,6,745,376,75,99,-1,-1,-1,-1
29, 21949.jpg,7,635,411,80,105,-1,-1,-1,-1
29, 21949.jpg,8,722,261,60,91,-1,-1,-1,-1
29, 21949.jpg,9,193,413,55,121,-1,-1,-1,-1
29, 21949.jpg,13,267,283,39,90,-1,-1,-1,-1
29, 21949.jpg,19,469,279,29,90,-1,-1,-1,-1
29, 21949.jpg,21,1181,420,62,108,-1,-1,-1,-1
30, 21950.jpg,1,405,378,43,128,-1,-1,-1,-1
30, 21950.jpg,2,237,328,50,89,-1,-1,-1,-1
30, 21950.jpg,3,521,263,38,90,-1,-1,-1,-1
30, 21950.jpg,4,374,262,47,107,-1,-1,-1,-1
30, 21950.jpg,5,848,365,71,58,-1,-1,-1,-1
30, 21950.jpg,6,746,376,75,100,-1,-1,-1,-1
30, 21950.jpg,7,638,413,80,104,-1,-1,-1,-1
30, 21950.jpg,8,727,260,60,91,-1,-1,-1,-1
30, 21950.jpg,9,190,414,55,119,-1,-1,-1,-1
30, 21950.jpg,13,267,284,41,92,-1,-1,-1,-1
30, 21950.jpg,19,469,282,29,88,-1,-1,-1,-1
30, 21950.jpg,21,1181,421,63,108,-1,-1,-1,-1
31, 21951.jpg,1,406,382,41,122,-1,-1,-1,-1
31, 21951.jpg,2,234,329,49,88,-1,-1,-1,-1
31, 21951.jpg,3,525,264,38,86,-1,-1,-1,-1
31, 21951.jpg,4,373,265,47,108,-1,-1,-1,-1
31, 21951.jpg,5,846,366,73,57,-1,-1,-1,-1
31, 21951.jpg,6,746,374,75,103,-1,-1,-1,-1
31, 21951.jpg,7,641,414,80,104,-1,-1,-1,-1
31, 21951.jpg,8,732,259,58,91,-1,-1,-1,-1
31, 21951.jpg,9,189,415,55,119,-1,-1,-1,-1
31, 21951.jpg,13,267,283,42,92,-1,-1,-1,-1
31, 21951.jpg,19,470,285,29,84,-1,-1,-1,-1
32, 21952.jpg,1,407,383,40,119,-1,-1,-1,-1
32, 21952.jpg,2,232,330,49,87,-1,-1,-1,-1
32, 21952.jpg,3,529,264,40,87,-1,-1,-1,-1
32, 21952.jpg,4,373,270,47,106,-1,-1,-1,-1
32, 21952.jpg,5,845,366,76,57,-1,-1,-1,-1
32, 21952.jpg,6,745,372,75,104,-1,-1,-1,-1
32, 21952.jpg,7,644,414,81,107,-1,-1,-1,-1
32, 21952.jpg,8,738,261,57,88,-1,-1,-1,-1
32, 21952.jpg,9,188,417,56,116,-1,-1,-1,-1
32, 21952.jpg,13,268,282,42,93,-1,-1,-1,-1
32, 21952.jpg,19,474,289,29,83,-1,-1,-1,-1
33, 21953.jpg,1,409,386,38,113,-1,-1,-1,-1
33, 21953.jpg,2,230,331,49,86,-1,-1,-1,-1
33, 21953.jpg,3,531,262,42,89,-1,-1,-1,-1
33, 21953.jpg,4,374,274,46,104,-1,-1,-1,-1
33, 21953.jpg,5,843,366,74,53,-1,-1,-1,-1
33, 21953.jpg,6,743,371,76,106,-1,-1,-1,-1
33, 21953.jpg,7,647,413,80,108,-1,-1,-1,-1
33, 21953.jpg,8,747,260,55,87,-1,-1,-1,-1
33, 21953.jpg,9,188,419,56,116,-1,-1,-1,-1
33, 21953.jpg,13,268,279,42,93,-1,-1,-1,-1
33, 21953.jpg,19,477,290,30,85,-1,-1,-1,-1
34, 21954.jpg,1,411,387,38,110,-1,-1,-1,-1
34, 21954.jpg,2,228,330,51,88,-1,-1,-1,-1
34, 21954.jpg,3,536,261,43,88,-1,-1,-1,-1
34, 21954.jpg,4,376,279,44,100,-1,-1,-1,-1
34, 21954.jpg,5,842,367,72,51,-1,-1,-1,-1
34, 21954.jpg,6,742,368,76,110,-1,-1,-1,-1
34, 21954.jpg,7,652,414,79,108,-1,-1,-1,-1
34, 21954.jpg,8,754,260,56,88,-1,-1,-1,-1
34, 21954.jpg,9,189,420,57,115,-1,-1,-1,-1
34, 21954.jpg,13,270,276,42,95,-1,-1,-1,-1
34, 21954.jpg,19,482,294,30,83,-1,-1,-1,-1
35, 21955.jpg,1,413,384,39,113,-1,-1,-1,-1
35, 21955.jpg,2,228,329,53,91,-1,-1,-1,-1
35, 21955.jpg,3,539,262,44,87,-1,-1,-1,-1
35, 21955.jpg,4,379,280,44,100,-1,-1,-1,-1
35, 21955.jpg,6,743,367,72,110,-1,-1,-1,-1
35, 21955.jpg,7,660,413,78,110,-1,-1,-1,-1
35, 21955.jpg,8,761,261,57,89,-1,-1,-1,-1
35, 21955.jpg,9,190,420,57,115,-1,-1,-1,-1
35, 21955.jpg,13,268,272,44,99,-1,-1,-1,-1
35, 21955.jpg,19,485,296,32,85,-1,-1,-1,-1
36, 21956.jpg,1,416,384,38,111,-1,-1,-1,-1
36, 21956.jpg,2,227,329,54,92,-1,-1,-1,-1
36, 21956.jpg,3,545,260,44,88,-1,-1,-1,-1
36, 21956.jpg,4,382,280,45,101,-1,-1,-1,-1
36, 21956.jpg,6,744,367,69,108,-1,-1,-1,-1
36, 21956.jpg,7,667,412,78,114,-1,-1,-1,-1
36, 21956.jpg,8,769,263,57,86,-1,-1,-1,-1
36, 21956.jpg,9,192,420,58,114,-1,-1,-1,-1
36, 21956.jpg,13,268,269,44,100,-1,-1,-1,-1
36, 21956.jpg,19,488,298,32,84,-1,-1,-1,-1
37, 21957.jpg,1,420,383,38,111,-1,-1,-1,-1
37, 21957.jpg,2,227,328,54,92,-1,-1,-1,-1
37, 21957.jpg,3,552,259,44,86,-1,-1,-1,-1
37, 21957.jpg,4,386,280,45,99,-1,-1,-1,-1
37, 21957.jpg,6,746,367,66,109,-1,-1,-1,-1
37, 21957.jpg,7,675,413,77,116,-1,-1,-1,-1
37, 21957.jpg,8,777,264,58,85,-1,-1,-1,-1
37, 21957.jpg,9,194,418,59,114,-1,-1,-1,-1
37, 21957.jpg,13,270,267,44,100,-1,-1,-1,-1
37, 21957.jpg,19,491,299,32,85,-1,-1,-1,-1
38, 21958.jpg,1,424,383,38,109,-1,-1,-1,-1
38, 21958.jpg,2,226,326,54,94,-1,-1,-1,-1
38, 21958.jpg,3,560,259,43,83,-1,-1,-1,-1
38, 21958.jpg,4,389,280,46,101,-1,-1,-1,-1
38, 21958.jpg,6,747,367,64,110,-1,-1,-1,-1
38, 21958.jpg,7,683,415,75,118,-1,-1,-1,-1
38, 21958.jpg,8,785,267,57,81,-1,-1,-1,-1
38, 21958.jpg,9,196,418,59,114,-1,-1,-1,-1
38, 21958.jpg,13,271,266,45,101,-1,-1,-1,-1
38, 21958.jpg,19,497,300,32,84,-1,-1,-1,-1
39, 21959.jpg,1,427,383,39,108,-1,-1,-1,-1
39, 21959.jpg,2,225,324,53,95,-1,-1,-1,-1
39, 21959.jpg,3,569,258,42,82,-1,-1,-1,-1
39, 21959.jpg,4,393,280,46,101,-1,-1,-1,-1
39, 21959.jpg,6,748,369,63,111,-1,-1,-1,-1
39, 21959.jpg,7,693,419,72,117,-1,-1,-1,-1
39, 21959.jpg,8,790,267,59,82,-1,-1,-1,-1
39, 21959.jpg,9,198,417,60,114,-1,-1,-1,-1
39, 21959.jpg,13,272,264,46,103,-1,-1,-1,-1
39, 21959.jpg,19,503,301,32,83,-1,-1,-1,-1
40, 21960.jpg,1,432,382,39,108,-1,-1,-1,-1
40, 21960.jpg,2,225,322,53,98,-1,-1,-1,-1
40, 21960.jpg,3,576,257,42,82,-1,-1,-1,-1
40, 21960.jpg,4,398,281,46,100,-1,-1,-1,-1
40, 21960.jpg,6,751,372,60,108,-1,-1,-1,-1
40, 21960.jpg,7,702,423,72,118,-1,-1,-1,-1
40, 21960.jpg,8,797,270,60,79,-1,-1,-1,-1
40, 21960.jpg,9,199,416,62,115,-1,-1,-1,-1
40, 21960.jpg,13,272,264,48,103,-1,-1,-1,-1
40, 21960.jpg,19,509,304,31,80,-1,-1,-1,-1
