2, 19642.jpg,1,1096,531,85,126,-1,-1,-1,-1
2, 19642.jpg,2,1347,797,75,208,-1,-1,-1,-1
2, 19642.jpg,3,1162,442,72,127,-1,-1,-1,-1
2, 19642.jpg,4,1042,479,46,174,-1,-1,-1,-1
2, 19642.jpg,5,684,534,52,117,-1,-1,-1,-1
2, 19642.jpg,6,1262,611,75,147,-1,-1,-1,-1
2, 19642.jpg,7,1167,707,123,185,-1,-1,-1,-1
2, 19642.jpg,8,1488,566,58,132,-1,-1,-1,-1
2, 19642.jpg,9,565,611,89,120,-1,-1,-1,-1
2, 19642.jpg,10,961,652,100,154,-1,-1,-1,-1
2, 19642.jpg,11,680,658,65,148,-1,-1,-1,-1
3, 19643.jpg,1,1094,532,82,122,-1,-1,-1,-1
3, 19643.jpg,2,1348,796,76,210,-1,-1,-1,-1
3, 19643.jpg,3,1162,436,77,136,-1,-1,-1,-1
3, 19643.jpg,4,1047,489,45,174,-1,-1,-1,-1
3, 19643.jpg,5,690,530,53,120,-1,-1,-1,-1
3, 19643.jpg,6,1263,608,76,150,-1,-1,-1,-1
3, 19643.jpg,7,1166,698,126,192,-1,-1,-1,-1
3, 19643.jpg,8,1491,564,58,134,-1,-1,-1,-1
3, 19643.jpg,9,576,609,88,119,-1,-1,-1,-1
3, 19643.jpg,10,961,645,100,156,-1,-1,-1,-1
3, 19643.jpg,11,683,659,61,139,-1,-1,-1,-1
3, 19643.jpg,12,1141,568,78,132,-1,-1,-1,-1
4, 19644.jpg,1,1114,540,75,110,-1,-1,-1,-1
4, 19644.jpg,3,1160,429,80,143,-1,-1,-1,-1
4, 19644.jpg,4,1060,512,43,165,-1,-1,-1,-1
4, 19644.jpg,5,700,526,52,117,-1,-1,-1,-1
4, 19644.jpg,6,1266,603,77,152,-1,-1,-1,-1
4, 19644.jpg,7,1168,692,124,192,-1,-1,-1,-1
4, 19644.jpg,8,1494,561,59,135,-1,-1,-1,-1
4, 19644.jpg,9,587,608,91,124,-1,-1,-1,-1
4, 19644.jpg,10,960,642,98,155,-1,-1,-1,-1
4, 19644.jpg,11,686,656,60,135,-1,-1,-1,-1
4, 19644.jpg,12,1151,578,79,135,-1,-1,-1,-1
5, 19645.jpg,1,1092,534,86,128,-1,-1,-1,-1
5, 19645.jpg,3,1160,424,81,148,-1,-1,-1,-1
5, 19645.jpg,4,1065,505,46,174,-1,-1,-1,-1
5, 19645.jpg,5,708,525,51,114,-1,-1,-1,-1
5, 19645.jpg,6,1269,603,75,148,-1,-1,-1,-1
5, 19645.jpg,7,1171,685,121,191,-1,-1,-1,-1
5, 19645.jpg,8,1498,557,59,136,-1,-1,-1,-1
5, 19645.jpg,9,601,606,91,126,-1,-1,-1,-1
5, 19645.jpg,10,960,642,94,149,-1,-1,-1,-1
5, 19645.jpg,11,690,655,61,132,-1,-1,-1,-1
5, 19645.jpg,12,1160,584,80,139,-1,-1,-1,-1
6, 19646.jpg,1,1111,536,81,122,-1,-1,-1,-1
6, 19646.jpg,3,1160,412,86,161,-1,-1,-1,-1
6, 19646.jpg,4,1066,492,49,186,-1,-1,-1,-1
6, 19646.jpg,5,714,523,50,116,-1,-1,-1,-1
6, 19646.jpg,6,1272,604,73,144,-1,-1,-1,-1
6, 19646.jpg,7,1172,680,119,194,-1,-1,-1,-1
6, 19646.jpg,8,1504,556,60,136,-1,-1,-1,-1
6, 19646.jpg,9,614,606,90,127,-1,-1,-1,-1
6, 19646.jpg,10,959,643,89,142,-1,-1,-1,-1
6, 19646.jpg,11,694,653,62,133,-1,-1,-1,-1
6, 19646.jpg,12,1164,582,84,148,-1,-1,-1,-1
7, 19647.jpg,1,1121,532,81,124,-1,-1,-1,-1
7, 19647.jpg,3,1161,416,87,163,-1,-1,-1,-1
7, 19647.jpg,4,1071,489,48,183,-1,-1,-1,-1
7, 19647.jpg,5,724,522,49,111,-1,-1,-1,-1
7, 19647.jpg,6,1274,603,73,145,-1,-1,-1,-1
7, 19647.jpg,7,1172,674,119,197,-1,-1,-1,-1
7, 19647.jpg,8,1508,554,61,138,-1,-1,-1,-1
7, 19647.jpg,9,628,603,88,128,-1,-1,-1,-1
7, 19647.jpg,10,953,644,87,135,-1,-1,-1,-1
7, 19647.jpg,11,702,656,59,125,-1,-1,-1,-1
7, 19647.jpg,12,1167,579,87,155,-1,-1,-1,-1
8, 19648.jpg,1,1124,530,80,126,-1,-1,-1,-1
8, 19648.jpg,3,1164,423,81,155,-1,-1,-1,-1
8, 19648.jpg,4,1081,491,47,178,-1,-1,-1,-1
8, 19648.jpg,5,733,519,48,110,-1,-1,-1,-1
8, 19648.jpg,6,1276,600,73,147,-1,-1,-1,-1
8, 19648.jpg,7,1178,675,113,191,-1,-1,-1,-1
8, 19648.jpg,8,1513,552,63,141,-1,-1,-1,-1
8, 19648.jpg,9,637,602,90,129,-1,-1,-1,-1
8, 19648.jpg,10,949,644,87,133,-1,-1,-1,-1
8, 19648.jpg,11,690,640,62,127,-1,-1,-1,-1
8, 19648.jpg,12,1170,573,90,164,-1,-1,-1,-1
9, 19649.jpg,1,1127,530,80,126,-1,-1,-1,-1
9, 19649.jpg,3,1161,428,81,154,-1,-1,-1,-1
9, 19649.jpg,4,1087,495,46,172,-1,-1,-1,-1
9, 19649.jpg,5,738,518,49,111,-1,-1,-1,-1
9, 19649.jpg,6,1277,593,75,153,-1,-1,-1,-1
9, 19649.jpg,7,1182,674,110,190,-1,-1,-1,-1
9, 19649.jpg,8,1518,551,62,140,-1,-1,-1,-1
9, 19649.jpg,10,950,645,87,129,-1,-1,-1,-1
9, 19649.jpg,11,688,630,62,125,-1,-1,-1,-1
9, 19649.jpg,12,1161,559,86,156,-1,-1,-1,-1
10, 19650.jpg,1,1111,515,93,148,-1,-1,-1,-1
10, 19650.jpg,3,1169,430,79,152,-1,-1,-1,-1
10, 19650.jpg,4,1093,497,46,172,-1,-1,-1,-1
10, 19650.jpg,5,748,517,48,112,-1,-1,-1,-1
10, 19650.jpg,6,1277,590,77,157,-1,-1,-1,-1
10, 19650.jpg,7,1185,677,106,186,-1,-1,-1,-1
10, 19650.jpg,8,1520,550,63,141,-1,-1,-1,-1
10, 19650.jpg,10,953,649,89,126,-1,-1,-1,-1
10, 19650.jpg,11,699,639,63,123,-1,-1,-1,-1
10, 19650.jpg,12,1159,545,82,150,-1,-1,-1,-1
11, 19651.jpg,1,1128,515,91,147,-1,-1,-1,-1
11, 19651.jpg,3,1176,434,76,147,-1,-1,-1,-1
11, 19651.jpg,4,1098,496,46,171,-1,-1,-1,-1
11, 19651.jpg,5,754,518,48,108,-1,-1,-1,-1
11, 19651.jpg,6,1279,590,76,159,-1,-1,-1,-1
11, 19651.jpg,7,1188,680,102,185,-1,-1,-1,-1
11, 19651.jpg,8,1523,550,62,139,-1,-1,-1,-1
11, 19651.jpg,10,955,650,88,123,-1,-1,-1,-1
11, 19651.jpg,11,710,649,62,118,-1,-1,-1,-1
11, 19651.jpg,12,1179,573,77,143,-1,-1,-1,-1
12, 19652.jpg,1,1138,517,85,142,-1,-1,-1,-1
12, 19652.jpg,3,1182,439,74,143,-1,-1,-1,-1
12, 19652.jpg,4,1101,482,50,184,-1,-1,-1,-1
12, 19652.jpg,5,758,519,48,111,-1,-1,-1,-1
12, 19652.jpg,6,1280,593,75,158,-1,-1,-1,-1
12, 19652.jpg,7,1190,685,100,183,-1,-1,-1,-1
12, 19652.jpg,8,1526,550,62,141,-1,-1,-1,-1
12, 19652.jpg,10,956,652,89,121,-1,-1,-1,-1
12, 19652.jpg,11,727,660,61,113,-1,-1,-1,-1
12, 19652.jpg,12,1187,581,77,145,-1,-1,-1,-1
13, 19653.jpg,1,1144,521,80,138,-1,-1,-1,-1
13, 19653.jpg,3,1190,450,70,134,-1,-1,-1,-1
13, 19653.jpg,4,1105,491,48,174,-1,-1,-1,-1
13, 19653.jpg,5,763,519,48,109,-1,-1,-1,-1
13, 19653.jpg,6,1278,598,75,157,-1,-1,-1,-1
13, 19653.jpg,7,1193,689,97,180,-1,-1,-1,-1
13, 19653.jpg,8,1530,552,61,139,-1,-1,-1,-1
13, 19653.jpg,10,957,652,90,120,-1,-1,-1,-1
13, 19653.jpg,11,725,645,68,123,-1,-1,-1,-1
13, 19653.jpg,12,1185,574,83,157,-1,-1,-1,-1
14, 19654.jpg,1,1146,520,81,139,-1,-1,-1,-1
14, 19654.jpg,3,1183,467,79,153,-1,-1,-1,-1
14, 19654.jpg,4,1109,500,45,160,-1,-1,-1,-1
14, 19654.jpg,5,768,519,47,108,-1,-1,-1,-1
14, 19654.jpg,6,1277,603,75,156,-1,-1,-1,-1
14, 19654.jpg,7,1196,688,95,179,-1,-1,-1,-1
14, 19654.jpg,8,1533,556,60,136,-1,-1,-1,-1
14, 19654.jpg,10,959,652,91,120,-1,-1,-1,-1
14, 19654.jpg,11,727,638,74,131,-1,-1,-1,-1
14, 19654.jpg,12,1181,568,87,166,-1,-1,-1,-1
15, 19655.jpg,1,1136,499,92,156,-1,-1,-1,-1
15, 19655.jpg,3,1184,471,81,154,-1,-1,-1,-1
15, 19655.jpg,4,1114,461,47,169,-1,-1,-1,-1
15, 19655.jpg,5,773,517,47,106,-1,-1,-1,-1
15, 19655.jpg,6,1278,607,74,153,-1,-1,-1,-1
15, 19655.jpg,7,1198,686,94,181,-1,-1,-1,-1
15, 19655.jpg,8,1535,560,59,134,-1,-1,-1,-1
15, 19655.jpg,10,963,652,92,120,-1,-1,-1,-1
15, 19655.jpg,11,734,641,75,129,-1,-1,-1,-1
15, 19655.jpg,12,1183,571,85,164,-1,-1,-1,-1
16, 19656.jpg,1,1157,495,91,155,-1,-1,-1,-1
16, 19656.jpg,4,1111,490,45,155,-1,-1,-1,-1
16, 19656.jpg,5,777,515,48,107,-1,-1,-1,-1
16, 19656.jpg,6,1278,609,74,152,-1,-1,-1,-1
16, 19656.jpg,7,1199,684,92,181,-1,-1,-1,-1
16, 19656.jpg,8,1536,564,58,131,-1,-1,-1,-1
16, 19656.jpg,9,733,644,89,123,-1,-1,-1,-1
16, 19656.jpg,10,964,651,97,125,-1,-1,-1,-1
16, 19656.jpg,11,740,640,74,129,-1,-1,-1,-1
16, 19656.jpg,12,1195,588,75,140,-1,-1,-1,-1
17, 19657.jpg,1,1161,492,92,157,-1,-1,-1,-1
17, 19657.jpg,4,1111,505,43,141,-1,-1,-1,-1
17, 19657.jpg,5,777,512,49,111,-1,-1,-1,-1
17, 19657.jpg,6,1277,613,75,151,-1,-1,-1,-1
17, 19657.jpg,7,1200,684,90,180,-1,-1,-1,-1
17, 19657.jpg,8,1537,567,57,128,-1,-1,-1,-1
17, 19657.jpg,9,742,648,89,115,-1,-1,-1,-1
17, 19657.jpg,10,968,650,100,127,-1,-1,-1,-1
17, 19657.jpg,12,1181,561,79,152,-1,-1,-1,-1
18, 19658.jpg,4,1111,505,43,139,-1,-1,-1,-1
18, 19658.jpg,5,778,511,52,116,-1,-1,-1,-1
18, 19658.jpg,6,1278,617,74,148,-1,-1,-1,-1
18, 19658.jpg,7,1199,683,87,176,-1,-1,-1,-1
18, 19658.jpg,8,1537,568,57,129,-1,-1,-1,-1
18, 19658.jpg,9,739,647,97,119,-1,-1,-1,-1
18, 19658.jpg,10,966,645,102,130,-1,-1,-1,-1
18, 19658.jpg,12,1174,558,82,160,-1,-1,-1,-1
19, 19659.jpg,1,1161,515,88,159,-1,-1,-1,-1
19, 19659.jpg,4,1108,508,43,133,-1,-1,-1,-1
19, 19659.jpg,5,777,510,54,117,-1,-1,-1,-1
19, 19659.jpg,6,1276,620,75,148,-1,-1,-1,-1
19, 19659.jpg,7,1200,681,83,173,-1,-1,-1,-1
19, 19659.jpg,8,1537,569,56,127,-1,-1,-1,-1
19, 19659.jpg,9,739,651,99,118,-1,-1,-1,-1
19, 19659.jpg,10,964,643,105,132,-1,-1,-1,-1
19, 19659.jpg,12,1181,559,81,160,-1,-1,-1,-1
20, 19660.jpg,1,1163,515,90,160,-1,-1,-1,-1
20, 19660.jpg,4,1104,507,45,135,-1,-1,-1,-1
20, 19660.jpg,5,776,509,55,117,-1,-1,-1,-1
20, 19660.jpg,6,1275,623,75,146,-1,-1,-1,-1
20, 19660.jpg,7,1198,677,83,175,-1,-1,-1,-1
20, 19660.jpg,8,1534,569,55,127,-1,-1,-1,-1
20, 19660.jpg,9,739,653,101,118,-1,-1,-1,-1
20, 19660.jpg,10,962,640,108,134,-1,-1,-1,-1
20, 19660.jpg,12,1174,546,84,167,-1,-1,-1,-1
21, 19661.jpg,1,1170,517,77,143,-1,-1,-1,-1
21, 19661.jpg,4,1102,506,45,134,-1,-1,-1,-1
21, 19661.jpg,5,775,509,55,112,-1,-1,-1,-1
21, 19661.jpg,6,1272,625,75,145,-1,-1,-1,-1
21, 19661.jpg,7,1195,671,82,179,-1,-1,-1,-1
21, 19661.jpg,8,1532,569,55,129,-1,-1,-1,-1
21, 19661.jpg,9,740,656,100,115,-1,-1,-1,-1
21, 19661.jpg,10,957,638,110,136,-1,-1,-1,-1
21, 19661.jpg,12,1178,537,85,171,-1,-1,-1,-1
22, 19662.jpg,1,1172,517,77,143,-1,-1,-1,-1
22, 19662.jpg,4,1097,502,48,136,-1,-1,-1,-1
22, 19662.jpg,5,771,510,57,111,-1,-1,-1,-1
22, 19662.jpg,6,1269,626,75,144,-1,-1,-1,-1
22, 19662.jpg,7,1193,665,81,180,-1,-1,-1,-1
22, 19662.jpg,8,1528,569,56,131,-1,-1,-1,-1
22, 19662.jpg,9,741,664,93,105,-1,-1,-1,-1
22, 19662.jpg,10,953,639,111,137,-1,-1,-1,-1
22, 19662.jpg,11,715,656,61,103,-1,-1,-1,-1
22, 19662.jpg,12,1179,531,85,173,-1,-1,-1,-1
23, 19663.jpg,3,1213,499,63,118,-1,-1,-1,-1
23, 19663.jpg,4,1094,501,49,132,-1,-1,-1,-1
23, 19663.jpg,5,764,511,59,110,-1,-1,-1,-1
23, 19663.jpg,6,1260,624,77,149,-1,-1,-1,-1
23, 19663.jpg,7,1186,656,82,186,-1,-1,-1,-1
23, 19663.jpg,8,1523,567,56,133,-1,-1,-1,-1
23, 19663.jpg,9,747,666,93,102,-1,-1,-1,-1
23, 19663.jpg,10,949,639,113,138,-1,-1,-1,-1
23, 19663.jpg,11,705,653,63,105,-1,-1,-1,-1
23, 19663.jpg,12,1166,531,77,161,-1,-1,-1,-1
24, 19664.jpg,3,1215,499,62,117,-1,-1,-1,-1
24, 19664.jpg,4,1088,501,49,130,-1,-1,-1,-1
24, 19664.jpg,5,761,516,58,103,-1,-1,-1,-1
24, 19664.jpg,6,1253,621,79,152,-1,-1,-1,-1
24, 19664.jpg,7,1184,659,77,180,-1,-1,-1,-1
24, 19664.jpg,8,1518,564,57,136,-1,-1,-1,-1
24, 19664.jpg,9,741,671,92,103,-1,-1,-1,-1
24, 19664.jpg,10,945,643,114,137,-1,-1,-1,-1
24, 19664.jpg,11,701,655,64,106,-1,-1,-1,-1
24, 19664.jpg,12,1158,535,72,154,-1,-1,-1,-1
25, 19665.jpg,1,1209,562,72,140,-1,-1,-1,-1
25, 19665.jpg,3,1216,497,63,116,-1,-1,-1,-1
25, 19665.jpg,4,1078,500,52,133,-1,-1,-1,-1
25, 19665.jpg,5,753,519,61,101,-1,-1,-1,-1
25, 19665.jpg,6,1249,623,78,151,-1,-1,-1,-1
25, 19665.jpg,7,1181,657,76,180,-1,-1,-1,-1
25, 19665.jpg,8,1513,562,57,138,-1,-1,-1,-1
25, 19665.jpg,9,722,670,95,102,-1,-1,-1,-1
25, 19665.jpg,10,940,645,114,137,-1,-1,-1,-1
25, 19665.jpg,11,700,655,64,105,-1,-1,-1,-1
25, 19665.jpg,12,1153,535,71,157,-1,-1,-1,-1
26, 19666.jpg,1,1214,569,68,132,-1,-1,-1,-1
26, 19666.jpg,3,1215,496,63,114,-1,-1,-1,-1
26, 19666.jpg,4,1072,503,52,128,-1,-1,-1,-1
26, 19666.jpg,5,747,522,62,97,-1,-1,-1,-1
26, 19666.jpg,6,1243,622,80,152,-1,-1,-1,-1
26, 19666.jpg,7,1175,658,74,179,-1,-1,-1,-1
26, 19666.jpg,8,1507,560,58,141,-1,-1,-1,-1
26, 19666.jpg,9,708,672,101,102,-1,-1,-1,-1
26, 19666.jpg,10,934,646,116,138,-1,-1,-1,-1
26, 19666.jpg,12,1145,536,69,155,-1,-1,-1,-1
27, 19667.jpg,1,1220,573,67,132,-1,-1,-1,-1
27, 19667.jpg,3,1210,493,68,122,-1,-1,-1,-1
27, 19667.jpg,4,1074,497,53,131,-1,-1,-1,-1
27, 19667.jpg,5,740,524,63,94,-1,-1,-1,-1
27, 19667.jpg,6,1236,629,78,146,-1,-1,-1,-1
27, 19667.jpg,7,1167,657,73,177,-1,-1,-1,-1
27, 19667.jpg,8,1497,557,57,143,-1,-1,-1,-1
27, 19667.jpg,9,696,675,102,99,-1,-1,-1,-1
27, 19667.jpg,10,928,645,118,139,-1,-1,-1,-1
27, 19667.jpg,12,1140,536,67,155,-1,-1,-1,-1
28, 19668.jpg,3,1207,490,71,126,-1,-1,-1,-1
28, 19668.jpg,4,1072,493,51,126,-1,-1,-1,-1
28, 19668.jpg,5,730,523,67,97,-1,-1,-1,-1
28, 19668.jpg,6,1230,630,79,147,-1,-1,-1,-1
28, 19668.jpg,7,1162,660,70,171,-1,-1,-1,-1
28, 19668.jpg,8,1489,557,57,144,-1,-1,-1,-1
28, 19668.jpg,9,707,683,99,92,-1,-1,-1,-1
28, 19668.jpg,10,917,644,121,141,-1,-1,-1,-1
28, 19668.jpg,11,658,651,78,126,-1,-1,-1,-1
28, 19668.jpg,12,1134,539,66,155,-1,-1,-1,-1
29, 19669.jpg,2,1040,508,51,124,-1,-1,-1,-1
29, 19669.jpg,3,1202,488,77,139,-1,-1,-1,-1
29, 19669.jpg,4,1067,493,51,123,-1,-1,-1,-1
29, 19669.jpg,5,721,521,73,102,-1,-1,-1,-1
29, 19669.jpg,6,1227,632,77,143,-1,-1,-1,-1
29, 19669.jpg,7,1154,661,72,175,-1,-1,-1,-1
29, 19669.jpg,8,1479,559,56,143,-1,-1,-1,-1
29, 19669.jpg,9,707,686,97,90,-1,-1,-1,-1
29, 19669.jpg,10,909,642,124,143,-1,-1,-1,-1
29, 19669.jpg,11,648,650,82,132,-1,-1,-1,-1
29, 19669.jpg,12,1126,544,64,152,-1,-1,-1,-1
30, 19670.jpg,2,1033,501,59,125,-1,-1,-1,-1
30, 19670.jpg,3,1198,484,80,147,-1,-1,-1,-1
30, 19670.jpg,4,1046,499,50,122,-1,-1,-1,-1
30, 19670.jpg,5,711,520,78,106,-1,-1,-1,-1
30, 19670.jpg,6,1221,631,78,145,-1,-1,-1,-1
30, 19670.jpg,7,1144,661,71,172,-1,-1,-1,-1
30, 19670.jpg,8,1467,562,59,145,-1,-1,-1,-1
30, 19670.jpg,9,699,683,97,88,-1,-1,-1,-1
30, 19670.jpg,10,900,642,124,143,-1,-1,-1,-1
30, 19670.jpg,11,633,650,84,136,-1,-1,-1,-1
30, 19670.jpg,12,1121,544,63,153,-1,-1,-1,-1
31, 19671.jpg,2,1017,504,56,123,-1,-1,-1,-1
31, 19671.jpg,3,1194,486,79,147,-1,-1,-1,-1
31, 19671.jpg,4,1044,499,49,115,-1,-1,-1,-1
31, 19671.jpg,5,709,517,79,108,-1,-1,-1,-1
31, 19671.jpg,6,1212,626,82,151,-1,-1,-1,-1
31, 19671.jpg,7,1139,664,67,166,-1,-1,-1,-1
31, 19671.jpg,8,1458,565,58,143,-1,-1,-1,-1
31, 19671.jpg,9,688,698,86,76,-1,-1,-1,-1
31, 19671.jpg,10,886,643,125,144,-1,-1,-1,-1
31, 19671.jpg,11,615,649,85,140,-1,-1,-1,-1
31, 19671.jpg,12,1115,545,63,155,-1,-1,-1,-1
32, 19672.jpg,2,1004,497,56,122,-1,-1,-1,-1
32, 19672.jpg,3,1194,489,75,140,-1,-1,-1,-1
32, 19672.jpg,4,1040,500,52,118,-1,-1,-1,-1
32, 19672.jpg,5,710,517,80,108,-1,-1,-1,-1
32, 19672.jpg,6,1209,633,78,145,-1,-1,-1,-1
32, 19672.jpg,7,1135,662,67,166,-1,-1,-1,-1
32, 19672.jpg,8,1449,568,59,144,-1,-1,-1,-1
32, 19672.jpg,9,680,699,85,77,-1,-1,-1,-1
32, 19672.jpg,10,873,641,123,146,-1,-1,-1,-1
32, 19672.jpg,11,602,650,84,141,-1,-1,-1,-1
32, 19672.jpg,12,1109,549,61,150,-1,-1,-1,-1
33, 19673.jpg,2,979,507,61,129,-1,-1,-1,-1
33, 19673.jpg,3,1197,495,71,130,-1,-1,-1,-1
33, 19673.jpg,4,1032,500,51,114,-1,-1,-1,-1
33, 19673.jpg,5,712,517,81,109,-1,-1,-1,-1
33, 19673.jpg,6,1204,632,80,147,-1,-1,-1,-1
33, 19673.jpg,7,1127,660,67,167,-1,-1,-1,-1
33, 19673.jpg,8,1444,573,58,143,-1,-1,-1,-1
33, 19673.jpg,9,675,696,88,79,-1,-1,-1,-1
33, 19673.jpg,10,861,641,122,149,-1,-1,-1,-1
33, 19673.jpg,11,587,650,83,141,-1,-1,-1,-1
33, 19673.jpg,12,1105,550,58,145,-1,-1,-1,-1
34, 19674.jpg,2,981,503,67,127,-1,-1,-1,-1
34, 19674.jpg,3,1195,500,70,128,-1,-1,-1,-1
34, 19674.jpg,4,1019,499,50,110,-1,-1,-1,-1
34, 19674.jpg,5,715,518,80,108,-1,-1,-1,-1
34, 19674.jpg,6,1200,635,80,147,-1,-1,-1,-1
34, 19674.jpg,7,1122,659,66,166,-1,-1,-1,-1
34, 19674.jpg,8,1435,578,57,137,-1,-1,-1,-1
34, 19674.jpg,9,668,693,90,82,-1,-1,-1,-1
34, 19674.jpg,10,853,640,119,150,-1,-1,-1,-1
34, 19674.jpg,11,569,648,85,146,-1,-1,-1,-1
34, 19674.jpg,12,1098,550,59,151,-1,-1,-1,-1
35, 19675.jpg,1,1194,543,78,150,-1,-1,-1,-1
35, 19675.jpg,2,962,506,70,130,-1,-1,-1,-1
35, 19675.jpg,3,1194,501,71,128,-1,-1,-1,-1
35, 19675.jpg,4,1013,499,49,108,-1,-1,-1,-1
35, 19675.jpg,5,717,518,80,108,-1,-1,-1,-1
35, 19675.jpg,6,1186,611,94,174,-1,-1,-1,-1
35, 19675.jpg,7,1117,656,66,166,-1,-1,-1,-1
35, 19675.jpg,8,1427,580,58,137,-1,-1,-1,-1
35, 19675.jpg,9,664,692,87,80,-1,-1,-1,-1
35, 19675.jpg,10,842,641,116,151,-1,-1,-1,-1
35, 19675.jpg,11,553,647,87,149,-1,-1,-1,-1
35, 19675.jpg,12,1093,555,57,143,-1,-1,-1,-1
36, 19676.jpg,1,1191,550,80,155,-1,-1,-1,-1
36, 19676.jpg,2,948,509,71,132,-1,-1,-1,-1
36, 19676.jpg,5,715,515,85,115,-1,-1,-1,-1
36, 19676.jpg,6,1181,609,95,178,-1,-1,-1,-1
36, 19676.jpg,7,1112,654,67,167,-1,-1,-1,-1
36, 19676.jpg,8,1422,582,58,137,-1,-1,-1,-1
36, 19676.jpg,9,659,702,80,72,-1,-1,-1,-1
36, 19676.jpg,10,835,641,113,153,-1,-1,-1,-1
36, 19676.jpg,11,540,651,87,148,-1,-1,-1,-1
36, 19676.jpg,12,1086,561,54,137,-1,-1,-1,-1
37, 19677.jpg,1,1183,539,79,153,-1,-1,-1,-1
37, 19677.jpg,2,952,501,74,132,-1,-1,-1,-1
37, 19677.jpg,5,713,515,88,118,-1,-1,-1,-1
37, 19677.jpg,6,1181,635,85,154,-1,-1,-1,-1
37, 19677.jpg,7,1109,655,68,165,-1,-1,-1,-1
37, 19677.jpg,8,1417,584,58,134,-1,-1,-1,-1
37, 19677.jpg,9,653,700,82,75,-1,-1,-1,-1
37, 19677.jpg,10,830,641,111,157,-1,-1,-1,-1
37, 19677.jpg,11,528,652,90,151,-1,-1,-1,-1
37, 19677.jpg,12,1080,562,53,133,-1,-1,-1,-1
38, 19678.jpg,1,1184,549,69,140,-1,-1,-1,-1
38, 19678.jpg,2,944,498,78,136,-1,-1,-1,-1
38, 19678.jpg,5,709,513,93,122,-1,-1,-1,-1
38, 19678.jpg,6,1181,622,91,167,-1,-1,-1,-1
38, 19678.jpg,7,1101,649,71,170,-1,-1,-1,-1
38, 19678.jpg,8,1413,585,58,135,-1,-1,-1,-1
38, 19678.jpg,9,648,701,81,74,-1,-1,-1,-1
38, 19678.jpg,10,823,640,109,159,-1,-1,-1,-1
38, 19678.jpg,11,518,655,91,148,-1,-1,-1,-1
38, 19678.jpg,12,1075,562,52,132,-1,-1,-1,-1
39, 19679.jpg,1,1183,549,69,140,-1,-1,-1,-1
39, 19679.jpg,2,936,496,80,139,-1,-1,-1,-1
39, 19679.jpg,3,1171,519,66,123,-1,-1,-1,-1
39, 19679.jpg,5,711,510,93,122,-1,-1,-1,-1
39, 19679.jpg,6,1165,606,95,179,-1,-1,-1,-1
39, 19679.jpg,7,1120,650,72,160,-1,-1,-1,-1
39, 19679.jpg,8,1409,584,59,136,-1,-1,-1,-1
39, 19679.jpg,9,644,705,82,75,-1,-1,-1,-1
39, 19679.jpg,10,818,639,106,160,-1,-1,-1,-1
39, 19679.jpg,11,506,655,92,150,-1,-1,-1,-1
39, 19679.jpg,12,1071,566,54,135,-1,-1,-1,-1
40, 19680.jpg,1,1167,537,80,160,-1,-1,-1,-1
40, 19680.jpg,2,927,493,81,144,-1,-1,-1,-1
40, 19680.jpg,3,1166,524,64,119,-1,-1,-1,-1
40, 19680.jpg,5,710,508,96,126,-1,-1,-1,-1
40, 19680.jpg,6,1178,627,87,162,-1,-1,-1,-1
40, 19680.jpg,7,1100,654,75,162,-1,-1,-1,-1
40, 19680.jpg,8,1407,582,59,138,-1,-1,-1,-1
40, 19680.jpg,9,638,705,81,76,-1,-1,-1,-1
40, 19680.jpg,10,815,637,103,162,-1,-1,-1,-1
40, 19680.jpg,11,494,656,90,150,-1,-1,-1,-1
40, 19680.jpg,12,1065,574,53,131,-1,-1,-1,-1
