2, 13802.jpg,3,818,304,46,73,-1,-1,-1,-1
2, 13802.jpg,4,763,355,44,100,-1,-1,-1,-1
2, 13802.jpg,5,982,450,74,99,-1,-1,-1,-1
2, 13802.jpg,6,293,349,36,95,-1,-1,-1,-1
2, 13802.jpg,7,605,336,35,83,-1,-1,-1,-1
2, 13802.jpg,8,603,440,36,106,-1,-1,-1,-1
2, 13802.jpg,9,655,354,43,88,-1,-1,-1,-1
2, 13802.jpg,10,372,325,36,98,-1,-1,-1,-1
2, 13802.jpg,11,415,400,40,105,-1,-1,-1,-1
3, 13803.jpg,3,815,299,46,77,-1,-1,-1,-1
3, 13803.jpg,4,763,360,41,94,-1,-1,-1,-1
3, 13803.jpg,5,978,451,74,99,-1,-1,-1,-1
3, 13803.jpg,6,292,349,36,96,-1,-1,-1,-1
3, 13803.jpg,7,601,335,38,89,-1,-1,-1,-1
3, 13803.jpg,8,602,440,36,104,-1,-1,-1,-1
3, 13803.jpg,9,655,353,43,90,-1,-1,-1,-1
3, 13803.jpg,10,370,323,36,96,-1,-1,-1,-1
3, 13803.jpg,11,412,402,41,108,-1,-1,-1,-1
3, 13803.jpg,12,966,386,48,92,-1,-1,-1,-1
4, 13804.jpg,3,813,298,46,75,-1,-1,-1,-1
4, 13804.jpg,4,763,365,39,89,-1,-1,-1,-1
4, 13804.jpg,5,977,453,74,98,-1,-1,-1,-1
4, 13804.jpg,6,291,350,39,100,-1,-1,-1,-1
4, 13804.jpg,7,600,336,39,91,-1,-1,-1,-1
4, 13804.jpg,8,604,442,34,99,-1,-1,-1,-1
4, 13804.jpg,9,654,353,43,89,-1,-1,-1,-1
4, 13804.jpg,10,368,322,36,95,-1,-1,-1,-1
4, 13804.jpg,11,409,403,42,110,-1,-1,-1,-1
4, 13804.jpg,12,965,388,51,97,-1,-1,-1,-1
5, 13805.jpg,3,810,298,46,74,-1,-1,-1,-1
5, 13805.jpg,4,758,363,40,92,-1,-1,-1,-1
5, 13805.jpg,5,970,447,79,105,-1,-1,-1,-1
5, 13805.jpg,6,290,351,39,102,-1,-1,-1,-1
5, 13805.jpg,7,599,344,39,92,-1,-1,-1,-1
5, 13805.jpg,8,602,443,34,96,-1,-1,-1,-1
5, 13805.jpg,9,653,353,43,90,-1,-1,-1,-1
5, 13805.jpg,10,367,320,35,95,-1,-1,-1,-1
5, 13805.jpg,11,407,404,42,111,-1,-1,-1,-1
5, 13805.jpg,12,956,381,49,91,-1,-1,-1,-1
6, 13806.jpg,3,806,296,48,76,-1,-1,-1,-1
6, 13806.jpg,4,752,363,40,90,-1,-1,-1,-1
6, 13806.jpg,5,964,443,82,109,-1,-1,-1,-1
6, 13806.jpg,6,287,351,41,106,-1,-1,-1,-1
6, 13806.jpg,7,600,366,37,87,-1,-1,-1,-1
6, 13806.jpg,8,601,443,35,96,-1,-1,-1,-1
6, 13806.jpg,9,651,351,45,95,-1,-1,-1,-1
6, 13806.jpg,10,365,319,37,96,-1,-1,-1,-1
6, 13806.jpg,11,404,407,41,108,-1,-1,-1,-1
6, 13806.jpg,12,947,376,50,92,-1,-1,-1,-1
7, 13807.jpg,3,803,294,49,78,-1,-1,-1,-1
7, 13807.jpg,4,747,361,43,95,-1,-1,-1,-1
7, 13807.jpg,5,961,443,82,111,-1,-1,-1,-1
7, 13807.jpg,6,284,354,41,106,-1,-1,-1,-1
7, 13807.jpg,7,599,345,40,95,-1,-1,-1,-1
7, 13807.jpg,8,601,443,34,94,-1,-1,-1,-1
7, 13807.jpg,9,648,354,46,94,-1,-1,-1,-1
7, 13807.jpg,10,364,320,37,95,-1,-1,-1,-1
7, 13807.jpg,11,402,410,41,107,-1,-1,-1,-1
7, 13807.jpg,12,941,376,51,91,-1,-1,-1,-1
8, 13808.jpg,3,801,294,49,76,-1,-1,-1,-1
8, 13808.jpg,4,741,357,48,100,-1,-1,-1,-1
8, 13808.jpg,5,958,447,78,106,-1,-1,-1,-1
8, 13808.jpg,6,282,356,41,105,-1,-1,-1,-1
8, 13808.jpg,7,595,337,46,111,-1,-1,-1,-1
8, 13808.jpg,8,600,442,35,95,-1,-1,-1,-1
8, 13808.jpg,9,648,355,45,94,-1,-1,-1,-1
8, 13808.jpg,10,364,321,36,94,-1,-1,-1,-1
8, 13808.jpg,11,399,411,41,108,-1,-1,-1,-1
8, 13808.jpg,12,931,375,51,94,-1,-1,-1,-1
9, 13809.jpg,3,796,295,46,72,-1,-1,-1,-1
9, 13809.jpg,4,733,356,51,102,-1,-1,-1,-1
9, 13809.jpg,5,955,448,75,103,-1,-1,-1,-1
9, 13809.jpg,6,281,358,41,103,-1,-1,-1,-1
9, 13809.jpg,7,596,332,44,108,-1,-1,-1,-1
9, 13809.jpg,8,601,440,35,96,-1,-1,-1,-1
9, 13809.jpg,9,650,356,44,91,-1,-1,-1,-1
9, 13809.jpg,10,364,323,36,91,-1,-1,-1,-1
9, 13809.jpg,11,396,412,40,107,-1,-1,-1,-1
9, 13809.jpg,12,925,376,51,94,-1,-1,-1,-1
10, 13810.jpg,3,792,295,45,71,-1,-1,-1,-1
10, 13810.jpg,4,726,356,52,101,-1,-1,-1,-1
10, 13810.jpg,5,952,451,73,98,-1,-1,-1,-1
10, 13810.jpg,6,279,361,42,102,-1,-1,-1,-1
10, 13810.jpg,7,597,329,42,103,-1,-1,-1,-1
10, 13810.jpg,8,601,438,36,97,-1,-1,-1,-1
10, 13810.jpg,9,650,353,44,93,-1,-1,-1,-1
10, 13810.jpg,10,365,324,35,89,-1,-1,-1,-1
10, 13810.jpg,11,394,414,42,109,-1,-1,-1,-1
10, 13810.jpg,12,921,376,54,99,-1,-1,-1,-1
11, 13811.jpg,3,789,296,44,68,-1,-1,-1,-1
11, 13811.jpg,4,719,356,52,100,-1,-1,-1,-1
11, 13811.jpg,5,945,450,75,98,-1,-1,-1,-1
11, 13811.jpg,6,277,362,43,103,-1,-1,-1,-1
11, 13811.jpg,7,597,326,41,100,-1,-1,-1,-1
11, 13811.jpg,8,600,436,37,98,-1,-1,-1,-1
11, 13811.jpg,9,647,346,47,101,-1,-1,-1,-1
11, 13811.jpg,10,365,326,35,86,-1,-1,-1,-1
11, 13811.jpg,11,392,415,43,111,-1,-1,-1,-1
11, 13811.jpg,12,915,376,55,100,-1,-1,-1,-1
12, 13812.jpg,3,786,295,43,67,-1,-1,-1,-1
12, 13812.jpg,4,713,355,52,102,-1,-1,-1,-1
12, 13812.jpg,5,940,448,76,98,-1,-1,-1,-1
12, 13812.jpg,6,276,361,44,104,-1,-1,-1,-1
12, 13812.jpg,7,597,322,41,101,-1,-1,-1,-1
12, 13812.jpg,8,601,438,36,93,-1,-1,-1,-1
12, 13812.jpg,9,647,337,49,109,-1,-1,-1,-1
12, 13812.jpg,10,366,326,35,85,-1,-1,-1,-1
12, 13812.jpg,11,391,416,42,113,-1,-1,-1,-1
12, 13812.jpg,12,910,376,52,94,-1,-1,-1,-1
12, 13812.jpg,14,979,362,71,61,-1,-1,-1,-1
13, 13813.jpg,3,783,291,44,70,-1,-1,-1,-1
13, 13813.jpg,4,709,356,48,97,-1,-1,-1,-1
13, 13813.jpg,5,935,445,77,98,-1,-1,-1,-1
13, 13813.jpg,6,273,359,46,106,-1,-1,-1,-1
13, 13813.jpg,7,597,319,40,97,-1,-1,-1,-1
13, 13813.jpg,8,601,437,35,93,-1,-1,-1,-1
13, 13813.jpg,9,646,329,50,113,-1,-1,-1,-1
13, 13813.jpg,10,366,326,35,84,-1,-1,-1,-1
13, 13813.jpg,11,389,415,44,115,-1,-1,-1,-1
13, 13813.jpg,12,902,372,53,97,-1,-1,-1,-1
13, 13813.jpg,14,974,355,78,68,-1,-1,-1,-1
14, 13814.jpg,3,780,290,45,72,-1,-1,-1,-1
14, 13814.jpg,4,703,358,46,93,-1,-1,-1,-1
14, 13814.jpg,5,920,443,76,98,-1,-1,-1,-1
14, 13814.jpg,6,270,359,47,106,-1,-1,-1,-1
14, 13814.jpg,7,599,317,38,93,-1,-1,-1,-1
14, 13814.jpg,8,601,437,35,91,-1,-1,-1,-1
14, 13814.jpg,9,645,318,52,121,-1,-1,-1,-1
14, 13814.jpg,10,366,325,36,84,-1,-1,-1,-1
14, 13814.jpg,11,386,415,45,116,-1,-1,-1,-1
14, 13814.jpg,12,895,369,53,99,-1,-1,-1,-1
14, 13814.jpg,14,977,353,79,68,-1,-1,-1,-1
15, 13815.jpg,3,776,288,47,74,-1,-1,-1,-1
15, 13815.jpg,4,697,357,47,96,-1,-1,-1,-1
15, 13815.jpg,5,912,443,73,96,-1,-1,-1,-1
15, 13815.jpg,6,264,357,47,108,-1,-1,-1,-1
15, 13815.jpg,7,598,312,37,93,-1,-1,-1,-1
15, 13815.jpg,8,600,433,36,93,-1,-1,-1,-1
15, 13815.jpg,9,647,314,49,117,-1,-1,-1,-1
15, 13815.jpg,10,366,324,36,83,-1,-1,-1,-1
15, 13815.jpg,11,386,415,44,115,-1,-1,-1,-1
15, 13815.jpg,12,889,368,55,101,-1,-1,-1,-1
15, 13815.jpg,14,982,351,79,70,-1,-1,-1,-1
15, 13815.jpg,15,595,361,45,115,-1,-1,-1,-1
16, 13816.jpg,3,773,286,47,75,-1,-1,-1,-1
16, 13816.jpg,4,693,354,48,99,-1,-1,-1,-1
16, 13816.jpg,5,905,446,69,93,-1,-1,-1,-1
16, 13816.jpg,6,261,356,46,108,-1,-1,-1,-1
16, 13816.jpg,7,597,307,38,96,-1,-1,-1,-1
16, 13816.jpg,8,600,432,36,92,-1,-1,-1,-1
16, 13816.jpg,9,647,311,48,117,-1,-1,-1,-1
16, 13816.jpg,10,366,321,37,85,-1,-1,-1,-1
16, 13816.jpg,11,383,416,44,114,-1,-1,-1,-1
16, 13816.jpg,12,882,366,57,104,-1,-1,-1,-1
16, 13816.jpg,14,982,349,81,71,-1,-1,-1,-1
16, 13816.jpg,15,596,359,42,109,-1,-1,-1,-1
17, 13817.jpg,3,767,285,49,78,-1,-1,-1,-1
17, 13817.jpg,4,690,351,49,101,-1,-1,-1,-1
17, 13817.jpg,5,896,444,72,97,-1,-1,-1,-1
17, 13817.jpg,6,258,355,46,108,-1,-1,-1,-1
17, 13817.jpg,7,597,305,38,95,-1,-1,-1,-1
17, 13817.jpg,8,599,431,37,91,-1,-1,-1,-1
17, 13817.jpg,9,648,308,47,117,-1,-1,-1,-1
17, 13817.jpg,10,366,319,38,84,-1,-1,-1,-1
17, 13817.jpg,11,380,416,45,114,-1,-1,-1,-1
17, 13817.jpg,12,877,367,56,105,-1,-1,-1,-1
17, 13817.jpg,14,984,346,80,72,-1,-1,-1,-1
17, 13817.jpg,15,598,360,39,101,-1,-1,-1,-1
18, 13818.jpg,3,761,285,50,81,-1,-1,-1,-1
18, 13818.jpg,4,687,348,49,104,-1,-1,-1,-1
18, 13818.jpg,5,886,444,74,98,-1,-1,-1,-1
18, 13818.jpg,6,256,355,45,110,-1,-1,-1,-1
18, 13818.jpg,7,598,306,37,95,-1,-1,-1,-1
18, 13818.jpg,8,600,430,36,90,-1,-1,-1,-1
18, 13818.jpg,9,648,306,46,118,-1,-1,-1,-1
18, 13818.jpg,10,366,318,38,84,-1,-1,-1,-1
18, 13818.jpg,11,378,416,46,114,-1,-1,-1,-1
18, 13818.jpg,12,871,368,57,109,-1,-1,-1,-1
18, 13818.jpg,14,983,345,76,70,-1,-1,-1,-1
18, 13818.jpg,15,599,364,39,102,-1,-1,-1,-1
19, 13819.jpg,3,758,285,50,85,-1,-1,-1,-1
19, 13819.jpg,4,685,339,51,110,-1,-1,-1,-1
19, 13819.jpg,5,876,442,77,100,-1,-1,-1,-1
19, 13819.jpg,6,254,356,45,110,-1,-1,-1,-1
19, 13819.jpg,7,598,305,35,91,-1,-1,-1,-1
19, 13819.jpg,8,600,429,37,90,-1,-1,-1,-1
19, 13819.jpg,9,649,303,47,122,-1,-1,-1,-1
19, 13819.jpg,10,366,317,39,85,-1,-1,-1,-1
19, 13819.jpg,11,375,416,48,116,-1,-1,-1,-1
19, 13819.jpg,12,864,365,59,114,-1,-1,-1,-1
19, 13819.jpg,14,987,347,73,68,-1,-1,-1,-1
19, 13819.jpg,15,599,365,40,102,-1,-1,-1,-1
20, 13820.jpg,3,754,287,50,86,-1,-1,-1,-1
20, 13820.jpg,4,681,331,54,116,-1,-1,-1,-1
20, 13820.jpg,5,867,443,77,99,-1,-1,-1,-1
20, 13820.jpg,6,251,358,45,109,-1,-1,-1,-1
20, 13820.jpg,7,600,306,36,93,-1,-1,-1,-1
20, 13820.jpg,8,600,426,38,93,-1,-1,-1,-1
20, 13820.jpg,9,650,305,45,118,-1,-1,-1,-1
20, 13820.jpg,10,366,316,39,86,-1,-1,-1,-1
20, 13820.jpg,11,372,418,49,116,-1,-1,-1,-1
20, 13820.jpg,12,860,364,56,115,-1,-1,-1,-1
20, 13820.jpg,14,990,347,73,68,-1,-1,-1,-1
20, 13820.jpg,15,600,364,40,103,-1,-1,-1,-1
21, 13821.jpg,3,751,289,49,83,-1,-1,-1,-1
21, 13821.jpg,4,679,324,55,120,-1,-1,-1,-1
21, 13821.jpg,5,859,441,79,103,-1,-1,-1,-1
21, 13821.jpg,6,249,360,44,108,-1,-1,-1,-1
21, 13821.jpg,7,601,309,34,86,-1,-1,-1,-1
21, 13821.jpg,8,600,425,39,94,-1,-1,-1,-1
21, 13821.jpg,9,651,309,44,114,-1,-1,-1,-1
21, 13821.jpg,10,367,316,39,85,-1,-1,-1,-1
21, 13821.jpg,11,367,419,51,118,-1,-1,-1,-1
21, 13821.jpg,12,855,364,52,109,-1,-1,-1,-1
21, 13821.jpg,14,992,349,71,67,-1,-1,-1,-1
21, 13821.jpg,15,602,362,42,110,-1,-1,-1,-1
22, 13822.jpg,3,748,290,50,81,-1,-1,-1,-1
22, 13822.jpg,4,676,320,54,121,-1,-1,-1,-1
22, 13822.jpg,5,851,441,80,106,-1,-1,-1,-1
22, 13822.jpg,6,248,363,44,106,-1,-1,-1,-1
22, 13822.jpg,7,602,308,33,86,-1,-1,-1,-1
22, 13822.jpg,8,603,427,39,93,-1,-1,-1,-1
22, 13822.jpg,9,653,313,42,112,-1,-1,-1,-1
22, 13822.jpg,10,367,316,40,85,-1,-1,-1,-1
22, 13822.jpg,11,361,423,53,116,-1,-1,-1,-1
22, 13822.jpg,12,849,365,51,106,-1,-1,-1,-1
22, 13822.jpg,14,992,352,67,63,-1,-1,-1,-1
22, 13822.jpg,15,601,344,43,113,-1,-1,-1,-1
23, 13823.jpg,3,742,288,53,84,-1,-1,-1,-1
23, 13823.jpg,4,672,318,55,122,-1,-1,-1,-1
23, 13823.jpg,5,844,447,75,102,-1,-1,-1,-1
23, 13823.jpg,6,247,367,43,103,-1,-1,-1,-1
23, 13823.jpg,7,601,313,36,93,-1,-1,-1,-1
23, 13823.jpg,8,602,420,41,100,-1,-1,-1,-1
23, 13823.jpg,9,654,317,42,110,-1,-1,-1,-1
23, 13823.jpg,10,367,316,40,86,-1,-1,-1,-1
23, 13823.jpg,11,356,426,55,113,-1,-1,-1,-1
23, 13823.jpg,12,845,365,49,106,-1,-1,-1,-1
23, 13823.jpg,14,993,356,64,61,-1,-1,-1,-1
23, 13823.jpg,15,601,341,44,114,-1,-1,-1,-1
24, 13824.jpg,3,738,288,54,84,-1,-1,-1,-1
24, 13824.jpg,4,669,322,49,109,-1,-1,-1,-1
24, 13824.jpg,5,836,449,72,102,-1,-1,-1,-1
24, 13824.jpg,6,247,370,42,102,-1,-1,-1,-1
24, 13824.jpg,7,602,316,34,90,-1,-1,-1,-1
24, 13824.jpg,8,603,422,41,98,-1,-1,-1,-1
24, 13824.jpg,9,651,320,42,113,-1,-1,-1,-1
24, 13824.jpg,10,367,317,41,85,-1,-1,-1,-1
24, 13824.jpg,11,353,429,57,110,-1,-1,-1,-1
24, 13824.jpg,12,841,368,46,100,-1,-1,-1,-1
24, 13824.jpg,14,988,356,64,61,-1,-1,-1,-1
25, 13825.jpg,3,732,287,56,86,-1,-1,-1,-1
25, 13825.jpg,4,667,324,49,107,-1,-1,-1,-1
25, 13825.jpg,5,828,449,73,102,-1,-1,-1,-1
25, 13825.jpg,6,248,372,41,100,-1,-1,-1,-1
25, 13825.jpg,7,603,313,36,96,-1,-1,-1,-1
25, 13825.jpg,8,603,422,41,98,-1,-1,-1,-1
25, 13825.jpg,9,651,320,42,113,-1,-1,-1,-1
25, 13825.jpg,10,366,316,42,88,-1,-1,-1,-1
25, 13825.jpg,11,350,433,59,108,-1,-1,-1,-1
25, 13825.jpg,12,836,392,50,111,-1,-1,-1,-1
25, 13825.jpg,14,992,361,59,53,-1,-1,-1,-1
26, 13826.jpg,3,722,290,57,85,-1,-1,-1,-1
26, 13826.jpg,4,668,324,46,103,-1,-1,-1,-1
26, 13826.jpg,5,819,442,79,111,-1,-1,-1,-1
26, 13826.jpg,6,248,373,41,98,-1,-1,-1,-1
26, 13826.jpg,7,603,311,36,96,-1,-1,-1,-1
26, 13826.jpg,8,604,418,42,103,-1,-1,-1,-1
26, 13826.jpg,10,367,317,43,87,-1,-1,-1,-1
26, 13826.jpg,11,350,435,60,107,-1,-1,-1,-1
26, 13826.jpg,12,833,382,46,100,-1,-1,-1,-1
26, 13826.jpg,14,992,364,57,49,-1,-1,-1,-1
27, 13827.jpg,3,721,292,54,80,-1,-1,-1,-1
27, 13827.jpg,4,668,327,43,98,-1,-1,-1,-1
27, 13827.jpg,5,811,442,80,109,-1,-1,-1,-1
27, 13827.jpg,6,248,371,42,99,-1,-1,-1,-1
27, 13827.jpg,7,603,310,37,97,-1,-1,-1,-1
27, 13827.jpg,8,606,418,41,102,-1,-1,-1,-1
27, 13827.jpg,10,369,316,44,88,-1,-1,-1,-1
27, 13827.jpg,11,349,435,62,105,-1,-1,-1,-1
27, 13827.jpg,12,829,377,44,96,-1,-1,-1,-1
27, 13827.jpg,14,993,367,57,45,-1,-1,-1,-1
27, 13827.jpg,15,599,308,45,121,-1,-1,-1,-1
28, 13828.jpg,3,717,291,55,83,-1,-1,-1,-1
28, 13828.jpg,4,663,330,44,99,-1,-1,-1,-1
28, 13828.jpg,5,801,443,79,105,-1,-1,-1,-1
28, 13828.jpg,6,248,367,43,102,-1,-1,-1,-1
28, 13828.jpg,8,608,416,42,104,-1,-1,-1,-1
28, 13828.jpg,9,662,339,31,88,-1,-1,-1,-1
28, 13828.jpg,10,371,316,44,86,-1,-1,-1,-1
28, 13828.jpg,11,349,435,63,104,-1,-1,-1,-1
28, 13828.jpg,12,823,375,47,100,-1,-1,-1,-1
28, 13828.jpg,14,995,369,54,43,-1,-1,-1,-1
28, 13828.jpg,15,599,305,41,110,-1,-1,-1,-1
29, 13829.jpg,3,714,295,53,81,-1,-1,-1,-1
29, 13829.jpg,4,659,327,46,106,-1,-1,-1,-1
29, 13829.jpg,5,795,429,83,109,-1,-1,-1,-1
29, 13829.jpg,6,250,365,42,102,-1,-1,-1,-1
29, 13829.jpg,8,610,416,41,105,-1,-1,-1,-1
29, 13829.jpg,9,663,341,31,86,-1,-1,-1,-1
29, 13829.jpg,10,374,316,45,86,-1,-1,-1,-1
29, 13829.jpg,11,348,434,66,107,-1,-1,-1,-1
29, 13829.jpg,12,818,375,47,100,-1,-1,-1,-1
29, 13829.jpg,15,602,303,39,106,-1,-1,-1,-1
30, 13830.jpg,3,711,295,54,83,-1,-1,-1,-1
30, 13830.jpg,4,657,326,47,109,-1,-1,-1,-1
30, 13830.jpg,5,784,441,81,109,-1,-1,-1,-1
30, 13830.jpg,6,252,364,43,99,-1,-1,-1,-1
30, 13830.jpg,8,612,418,40,102,-1,-1,-1,-1
30, 13830.jpg,10,376,316,46,87,-1,-1,-1,-1
30, 13830.jpg,11,348,432,68,109,-1,-1,-1,-1
30, 13830.jpg,12,815,378,44,95,-1,-1,-1,-1
30, 13830.jpg,15,601,303,35,96,-1,-1,-1,-1
31, 13831.jpg,3,708,295,54,87,-1,-1,-1,-1
31, 13831.jpg,4,657,330,46,107,-1,-1,-1,-1
31, 13831.jpg,5,775,445,81,111,-1,-1,-1,-1
31, 13831.jpg,6,252,362,44,99,-1,-1,-1,-1
31, 13831.jpg,8,613,421,39,100,-1,-1,-1,-1
31, 13831.jpg,10,380,316,48,88,-1,-1,-1,-1
31, 13831.jpg,11,349,431,69,110,-1,-1,-1,-1
31, 13831.jpg,12,808,377,47,103,-1,-1,-1,-1
31, 13831.jpg,15,599,303,37,96,-1,-1,-1,-1
32, 13832.jpg,3,707,296,52,86,-1,-1,-1,-1
32, 13832.jpg,4,661,333,46,106,-1,-1,-1,-1
32, 13832.jpg,5,766,447,80,113,-1,-1,-1,-1
32, 13832.jpg,6,253,362,44,97,-1,-1,-1,-1
32, 13832.jpg,8,614,424,37,96,-1,-1,-1,-1
32, 13832.jpg,10,384,318,47,86,-1,-1,-1,-1
32, 13832.jpg,11,348,432,69,108,-1,-1,-1,-1
32, 13832.jpg,12,805,378,44,96,-1,-1,-1,-1
32, 13832.jpg,15,597,302,39,99,-1,-1,-1,-1
33, 13833.jpg,3,705,295,52,88,-1,-1,-1,-1
33, 13833.jpg,4,660,338,48,109,-1,-1,-1,-1
33, 13833.jpg,5,760,448,78,114,-1,-1,-1,-1
33, 13833.jpg,6,253,362,45,96,-1,-1,-1,-1
33, 13833.jpg,8,615,426,36,94,-1,-1,-1,-1
33, 13833.jpg,10,385,321,49,86,-1,-1,-1,-1
33, 13833.jpg,11,350,432,70,108,-1,-1,-1,-1
33, 13833.jpg,12,804,379,42,91,-1,-1,-1,-1
33, 13833.jpg,15,596,304,42,102,-1,-1,-1,-1
34, 13834.jpg,3,703,296,52,89,-1,-1,-1,-1
34, 13834.jpg,4,663,341,47,107,-1,-1,-1,-1
34, 13834.jpg,5,754,449,78,118,-1,-1,-1,-1
34, 13834.jpg,6,255,363,44,94,-1,-1,-1,-1
34, 13834.jpg,8,614,427,36,92,-1,-1,-1,-1
34, 13834.jpg,10,387,324,49,85,-1,-1,-1,-1
34, 13834.jpg,11,351,434,71,108,-1,-1,-1,-1
34, 13834.jpg,12,798,379,44,97,-1,-1,-1,-1
34, 13834.jpg,15,594,307,44,100,-1,-1,-1,-1
35, 13835.jpg,3,702,297,51,89,-1,-1,-1,-1
35, 13835.jpg,4,669,350,44,97,-1,-1,-1,-1
35, 13835.jpg,5,749,454,74,115,-1,-1,-1,-1
35, 13835.jpg,6,255,364,45,94,-1,-1,-1,-1
35, 13835.jpg,8,612,431,36,87,-1,-1,-1,-1
35, 13835.jpg,10,389,328,48,82,-1,-1,-1,-1
35, 13835.jpg,11,356,437,69,104,-1,-1,-1,-1
35, 13835.jpg,12,793,382,46,98,-1,-1,-1,-1
35, 13835.jpg,15,594,308,46,100,-1,-1,-1,-1
35, 13835.jpg,19,36,309,50,77,-1,-1,-1,-1
36, 13836.jpg,3,703,299,48,85,-1,-1,-1,-1
36, 13836.jpg,4,672,358,44,94,-1,-1,-1,-1
36, 13836.jpg,5,746,458,70,112,-1,-1,-1,-1
36, 13836.jpg,6,255,364,45,94,-1,-1,-1,-1
36, 13836.jpg,8,609,432,37,86,-1,-1,-1,-1
36, 13836.jpg,10,393,331,46,76,-1,-1,-1,-1
36, 13836.jpg,11,359,438,70,102,-1,-1,-1,-1
36, 13836.jpg,12,792,387,45,95,-1,-1,-1,-1
36, 13836.jpg,14,985,370,66,52,-1,-1,-1,-1
36, 13836.jpg,15,594,310,47,97,-1,-1,-1,-1
36, 13836.jpg,19,36,309,51,78,-1,-1,-1,-1
37, 13837.jpg,3,702,299,49,87,-1,-1,-1,-1
37, 13837.jpg,4,676,358,45,94,-1,-1,-1,-1
37, 13837.jpg,5,745,458,68,113,-1,-1,-1,-1
37, 13837.jpg,6,256,362,45,95,-1,-1,-1,-1
37, 13837.jpg,8,606,430,42,92,-1,-1,-1,-1
37, 13837.jpg,9,624,322,37,100,-1,-1,-1,-1
37, 13837.jpg,10,396,332,46,74,-1,-1,-1,-1
37, 13837.jpg,11,362,438,71,103,-1,-1,-1,-1
37, 13837.jpg,12,789,387,47,97,-1,-1,-1,-1
37, 13837.jpg,14,980,370,70,53,-1,-1,-1,-1
37, 13837.jpg,15,593,314,48,93,-1,-1,-1,-1
37, 13837.jpg,19,41,311,50,76,-1,-1,-1,-1
38, 13838.jpg,3,702,301,47,85,-1,-1,-1,-1
38, 13838.jpg,4,675,357,48,97,-1,-1,-1,-1
38, 13838.jpg,5,739,460,66,113,-1,-1,-1,-1
38, 13838.jpg,6,257,360,44,96,-1,-1,-1,-1
38, 13838.jpg,8,604,432,43,90,-1,-1,-1,-1
38, 13838.jpg,9,621,321,37,101,-1,-1,-1,-1
38, 13838.jpg,10,397,335,47,72,-1,-1,-1,-1
38, 13838.jpg,11,361,437,73,103,-1,-1,-1,-1
38, 13838.jpg,12,789,391,45,94,-1,-1,-1,-1
38, 13838.jpg,14,977,370,72,55,-1,-1,-1,-1
38, 13838.jpg,15,592,316,48,90,-1,-1,-1,-1
38, 13838.jpg,19,42,311,50,76,-1,-1,-1,-1
39, 13839.jpg,3,700,299,46,84,-1,-1,-1,-1
39, 13839.jpg,4,668,368,44,91,-1,-1,-1,-1
39, 13839.jpg,5,732,458,67,115,-1,-1,-1,-1
39, 13839.jpg,6,257,355,45,100,-1,-1,-1,-1
39, 13839.jpg,8,604,431,45,91,-1,-1,-1,-1
39, 13839.jpg,9,624,332,35,93,-1,-1,-1,-1
39, 13839.jpg,10,399,336,47,69,-1,-1,-1,-1
39, 13839.jpg,11,362,435,75,104,-1,-1,-1,-1
39, 13839.jpg,12,787,397,43,89,-1,-1,-1,-1
39, 13839.jpg,14,972,368,75,57,-1,-1,-1,-1
39, 13839.jpg,15,597,321,48,88,-1,-1,-1,-1
40, 13840.jpg,3,705,300,43,75,-1,-1,-1,-1
40, 13840.jpg,4,667,371,44,90,-1,-1,-1,-1
40, 13840.jpg,5,727,455,67,118,-1,-1,-1,-1
40, 13840.jpg,6,256,352,45,102,-1,-1,-1,-1
40, 13840.jpg,8,603,430,47,92,-1,-1,-1,-1
40, 13840.jpg,9,624,334,35,96,-1,-1,-1,-1
40, 13840.jpg,10,401,341,46,66,-1,-1,-1,-1
40, 13840.jpg,11,362,433,79,106,-1,-1,-1,-1
40, 13840.jpg,12,787,400,41,86,-1,-1,-1,-1
40, 13840.jpg,14,971,370,71,54,-1,-1,-1,-1
40, 13840.jpg,15,588,316,48,88,-1,-1,-1,-1
