2, 26862.jpg,3,1182,359,43,99,-1,-1,-1,-1
2, 26862.jpg,4,661,389,26,93,-1,-1,-1,-1
2, 26862.jpg,5,658,340,32,82,-1,-1,-1,-1
2, 26862.jpg,6,476,353,60,86,-1,-1,-1,-1
2, 26862.jpg,7,808,363,33,69,-1,-1,-1,-1
2, 26862.jpg,8,850,398,35,107,-1,-1,-1,-1
2, 26862.jpg,9,305,391,42,87,-1,-1,-1,-1
2, 26862.jpg,10,605,385,46,99,-1,-1,-1,-1
2, 26862.jpg,11,339,319,36,80,-1,-1,-1,-1
3, 26863.jpg,3,1176,357,42,99,-1,-1,-1,-1
3, 26863.jpg,4,661,394,26,89,-1,-1,-1,-1
3, 26863.jpg,5,656,341,40,104,-1,-1,-1,-1
3, 26863.jpg,6,481,359,54,79,-1,-1,-1,-1
3, 26863.jpg,7,806,360,34,71,-1,-1,-1,-1
3, 26863.jpg,8,851,400,35,105,-1,-1,-1,-1
3, 26863.jpg,9,304,388,42,88,-1,-1,-1,-1
3, 26863.jpg,10,606,384,46,99,-1,-1,-1,-1
3, 26863.jpg,11,338,321,35,79,-1,-1,-1,-1
4, 26864.jpg,3,1168,357,42,98,-1,-1,-1,-1
4, 26864.jpg,4,660,393,27,94,-1,-1,-1,-1
4, 26864.jpg,5,654,350,38,100,-1,-1,-1,-1
4, 26864.jpg,6,485,361,52,77,-1,-1,-1,-1
4, 26864.jpg,7,807,359,33,69,-1,-1,-1,-1
4, 26864.jpg,8,852,401,36,107,-1,-1,-1,-1
4, 26864.jpg,9,303,384,43,89,-1,-1,-1,-1
4, 26864.jpg,10,606,382,46,102,-1,-1,-1,-1
4, 26864.jpg,11,337,324,35,77,-1,-1,-1,-1
4, 26864.jpg,12,356,419,89,63,-1,-1,-1,-1
5, 26865.jpg,3,1160,359,41,98,-1,-1,-1,-1
5, 26865.jpg,4,660,396,26,93,-1,-1,-1,-1
5, 26865.jpg,5,654,333,38,102,-1,-1,-1,-1
5, 26865.jpg,6,488,364,49,74,-1,-1,-1,-1
5, 26865.jpg,7,807,358,34,68,-1,-1,-1,-1
5, 26865.jpg,8,853,403,35,105,-1,-1,-1,-1
5, 26865.jpg,9,302,383,42,87,-1,-1,-1,-1
5, 26865.jpg,10,606,381,46,102,-1,-1,-1,-1
5, 26865.jpg,11,337,327,34,75,-1,-1,-1,-1
5, 26865.jpg,12,352,413,98,69,-1,-1,-1,-1
5, 26865.jpg,13,442,275,43,64,-1,-1,-1,-1
6, 26866.jpg,3,1150,359,41,96,-1,-1,-1,-1
6, 26866.jpg,5,651,331,45,122,-1,-1,-1,-1
6, 26866.jpg,6,489,366,49,74,-1,-1,-1,-1
6, 26866.jpg,7,807,358,34,68,-1,-1,-1,-1
6, 26866.jpg,8,853,405,36,105,-1,-1,-1,-1
6, 26866.jpg,9,301,383,42,84,-1,-1,-1,-1
6, 26866.jpg,10,605,380,45,102,-1,-1,-1,-1
6, 26866.jpg,11,338,330,33,72,-1,-1,-1,-1
6, 26866.jpg,12,350,409,100,73,-1,-1,-1,-1
6, 26866.jpg,13,444,276,41,63,-1,-1,-1,-1
7, 26867.jpg,3,1143,359,41,96,-1,-1,-1,-1
7, 26867.jpg,5,655,325,37,101,-1,-1,-1,-1
7, 26867.jpg,6,491,364,53,83,-1,-1,-1,-1
7, 26867.jpg,7,808,358,33,67,-1,-1,-1,-1
7, 26867.jpg,8,854,407,35,103,-1,-1,-1,-1
7, 26867.jpg,9,302,383,40,79,-1,-1,-1,-1
7, 26867.jpg,10,605,380,43,97,-1,-1,-1,-1
7, 26867.jpg,11,338,332,34,72,-1,-1,-1,-1
7, 26867.jpg,12,350,410,94,70,-1,-1,-1,-1
7, 26867.jpg,13,444,276,41,62,-1,-1,-1,-1
8, 26868.jpg,3,1134,359,42,97,-1,-1,-1,-1
8, 26868.jpg,5,656,322,34,92,-1,-1,-1,-1
8, 26868.jpg,6,492,365,58,91,-1,-1,-1,-1
8, 26868.jpg,7,809,359,33,66,-1,-1,-1,-1
8, 26868.jpg,8,855,409,35,99,-1,-1,-1,-1
8, 26868.jpg,9,303,382,39,79,-1,-1,-1,-1
8, 26868.jpg,10,620,380,44,97,-1,-1,-1,-1
8, 26868.jpg,11,339,334,34,73,-1,-1,-1,-1
8, 26868.jpg,12,349,410,91,70,-1,-1,-1,-1
8, 26868.jpg,13,446,274,41,62,-1,-1,-1,-1
9, 26869.jpg,3,1127,357,44,100,-1,-1,-1,-1
9, 26869.jpg,4,657,380,29,104,-1,-1,-1,-1
9, 26869.jpg,5,656,319,33,90,-1,-1,-1,-1
9, 26869.jpg,6,496,366,58,94,-1,-1,-1,-1
9, 26869.jpg,7,809,359,34,66,-1,-1,-1,-1
9, 26869.jpg,8,857,410,34,98,-1,-1,-1,-1
9, 26869.jpg,9,302,383,41,79,-1,-1,-1,-1
9, 26869.jpg,10,610,378,42,92,-1,-1,-1,-1
9, 26869.jpg,11,342,336,34,71,-1,-1,-1,-1
9, 26869.jpg,12,347,409,91,73,-1,-1,-1,-1
9, 26869.jpg,13,448,272,43,64,-1,-1,-1,-1
10, 26870.jpg,3,1118,355,45,103,-1,-1,-1,-1
10, 26870.jpg,4,656,379,30,105,-1,-1,-1,-1
10, 26870.jpg,5,655,336,37,101,-1,-1,-1,-1
10, 26870.jpg,6,499,370,55,90,-1,-1,-1,-1
10, 26870.jpg,7,809,358,33,65,-1,-1,-1,-1
10, 26870.jpg,8,858,410,36,98,-1,-1,-1,-1
10, 26870.jpg,9,302,383,42,80,-1,-1,-1,-1
10, 26870.jpg,10,605,377,41,90,-1,-1,-1,-1
10, 26870.jpg,11,345,338,34,68,-1,-1,-1,-1
10, 26870.jpg,12,348,410,87,73,-1,-1,-1,-1
10, 26870.jpg,13,450,271,44,65,-1,-1,-1,-1
11, 26871.jpg,3,1110,355,46,102,-1,-1,-1,-1
11, 26871.jpg,4,656,377,30,104,-1,-1,-1,-1
11, 26871.jpg,5,655,323,36,100,-1,-1,-1,-1
11, 26871.jpg,6,504,371,54,91,-1,-1,-1,-1
11, 26871.jpg,7,809,357,34,66,-1,-1,-1,-1
11, 26871.jpg,8,859,409,38,98,-1,-1,-1,-1
11, 26871.jpg,9,304,384,42,77,-1,-1,-1,-1
11, 26871.jpg,10,602,379,40,85,-1,-1,-1,-1
11, 26871.jpg,11,348,340,34,67,-1,-1,-1,-1
11, 26871.jpg,12,352,413,84,72,-1,-1,-1,-1
11, 26871.jpg,13,454,271,43,65,-1,-1,-1,-1
12, 26872.jpg,3,1103,356,45,100,-1,-1,-1,-1
12, 26872.jpg,4,656,375,31,106,-1,-1,-1,-1
12, 26872.jpg,5,657,317,33,90,-1,-1,-1,-1
12, 26872.jpg,6,507,371,55,92,-1,-1,-1,-1
12, 26872.jpg,7,808,354,36,70,-1,-1,-1,-1
12, 26872.jpg,8,862,408,39,97,-1,-1,-1,-1
12, 26872.jpg,9,306,383,44,76,-1,-1,-1,-1
12, 26872.jpg,10,600,379,39,81,-1,-1,-1,-1
12, 26872.jpg,11,351,339,34,67,-1,-1,-1,-1
12, 26872.jpg,12,354,414,82,73,-1,-1,-1,-1
12, 26872.jpg,13,456,270,44,67,-1,-1,-1,-1
13, 26873.jpg,3,1097,356,43,98,-1,-1,-1,-1
13, 26873.jpg,4,657,357,29,102,-1,-1,-1,-1
13, 26873.jpg,5,656,316,34,90,-1,-1,-1,-1
13, 26873.jpg,6,510,372,55,93,-1,-1,-1,-1
13, 26873.jpg,7,807,352,36,70,-1,-1,-1,-1
13, 26873.jpg,8,863,407,40,96,-1,-1,-1,-1
13, 26873.jpg,9,309,381,46,78,-1,-1,-1,-1
13, 26873.jpg,10,611,381,43,84,-1,-1,-1,-1
13, 26873.jpg,11,354,340,35,67,-1,-1,-1,-1
13, 26873.jpg,12,352,414,82,75,-1,-1,-1,-1
13, 26873.jpg,13,460,271,43,65,-1,-1,-1,-1
14, 26874.jpg,3,1089,355,43,97,-1,-1,-1,-1
14, 26874.jpg,4,658,351,28,99,-1,-1,-1,-1
14, 26874.jpg,6,516,371,56,96,-1,-1,-1,-1
14, 26874.jpg,7,807,350,36,70,-1,-1,-1,-1
14, 26874.jpg,8,863,407,41,95,-1,-1,-1,-1
14, 26874.jpg,9,311,378,48,79,-1,-1,-1,-1
14, 26874.jpg,10,603,379,42,79,-1,-1,-1,-1
14, 26874.jpg,11,361,340,34,64,-1,-1,-1,-1
14, 26874.jpg,12,353,413,80,77,-1,-1,-1,-1
14, 26874.jpg,13,463,273,42,63,-1,-1,-1,-1
15, 26875.jpg,3,1080,353,44,99,-1,-1,-1,-1
15, 26875.jpg,4,658,340,33,116,-1,-1,-1,-1
15, 26875.jpg,6,519,372,57,97,-1,-1,-1,-1
15, 26875.jpg,7,807,347,37,72,-1,-1,-1,-1
15, 26875.jpg,8,862,407,43,95,-1,-1,-1,-1
15, 26875.jpg,9,316,375,50,79,-1,-1,-1,-1
15, 26875.jpg,10,602,379,43,79,-1,-1,-1,-1
15, 26875.jpg,11,366,338,36,64,-1,-1,-1,-1
15, 26875.jpg,12,358,415,73,72,-1,-1,-1,-1
15, 26875.jpg,13,466,272,42,64,-1,-1,-1,-1
16, 26876.jpg,3,1072,352,45,100,-1,-1,-1,-1
16, 26876.jpg,4,659,359,32,110,-1,-1,-1,-1
16, 26876.jpg,5,656,313,34,94,-1,-1,-1,-1
16, 26876.jpg,6,522,373,56,96,-1,-1,-1,-1
16, 26876.jpg,7,807,343,37,72,-1,-1,-1,-1
16, 26876.jpg,8,860,405,45,97,-1,-1,-1,-1
16, 26876.jpg,9,319,371,49,77,-1,-1,-1,-1
16, 26876.jpg,10,598,377,45,78,-1,-1,-1,-1
16, 26876.jpg,11,373,336,38,64,-1,-1,-1,-1
16, 26876.jpg,12,356,409,71,74,-1,-1,-1,-1
16, 26876.jpg,13,467,270,44,66,-1,-1,-1,-1
17, 26877.jpg,3,1066,350,44,100,-1,-1,-1,-1
17, 26877.jpg,4,661,370,29,103,-1,-1,-1,-1
17, 26877.jpg,5,656,311,34,95,-1,-1,-1,-1
17, 26877.jpg,6,526,372,56,99,-1,-1,-1,-1
17, 26877.jpg,7,807,340,38,71,-1,-1,-1,-1
17, 26877.jpg,8,860,404,46,97,-1,-1,-1,-1
17, 26877.jpg,9,325,369,49,74,-1,-1,-1,-1
17, 26877.jpg,10,595,374,46,80,-1,-1,-1,-1
17, 26877.jpg,11,378,332,40,67,-1,-1,-1,-1
17, 26877.jpg,12,357,408,67,72,-1,-1,-1,-1
17, 26877.jpg,13,469,268,46,69,-1,-1,-1,-1
18, 26878.jpg,3,1058,350,44,98,-1,-1,-1,-1
18, 26878.jpg,4,660,370,31,106,-1,-1,-1,-1
18, 26878.jpg,5,656,308,33,95,-1,-1,-1,-1
18, 26878.jpg,6,532,374,54,98,-1,-1,-1,-1
18, 26878.jpg,7,807,336,36,71,-1,-1,-1,-1
18, 26878.jpg,8,859,403,47,97,-1,-1,-1,-1
18, 26878.jpg,9,331,364,49,77,-1,-1,-1,-1
18, 26878.jpg,10,594,372,46,79,-1,-1,-1,-1
18, 26878.jpg,11,381,329,43,70,-1,-1,-1,-1
18, 26878.jpg,12,359,408,61,69,-1,-1,-1,-1
18, 26878.jpg,13,472,268,47,70,-1,-1,-1,-1
19, 26879.jpg,3,1054,352,41,91,-1,-1,-1,-1
19, 26879.jpg,4,660,371,31,107,-1,-1,-1,-1
19, 26879.jpg,5,655,306,34,96,-1,-1,-1,-1
19, 26879.jpg,6,537,374,53,99,-1,-1,-1,-1
19, 26879.jpg,7,807,333,36,69,-1,-1,-1,-1
19, 26879.jpg,8,858,401,49,98,-1,-1,-1,-1
19, 26879.jpg,9,339,361,48,74,-1,-1,-1,-1
19, 26879.jpg,10,593,371,47,77,-1,-1,-1,-1
19, 26879.jpg,11,386,328,44,70,-1,-1,-1,-1
19, 26879.jpg,12,362,410,57,66,-1,-1,-1,-1
19, 26879.jpg,13,476,268,46,69,-1,-1,-1,-1
20, 26880.jpg,3,1046,347,44,97,-1,-1,-1,-1
20, 26880.jpg,4,659,367,34,113,-1,-1,-1,-1
20, 26880.jpg,5,655,306,30,85,-1,-1,-1,-1
20, 26880.jpg,6,540,373,53,100,-1,-1,-1,-1
20, 26880.jpg,7,809,331,35,67,-1,-1,-1,-1
20, 26880.jpg,8,857,400,49,98,-1,-1,-1,-1
20, 26880.jpg,9,343,358,48,76,-1,-1,-1,-1
20, 26880.jpg,10,577,372,50,81,-1,-1,-1,-1
20, 26880.jpg,11,389,327,43,69,-1,-1,-1,-1
20, 26880.jpg,12,361,408,57,67,-1,-1,-1,-1
20, 26880.jpg,13,479,268,45,69,-1,-1,-1,-1
21, 26881.jpg,3,1038,347,45,96,-1,-1,-1,-1
21, 26881.jpg,4,657,361,37,119,-1,-1,-1,-1
21, 26881.jpg,5,654,305,31,87,-1,-1,-1,-1
21, 26881.jpg,6,542,373,53,102,-1,-1,-1,-1
21, 26881.jpg,7,810,331,35,64,-1,-1,-1,-1
21, 26881.jpg,8,856,399,50,99,-1,-1,-1,-1
21, 26881.jpg,9,351,368,50,80,-1,-1,-1,-1
21, 26881.jpg,10,586,376,45,70,-1,-1,-1,-1
21, 26881.jpg,11,391,325,43,71,-1,-1,-1,-1
21, 26881.jpg,12,360,408,57,67,-1,-1,-1,-1
21, 26881.jpg,13,482,268,44,67,-1,-1,-1,-1
22, 26882.jpg,3,1031,346,46,96,-1,-1,-1,-1
22, 26882.jpg,4,656,344,35,113,-1,-1,-1,-1
22, 26882.jpg,5,654,304,31,87,-1,-1,-1,-1
22, 26882.jpg,6,547,376,52,101,-1,-1,-1,-1
22, 26882.jpg,7,811,330,35,65,-1,-1,-1,-1
22, 26882.jpg,8,854,398,52,100,-1,-1,-1,-1
22, 26882.jpg,9,353,365,53,89,-1,-1,-1,-1
22, 26882.jpg,10,590,380,40,61,-1,-1,-1,-1
22, 26882.jpg,11,393,324,44,73,-1,-1,-1,-1
22, 26882.jpg,13,484,266,45,71,-1,-1,-1,-1
23, 26883.jpg,3,1027,346,45,94,-1,-1,-1,-1
23, 26883.jpg,4,658,362,37,111,-1,-1,-1,-1
23, 26883.jpg,5,653,306,32,91,-1,-1,-1,-1
23, 26883.jpg,6,551,378,51,101,-1,-1,-1,-1
23, 26883.jpg,7,811,329,35,66,-1,-1,-1,-1
23, 26883.jpg,8,854,399,51,98,-1,-1,-1,-1
23, 26883.jpg,9,355,362,56,99,-1,-1,-1,-1
23, 26883.jpg,10,588,382,39,59,-1,-1,-1,-1
23, 26883.jpg,11,397,324,44,74,-1,-1,-1,-1
23, 26883.jpg,13,486,266,48,75,-1,-1,-1,-1
24, 26884.jpg,3,1022,347,44,90,-1,-1,-1,-1
24, 26884.jpg,4,658,366,38,112,-1,-1,-1,-1
24, 26884.jpg,5,651,307,34,95,-1,-1,-1,-1
24, 26884.jpg,6,552,382,52,101,-1,-1,-1,-1
24, 26884.jpg,7,811,329,36,66,-1,-1,-1,-1
24, 26884.jpg,8,854,400,51,96,-1,-1,-1,-1
24, 26884.jpg,9,360,361,50,89,-1,-1,-1,-1
24, 26884.jpg,10,584,384,41,59,-1,-1,-1,-1
24, 26884.jpg,11,401,323,45,77,-1,-1,-1,-1
24, 26884.jpg,12,363,406,54,66,-1,-1,-1,-1
24, 26884.jpg,13,487,266,48,80,-1,-1,-1,-1
25, 26885.jpg,3,1018,349,42,87,-1,-1,-1,-1
25, 26885.jpg,4,657,368,41,113,-1,-1,-1,-1
25, 26885.jpg,5,653,307,32,93,-1,-1,-1,-1
25, 26885.jpg,6,554,385,52,100,-1,-1,-1,-1
25, 26885.jpg,7,812,329,36,66,-1,-1,-1,-1
25, 26885.jpg,8,854,401,51,96,-1,-1,-1,-1
25, 26885.jpg,9,361,359,54,102,-1,-1,-1,-1
25, 26885.jpg,10,583,385,39,57,-1,-1,-1,-1
25, 26885.jpg,11,405,324,45,78,-1,-1,-1,-1
25, 26885.jpg,12,363,406,54,66,-1,-1,-1,-1
25, 26885.jpg,13,489,268,47,79,-1,-1,-1,-1
26, 26886.jpg,3,1014,348,41,86,-1,-1,-1,-1
26, 26886.jpg,4,659,373,41,109,-1,-1,-1,-1
26, 26886.jpg,5,650,307,35,99,-1,-1,-1,-1
26, 26886.jpg,6,555,388,52,99,-1,-1,-1,-1
26, 26886.jpg,7,814,329,35,65,-1,-1,-1,-1
26, 26886.jpg,8,853,402,51,95,-1,-1,-1,-1
26, 26886.jpg,9,365,361,52,100,-1,-1,-1,-1
26, 26886.jpg,11,410,324,45,78,-1,-1,-1,-1
26, 26886.jpg,13,494,271,44,76,-1,-1,-1,-1
27, 26887.jpg,3,1007,350,41,85,-1,-1,-1,-1
27, 26887.jpg,4,658,374,43,108,-1,-1,-1,-1
27, 26887.jpg,5,652,318,35,96,-1,-1,-1,-1
27, 26887.jpg,6,557,392,51,96,-1,-1,-1,-1
27, 26887.jpg,7,815,329,35,65,-1,-1,-1,-1
27, 26887.jpg,8,853,403,50,93,-1,-1,-1,-1
27, 26887.jpg,9,370,363,49,95,-1,-1,-1,-1
27, 26887.jpg,11,416,325,46,77,-1,-1,-1,-1
27, 26887.jpg,13,496,273,45,77,-1,-1,-1,-1
28, 26888.jpg,3,1002,349,42,86,-1,-1,-1,-1
28, 26888.jpg,4,655,367,47,117,-1,-1,-1,-1
28, 26888.jpg,5,652,320,35,97,-1,-1,-1,-1
28, 26888.jpg,6,557,393,50,96,-1,-1,-1,-1
28, 26888.jpg,7,814,326,38,69,-1,-1,-1,-1
28, 26888.jpg,8,852,403,51,93,-1,-1,-1,-1
28, 26888.jpg,9,374,362,47,92,-1,-1,-1,-1
28, 26888.jpg,11,419,327,46,76,-1,-1,-1,-1
28, 26888.jpg,13,500,275,45,78,-1,-1,-1,-1
29, 26889.jpg,3,995,349,43,87,-1,-1,-1,-1
29, 26889.jpg,4,657,369,46,114,-1,-1,-1,-1
29, 26889.jpg,5,653,311,30,84,-1,-1,-1,-1
29, 26889.jpg,6,555,392,51,98,-1,-1,-1,-1
29, 26889.jpg,7,815,323,40,72,-1,-1,-1,-1
29, 26889.jpg,8,853,402,51,94,-1,-1,-1,-1
29, 26889.jpg,9,377,363,46,91,-1,-1,-1,-1
29, 26889.jpg,10,597,400,32,46,-1,-1,-1,-1
29, 26889.jpg,11,421,328,45,76,-1,-1,-1,-1
29, 26889.jpg,13,504,277,43,76,-1,-1,-1,-1
30, 26890.jpg,3,991,349,42,87,-1,-1,-1,-1
30, 26890.jpg,4,659,372,45,109,-1,-1,-1,-1
30, 26890.jpg,5,652,327,31,90,-1,-1,-1,-1
30, 26890.jpg,6,553,391,52,101,-1,-1,-1,-1
30, 26890.jpg,7,816,321,41,75,-1,-1,-1,-1
30, 26890.jpg,8,853,400,53,96,-1,-1,-1,-1
30, 26890.jpg,9,380,363,46,90,-1,-1,-1,-1
30, 26890.jpg,10,598,400,31,44,-1,-1,-1,-1
30, 26890.jpg,11,421,331,45,72,-1,-1,-1,-1
30, 26890.jpg,13,506,277,43,78,-1,-1,-1,-1
31, 26891.jpg,3,985,348,43,86,-1,-1,-1,-1
31, 26891.jpg,4,664,374,45,107,-1,-1,-1,-1
31, 26891.jpg,5,649,335,33,93,-1,-1,-1,-1
31, 26891.jpg,6,553,392,52,101,-1,-1,-1,-1
31, 26891.jpg,7,819,319,41,75,-1,-1,-1,-1
31, 26891.jpg,8,856,397,53,97,-1,-1,-1,-1
31, 26891.jpg,9,387,364,41,79,-1,-1,-1,-1
31, 26891.jpg,10,599,402,29,41,-1,-1,-1,-1
31, 26891.jpg,11,423,331,44,71,-1,-1,-1,-1
31, 26891.jpg,12,371,423,37,44,-1,-1,-1,-1
31, 26891.jpg,13,508,277,43,77,-1,-1,-1,-1
32, 26892.jpg,3,982,346,43,85,-1,-1,-1,-1
32, 26892.jpg,4,668,373,44,106,-1,-1,-1,-1
32, 26892.jpg,5,651,315,30,85,-1,-1,-1,-1
32, 26892.jpg,6,554,396,51,98,-1,-1,-1,-1
32, 26892.jpg,7,823,319,40,73,-1,-1,-1,-1
32, 26892.jpg,8,858,395,54,99,-1,-1,-1,-1
32, 26892.jpg,9,390,366,39,75,-1,-1,-1,-1
32, 26892.jpg,11,424,330,43,70,-1,-1,-1,-1
32, 26892.jpg,12,371,424,37,43,-1,-1,-1,-1
32, 26892.jpg,13,511,278,42,75,-1,-1,-1,-1
33, 26893.jpg,3,977,347,43,86,-1,-1,-1,-1
33, 26893.jpg,4,670,373,44,105,-1,-1,-1,-1
33, 26893.jpg,5,651,323,31,86,-1,-1,-1,-1
33, 26893.jpg,6,554,397,51,98,-1,-1,-1,-1
33, 26893.jpg,7,826,317,39,72,-1,-1,-1,-1
33, 26893.jpg,8,861,393,54,101,-1,-1,-1,-1
33, 26893.jpg,9,392,366,40,77,-1,-1,-1,-1
33, 26893.jpg,11,423,329,43,69,-1,-1,-1,-1
33, 26893.jpg,12,371,420,41,47,-1,-1,-1,-1
33, 26893.jpg,13,515,279,39,73,-1,-1,-1,-1
34, 26894.jpg,3,975,346,44,88,-1,-1,-1,-1
34, 26894.jpg,4,673,374,42,102,-1,-1,-1,-1
34, 26894.jpg,5,654,329,31,85,-1,-1,-1,-1
34, 26894.jpg,6,554,398,52,99,-1,-1,-1,-1
34, 26894.jpg,7,829,316,39,70,-1,-1,-1,-1
34, 26894.jpg,8,864,391,54,101,-1,-1,-1,-1
34, 26894.jpg,9,395,365,40,77,-1,-1,-1,-1
34, 26894.jpg,11,423,326,44,71,-1,-1,-1,-1
34, 26894.jpg,12,375,422,41,47,-1,-1,-1,-1
34, 26894.jpg,13,515,277,41,77,-1,-1,-1,-1
35, 26895.jpg,3,974,344,44,90,-1,-1,-1,-1
35, 26895.jpg,4,678,375,42,102,-1,-1,-1,-1
35, 26895.jpg,5,654,329,33,89,-1,-1,-1,-1
35, 26895.jpg,6,552,398,53,99,-1,-1,-1,-1
35, 26895.jpg,7,832,314,40,71,-1,-1,-1,-1
35, 26895.jpg,8,868,390,53,102,-1,-1,-1,-1
35, 26895.jpg,9,397,365,40,79,-1,-1,-1,-1
35, 26895.jpg,11,421,325,46,72,-1,-1,-1,-1
35, 26895.jpg,12,372,419,45,52,-1,-1,-1,-1
35, 26895.jpg,13,517,276,42,80,-1,-1,-1,-1
36, 26896.jpg,3,972,342,43,89,-1,-1,-1,-1
36, 26896.jpg,4,681,378,43,104,-1,-1,-1,-1
36, 26896.jpg,5,653,348,31,82,-1,-1,-1,-1
36, 26896.jpg,6,549,396,55,101,-1,-1,-1,-1
36, 26896.jpg,7,835,313,40,71,-1,-1,-1,-1
36, 26896.jpg,8,873,390,51,99,-1,-1,-1,-1
36, 26896.jpg,9,404,348,46,88,-1,-1,-1,-1
36, 26896.jpg,11,423,324,46,72,-1,-1,-1,-1
36, 26896.jpg,12,372,417,43,51,-1,-1,-1,-1
36, 26896.jpg,13,519,275,42,81,-1,-1,-1,-1
37, 26897.jpg,3,970,339,43,89,-1,-1,-1,-1
37, 26897.jpg,4,685,379,43,104,-1,-1,-1,-1
37, 26897.jpg,5,651,352,31,83,-1,-1,-1,-1
37, 26897.jpg,6,547,393,56,105,-1,-1,-1,-1
37, 26897.jpg,7,838,314,39,70,-1,-1,-1,-1
37, 26897.jpg,8,877,390,50,98,-1,-1,-1,-1
37, 26897.jpg,9,409,344,45,82,-1,-1,-1,-1
37, 26897.jpg,12,371,416,44,51,-1,-1,-1,-1
37, 26897.jpg,13,521,275,43,82,-1,-1,-1,-1
38, 26898.jpg,3,970,337,42,89,-1,-1,-1,-1
38, 26898.jpg,4,688,379,43,105,-1,-1,-1,-1
38, 26898.jpg,5,655,356,31,79,-1,-1,-1,-1
38, 26898.jpg,6,546,391,57,106,-1,-1,-1,-1
38, 26898.jpg,7,841,315,38,68,-1,-1,-1,-1
38, 26898.jpg,8,881,389,49,99,-1,-1,-1,-1
38, 26898.jpg,9,413,341,44,83,-1,-1,-1,-1
38, 26898.jpg,11,414,325,46,70,-1,-1,-1,-1
38, 26898.jpg,12,373,415,43,49,-1,-1,-1,-1
38, 26898.jpg,13,522,275,43,80,-1,-1,-1,-1
38, 26898.jpg,15,650,310,32,75,-1,-1,-1,-1
39, 26899.jpg,3,967,336,41,89,-1,-1,-1,-1
39, 26899.jpg,4,691,377,45,107,-1,-1,-1,-1
39, 26899.jpg,5,656,360,30,77,-1,-1,-1,-1
39, 26899.jpg,6,545,390,55,107,-1,-1,-1,-1
39, 26899.jpg,7,843,314,39,67,-1,-1,-1,-1
39, 26899.jpg,8,883,390,48,97,-1,-1,-1,-1
39, 26899.jpg,11,410,327,48,71,-1,-1,-1,-1
39, 26899.jpg,12,373,414,45,51,-1,-1,-1,-1
39, 26899.jpg,13,524,275,42,81,-1,-1,-1,-1
39, 26899.jpg,15,648,307,34,80,-1,-1,-1,-1
40, 26900.jpg,3,965,336,40,87,-1,-1,-1,-1
40, 26900.jpg,4,693,376,46,109,-1,-1,-1,-1
40, 26900.jpg,5,661,359,31,75,-1,-1,-1,-1
40, 26900.jpg,6,544,389,55,108,-1,-1,-1,-1
40, 26900.jpg,7,846,314,38,66,-1,-1,-1,-1
40, 26900.jpg,8,886,392,46,95,-1,-1,-1,-1
40, 26900.jpg,9,406,341,51,94,-1,-1,-1,-1
40, 26900.jpg,11,410,326,48,72,-1,-1,-1,-1
40, 26900.jpg,12,370,414,46,51,-1,-1,-1,-1
40, 26900.jpg,13,526,275,42,81,-1,-1,-1,-1
40, 26900.jpg,15,647,303,36,85,-1,-1,-1,-1
