2, 10422.jpg,1,482,355,39,103,-1,-1,-1,-1
2, 10422.jpg,2,706,404,48,156,-1,-1,-1,-1
2, 10422.jpg,3,317,268,52,97,-1,-1,-1,-1
2, 10422.jpg,4,786,236,59,104,-1,-1,-1,-1
2, 10422.jpg,5,236,284,54,118,-1,-1,-1,-1
2, 10422.jpg,6,929,365,59,114,-1,-1,-1,-1
2, 10422.jpg,7,492,380,55,142,-1,-1,-1,-1
2, 10422.jpg,8,315,362,57,127,-1,-1,-1,-1
2, 10422.jpg,9,762,305,40,101,-1,-1,-1,-1
2, 10422.jpg,10,509,249,36,104,-1,-1,-1,-1
3, 10423.jpg,1,482,359,37,101,-1,-1,-1,-1
3, 10423.jpg,2,707,411,46,149,-1,-1,-1,-1
3, 10423.jpg,3,313,269,50,95,-1,-1,-1,-1
3, 10423.jpg,4,785,234,58,102,-1,-1,-1,-1
3, 10423.jpg,5,229,286,55,119,-1,-1,-1,-1
3, 10423.jpg,6,929,363,60,115,-1,-1,-1,-1
3, 10423.jpg,7,487,373,57,145,-1,-1,-1,-1
3, 10423.jpg,8,309,363,57,129,-1,-1,-1,-1
3, 10423.jpg,9,763,307,38,99,-1,-1,-1,-1
3, 10423.jpg,10,506,249,37,105,-1,-1,-1,-1
4, 10424.jpg,2,710,414,45,148,-1,-1,-1,-1
4, 10424.jpg,3,308,271,49,93,-1,-1,-1,-1
4, 10424.jpg,4,786,235,55,98,-1,-1,-1,-1
4, 10424.jpg,5,224,289,54,117,-1,-1,-1,-1
4, 10424.jpg,6,932,370,58,112,-1,-1,-1,-1
4, 10424.jpg,7,481,364,53,135,-1,-1,-1,-1
4, 10424.jpg,8,302,365,56,128,-1,-1,-1,-1
4, 10424.jpg,9,762,309,38,97,-1,-1,-1,-1
4, 10424.jpg,10,505,250,37,105,-1,-1,-1,-1
5, 10425.jpg,2,711,417,46,147,-1,-1,-1,-1
5, 10425.jpg,3,303,274,48,92,-1,-1,-1,-1
5, 10425.jpg,4,786,235,54,95,-1,-1,-1,-1
5, 10425.jpg,5,218,291,53,115,-1,-1,-1,-1
5, 10425.jpg,6,933,368,59,112,-1,-1,-1,-1
5, 10425.jpg,7,483,373,52,132,-1,-1,-1,-1
5, 10425.jpg,8,298,369,55,126,-1,-1,-1,-1
5, 10425.jpg,9,761,310,37,97,-1,-1,-1,-1
5, 10425.jpg,10,504,251,37,106,-1,-1,-1,-1
6, 10426.jpg,2,709,415,48,154,-1,-1,-1,-1
6, 10426.jpg,3,300,275,47,91,-1,-1,-1,-1
6, 10426.jpg,4,785,238,53,91,-1,-1,-1,-1
6, 10426.jpg,5,209,291,53,117,-1,-1,-1,-1
6, 10426.jpg,6,933,368,58,111,-1,-1,-1,-1
6, 10426.jpg,7,482,374,53,132,-1,-1,-1,-1
6, 10426.jpg,8,292,370,57,129,-1,-1,-1,-1
6, 10426.jpg,9,758,311,37,96,-1,-1,-1,-1
6, 10426.jpg,10,503,251,38,107,-1,-1,-1,-1
7, 10427.jpg,2,710,416,47,148,-1,-1,-1,-1
7, 10427.jpg,3,296,275,46,91,-1,-1,-1,-1
7, 10427.jpg,4,785,239,53,90,-1,-1,-1,-1
7, 10427.jpg,5,201,292,53,118,-1,-1,-1,-1
7, 10427.jpg,6,929,365,61,115,-1,-1,-1,-1
7, 10427.jpg,7,467,373,52,129,-1,-1,-1,-1
7, 10427.jpg,8,285,371,57,129,-1,-1,-1,-1
7, 10427.jpg,9,755,311,37,98,-1,-1,-1,-1
7, 10427.jpg,10,502,252,39,107,-1,-1,-1,-1
7, 10427.jpg,12,779,539,61,174,-1,-1,-1,-1
8, 10428.jpg,2,710,413,47,148,-1,-1,-1,-1
8, 10428.jpg,3,290,274,46,92,-1,-1,-1,-1
8, 10428.jpg,4,785,240,53,92,-1,-1,-1,-1
8, 10428.jpg,5,191,292,53,119,-1,-1,-1,-1
8, 10428.jpg,6,930,365,62,115,-1,-1,-1,-1
8, 10428.jpg,7,473,373,54,134,-1,-1,-1,-1
8, 10428.jpg,8,279,373,58,130,-1,-1,-1,-1
8, 10428.jpg,9,753,314,37,95,-1,-1,-1,-1
8, 10428.jpg,10,502,253,39,106,-1,-1,-1,-1
8, 10428.jpg,12,780,542,60,171,-1,-1,-1,-1
9, 10429.jpg,2,710,411,47,148,-1,-1,-1,-1
9, 10429.jpg,3,287,273,45,93,-1,-1,-1,-1
9, 10429.jpg,4,784,241,53,94,-1,-1,-1,-1
9, 10429.jpg,5,185,293,52,120,-1,-1,-1,-1
9, 10429.jpg,6,929,365,61,116,-1,-1,-1,-1
9, 10429.jpg,7,462,372,55,135,-1,-1,-1,-1
9, 10429.jpg,8,273,375,59,130,-1,-1,-1,-1
9, 10429.jpg,9,753,315,36,94,-1,-1,-1,-1
9, 10429.jpg,10,501,252,39,107,-1,-1,-1,-1
9, 10429.jpg,12,781,544,60,173,-1,-1,-1,-1
10, 10430.jpg,1,495,370,49,132,-1,-1,-1,-1
10, 10430.jpg,2,710,409,47,145,-1,-1,-1,-1
10, 10430.jpg,3,283,272,46,94,-1,-1,-1,-1
10, 10430.jpg,4,785,242,51,93,-1,-1,-1,-1
10, 10430.jpg,5,177,294,52,119,-1,-1,-1,-1
10, 10430.jpg,6,933,362,61,117,-1,-1,-1,-1
10, 10430.jpg,7,461,374,53,131,-1,-1,-1,-1
10, 10430.jpg,8,267,377,61,130,-1,-1,-1,-1
10, 10430.jpg,9,750,316,36,94,-1,-1,-1,-1
10, 10430.jpg,10,499,251,40,109,-1,-1,-1,-1
10, 10430.jpg,12,778,531,63,179,-1,-1,-1,-1
11, 10431.jpg,1,497,370,49,136,-1,-1,-1,-1
11, 10431.jpg,2,711,408,47,143,-1,-1,-1,-1
11, 10431.jpg,3,280,272,45,93,-1,-1,-1,-1
11, 10431.jpg,4,783,241,52,96,-1,-1,-1,-1
11, 10431.jpg,5,171,296,52,120,-1,-1,-1,-1
11, 10431.jpg,6,928,361,57,111,-1,-1,-1,-1
11, 10431.jpg,7,461,375,51,131,-1,-1,-1,-1
11, 10431.jpg,8,263,378,63,131,-1,-1,-1,-1
11, 10431.jpg,9,749,316,37,96,-1,-1,-1,-1
11, 10431.jpg,10,498,252,39,108,-1,-1,-1,-1
11, 10431.jpg,12,780,528,60,170,-1,-1,-1,-1
12, 10432.jpg,1,498,372,50,139,-1,-1,-1,-1
12, 10432.jpg,2,709,404,46,143,-1,-1,-1,-1
12, 10432.jpg,3,276,271,45,94,-1,-1,-1,-1
12, 10432.jpg,4,784,240,50,97,-1,-1,-1,-1
12, 10432.jpg,5,165,300,51,117,-1,-1,-1,-1
12, 10432.jpg,6,941,359,58,117,-1,-1,-1,-1
12, 10432.jpg,7,470,373,53,134,-1,-1,-1,-1
12, 10432.jpg,8,259,378,64,132,-1,-1,-1,-1
12, 10432.jpg,9,748,317,37,96,-1,-1,-1,-1
12, 10432.jpg,10,497,251,40,109,-1,-1,-1,-1
12, 10432.jpg,12,782,528,57,161,-1,-1,-1,-1
13, 10433.jpg,2,710,403,46,141,-1,-1,-1,-1
13, 10433.jpg,3,272,271,45,95,-1,-1,-1,-1
13, 10433.jpg,4,784,240,50,97,-1,-1,-1,-1
13, 10433.jpg,5,156,302,52,120,-1,-1,-1,-1
13, 10433.jpg,6,945,359,58,116,-1,-1,-1,-1
13, 10433.jpg,7,473,371,56,139,-1,-1,-1,-1
13, 10433.jpg,8,253,380,63,130,-1,-1,-1,-1
13, 10433.jpg,9,747,318,38,97,-1,-1,-1,-1
13, 10433.jpg,10,497,252,40,108,-1,-1,-1,-1
13, 10433.jpg,12,784,526,55,157,-1,-1,-1,-1
14, 10434.jpg,2,709,402,47,141,-1,-1,-1,-1
14, 10434.jpg,3,268,271,44,93,-1,-1,-1,-1
14, 10434.jpg,4,784,240,48,96,-1,-1,-1,-1
14, 10434.jpg,5,149,306,51,118,-1,-1,-1,-1
14, 10434.jpg,6,954,354,57,119,-1,-1,-1,-1
14, 10434.jpg,7,473,370,56,139,-1,-1,-1,-1
14, 10434.jpg,8,248,380,62,130,-1,-1,-1,-1
14, 10434.jpg,9,746,320,39,96,-1,-1,-1,-1
14, 10434.jpg,10,497,253,40,108,-1,-1,-1,-1
14, 10434.jpg,12,785,528,54,151,-1,-1,-1,-1
15, 10435.jpg,2,710,399,48,141,-1,-1,-1,-1
15, 10435.jpg,3,265,269,44,94,-1,-1,-1,-1
15, 10435.jpg,4,783,240,47,95,-1,-1,-1,-1
15, 10435.jpg,5,141,311,52,118,-1,-1,-1,-1
15, 10435.jpg,6,947,354,56,116,-1,-1,-1,-1
15, 10435.jpg,7,474,369,56,139,-1,-1,-1,-1
15, 10435.jpg,8,244,379,63,134,-1,-1,-1,-1
15, 10435.jpg,9,746,320,38,97,-1,-1,-1,-1
15, 10435.jpg,10,496,254,40,108,-1,-1,-1,-1
15, 10435.jpg,12,784,527,54,151,-1,-1,-1,-1
16, 10436.jpg,2,711,399,48,139,-1,-1,-1,-1
16, 10436.jpg,3,260,268,45,96,-1,-1,-1,-1
16, 10436.jpg,4,781,240,46,93,-1,-1,-1,-1
16, 10436.jpg,5,132,314,53,116,-1,-1,-1,-1
16, 10436.jpg,6,951,352,57,120,-1,-1,-1,-1
16, 10436.jpg,7,475,373,54,132,-1,-1,-1,-1
16, 10436.jpg,8,241,378,61,134,-1,-1,-1,-1
16, 10436.jpg,9,745,320,39,97,-1,-1,-1,-1
16, 10436.jpg,10,496,255,40,108,-1,-1,-1,-1
16, 10436.jpg,12,781,524,55,151,-1,-1,-1,-1
17, 10437.jpg,2,710,398,49,140,-1,-1,-1,-1
17, 10437.jpg,3,256,268,45,96,-1,-1,-1,-1
17, 10437.jpg,4,782,240,44,90,-1,-1,-1,-1
17, 10437.jpg,5,126,316,55,115,-1,-1,-1,-1
17, 10437.jpg,6,953,349,59,125,-1,-1,-1,-1
17, 10437.jpg,7,477,375,54,130,-1,-1,-1,-1
17, 10437.jpg,8,235,380,60,133,-1,-1,-1,-1
17, 10437.jpg,9,744,320,39,97,-1,-1,-1,-1
17, 10437.jpg,10,495,255,40,109,-1,-1,-1,-1
17, 10437.jpg,12,777,517,59,159,-1,-1,-1,-1
18, 10438.jpg,2,710,395,49,144,-1,-1,-1,-1
18, 10438.jpg,3,252,269,45,95,-1,-1,-1,-1
18, 10438.jpg,4,780,239,44,88,-1,-1,-1,-1
18, 10438.jpg,5,123,316,55,114,-1,-1,-1,-1
18, 10438.jpg,6,968,355,56,120,-1,-1,-1,-1
18, 10438.jpg,7,476,375,54,131,-1,-1,-1,-1
18, 10438.jpg,8,229,382,59,131,-1,-1,-1,-1
18, 10438.jpg,9,743,319,40,99,-1,-1,-1,-1
18, 10438.jpg,10,495,256,39,109,-1,-1,-1,-1
18, 10438.jpg,12,777,515,59,159,-1,-1,-1,-1
18, 10438.jpg,16,922,332,51,140,-1,-1,-1,-1
19, 10439.jpg,2,709,396,49,142,-1,-1,-1,-1
19, 10439.jpg,3,249,270,46,96,-1,-1,-1,-1
19, 10439.jpg,4,779,236,44,89,-1,-1,-1,-1
19, 10439.jpg,5,119,317,56,114,-1,-1,-1,-1
19, 10439.jpg,6,975,357,54,118,-1,-1,-1,-1
19, 10439.jpg,7,472,373,55,132,-1,-1,-1,-1
19, 10439.jpg,8,224,384,60,130,-1,-1,-1,-1
19, 10439.jpg,9,742,318,41,100,-1,-1,-1,-1
19, 10439.jpg,10,494,255,40,111,-1,-1,-1,-1
19, 10439.jpg,16,923,327,52,143,-1,-1,-1,-1
20, 10440.jpg,1,499,356,46,128,-1,-1,-1,-1
20, 10440.jpg,2,709,397,49,139,-1,-1,-1,-1
20, 10440.jpg,3,248,271,46,95,-1,-1,-1,-1
20, 10440.jpg,4,778,233,44,90,-1,-1,-1,-1
20, 10440.jpg,5,113,316,58,115,-1,-1,-1,-1
20, 10440.jpg,6,983,361,52,113,-1,-1,-1,-1
20, 10440.jpg,7,476,374,54,128,-1,-1,-1,-1
20, 10440.jpg,8,218,387,61,126,-1,-1,-1,-1
20, 10440.jpg,9,742,317,41,102,-1,-1,-1,-1
20, 10440.jpg,10,494,255,41,113,-1,-1,-1,-1
20, 10440.jpg,12,770,500,63,166,-1,-1,-1,-1
20, 10440.jpg,16,920,326,52,142,-1,-1,-1,-1
21, 10441.jpg,1,499,358,43,119,-1,-1,-1,-1
21, 10441.jpg,2,710,399,48,132,-1,-1,-1,-1
21, 10441.jpg,3,247,272,45,93,-1,-1,-1,-1
21, 10441.jpg,4,776,230,47,94,-1,-1,-1,-1
21, 10441.jpg,5,108,316,57,116,-1,-1,-1,-1
21, 10441.jpg,6,988,363,51,110,-1,-1,-1,-1
21, 10441.jpg,7,469,383,53,129,-1,-1,-1,-1
21, 10441.jpg,8,215,389,62,126,-1,-1,-1,-1
21, 10441.jpg,9,741,317,42,103,-1,-1,-1,-1
21, 10441.jpg,10,494,255,41,114,-1,-1,-1,-1
21, 10441.jpg,12,767,497,63,163,-1,-1,-1,-1
21, 10441.jpg,16,919,326,52,139,-1,-1,-1,-1
22, 10442.jpg,1,500,359,42,117,-1,-1,-1,-1
22, 10442.jpg,2,712,400,46,128,-1,-1,-1,-1
22, 10442.jpg,3,246,273,45,93,-1,-1,-1,-1
22, 10442.jpg,4,775,228,47,97,-1,-1,-1,-1
22, 10442.jpg,5,104,317,55,114,-1,-1,-1,-1
22, 10442.jpg,6,991,364,51,110,-1,-1,-1,-1
22, 10442.jpg,7,479,373,51,124,-1,-1,-1,-1
22, 10442.jpg,8,209,389,65,127,-1,-1,-1,-1
22, 10442.jpg,9,741,316,43,105,-1,-1,-1,-1
22, 10442.jpg,10,496,256,40,113,-1,-1,-1,-1
22, 10442.jpg,12,766,497,61,156,-1,-1,-1,-1
22, 10442.jpg,16,917,325,52,137,-1,-1,-1,-1
23, 10443.jpg,1,499,351,43,121,-1,-1,-1,-1
23, 10443.jpg,2,710,401,46,126,-1,-1,-1,-1
23, 10443.jpg,3,244,273,47,94,-1,-1,-1,-1
23, 10443.jpg,4,772,227,48,97,-1,-1,-1,-1
23, 10443.jpg,5,97,317,55,118,-1,-1,-1,-1
23, 10443.jpg,6,993,364,52,109,-1,-1,-1,-1
23, 10443.jpg,7,472,386,51,125,-1,-1,-1,-1
23, 10443.jpg,8,207,391,66,126,-1,-1,-1,-1
23, 10443.jpg,9,741,316,42,106,-1,-1,-1,-1
23, 10443.jpg,10,497,257,40,112,-1,-1,-1,-1
23, 10443.jpg,12,763,497,60,153,-1,-1,-1,-1
23, 10443.jpg,16,917,324,53,135,-1,-1,-1,-1
24, 10444.jpg,1,500,351,42,121,-1,-1,-1,-1
24, 10444.jpg,2,709,398,48,128,-1,-1,-1,-1
24, 10444.jpg,3,242,273,47,94,-1,-1,-1,-1
24, 10444.jpg,4,772,229,45,94,-1,-1,-1,-1
24, 10444.jpg,5,93,318,55,119,-1,-1,-1,-1
24, 10444.jpg,6,997,362,52,112,-1,-1,-1,-1
24, 10444.jpg,7,473,389,52,128,-1,-1,-1,-1
24, 10444.jpg,8,204,392,68,126,-1,-1,-1,-1
24, 10444.jpg,9,741,316,43,106,-1,-1,-1,-1
24, 10444.jpg,10,499,257,39,111,-1,-1,-1,-1
24, 10444.jpg,12,759,500,58,148,-1,-1,-1,-1
24, 10444.jpg,16,923,324,51,132,-1,-1,-1,-1
25, 10445.jpg,1,500,349,43,122,-1,-1,-1,-1
25, 10445.jpg,2,709,396,48,128,-1,-1,-1,-1
25, 10445.jpg,3,240,272,47,95,-1,-1,-1,-1
25, 10445.jpg,4,771,233,43,91,-1,-1,-1,-1
25, 10445.jpg,5,89,319,55,122,-1,-1,-1,-1
25, 10445.jpg,6,999,360,53,114,-1,-1,-1,-1
25, 10445.jpg,7,472,393,52,126,-1,-1,-1,-1
25, 10445.jpg,8,203,393,70,127,-1,-1,-1,-1
25, 10445.jpg,9,739,316,44,108,-1,-1,-1,-1
25, 10445.jpg,10,500,259,39,109,-1,-1,-1,-1
25, 10445.jpg,12,756,495,58,151,-1,-1,-1,-1
25, 10445.jpg,16,923,325,52,132,-1,-1,-1,-1
26, 10446.jpg,1,501,348,43,123,-1,-1,-1,-1
26, 10446.jpg,2,707,391,48,127,-1,-1,-1,-1
26, 10446.jpg,3,239,272,46,95,-1,-1,-1,-1
26, 10446.jpg,4,771,237,41,88,-1,-1,-1,-1
26, 10446.jpg,5,85,323,55,123,-1,-1,-1,-1
26, 10446.jpg,6,1002,357,53,116,-1,-1,-1,-1
26, 10446.jpg,7,474,395,50,127,-1,-1,-1,-1
26, 10446.jpg,8,201,392,72,129,-1,-1,-1,-1
26, 10446.jpg,9,740,317,44,107,-1,-1,-1,-1
26, 10446.jpg,10,501,261,39,106,-1,-1,-1,-1
26, 10446.jpg,12,753,489,58,154,-1,-1,-1,-1
26, 10446.jpg,16,927,329,51,128,-1,-1,-1,-1
27, 10447.jpg,1,502,347,42,124,-1,-1,-1,-1
27, 10447.jpg,2,707,385,49,132,-1,-1,-1,-1
27, 10447.jpg,3,239,272,46,95,-1,-1,-1,-1
27, 10447.jpg,4,770,240,41,87,-1,-1,-1,-1
27, 10447.jpg,5,82,326,54,121,-1,-1,-1,-1
27, 10447.jpg,6,1007,356,53,118,-1,-1,-1,-1
27, 10447.jpg,7,478,402,49,122,-1,-1,-1,-1
27, 10447.jpg,8,198,394,70,126,-1,-1,-1,-1
27, 10447.jpg,9,741,318,44,107,-1,-1,-1,-1
27, 10447.jpg,10,502,263,40,108,-1,-1,-1,-1
27, 10447.jpg,12,751,481,58,156,-1,-1,-1,-1
27, 10447.jpg,16,929,333,51,126,-1,-1,-1,-1
28, 10448.jpg,1,503,341,45,132,-1,-1,-1,-1
28, 10448.jpg,2,708,386,48,124,-1,-1,-1,-1
28, 10448.jpg,3,240,274,45,94,-1,-1,-1,-1
28, 10448.jpg,4,769,241,42,87,-1,-1,-1,-1
28, 10448.jpg,5,80,329,54,122,-1,-1,-1,-1
28, 10448.jpg,6,1012,357,53,117,-1,-1,-1,-1
28, 10448.jpg,7,483,406,48,120,-1,-1,-1,-1
28, 10448.jpg,8,197,395,69,124,-1,-1,-1,-1
28, 10448.jpg,9,740,316,45,110,-1,-1,-1,-1
28, 10448.jpg,10,504,263,40,106,-1,-1,-1,-1
28, 10448.jpg,12,749,478,57,155,-1,-1,-1,-1
28, 10448.jpg,16,932,334,51,127,-1,-1,-1,-1
29, 10449.jpg,1,503,337,44,132,-1,-1,-1,-1
29, 10449.jpg,2,710,386,46,120,-1,-1,-1,-1
29, 10449.jpg,3,242,276,44,95,-1,-1,-1,-1
29, 10449.jpg,4,769,244,41,83,-1,-1,-1,-1
29, 10449.jpg,5,80,335,52,117,-1,-1,-1,-1
29, 10449.jpg,6,1019,358,52,115,-1,-1,-1,-1
29, 10449.jpg,7,485,409,49,118,-1,-1,-1,-1
29, 10449.jpg,8,196,396,68,122,-1,-1,-1,-1
29, 10449.jpg,9,741,317,45,109,-1,-1,-1,-1
29, 10449.jpg,10,507,266,40,107,-1,-1,-1,-1
29, 10449.jpg,12,749,472,59,160,-1,-1,-1,-1
29, 10449.jpg,16,930,333,52,126,-1,-1,-1,-1
30, 10450.jpg,1,507,342,41,122,-1,-1,-1,-1
30, 10450.jpg,2,710,385,47,121,-1,-1,-1,-1
30, 10450.jpg,3,244,278,43,93,-1,-1,-1,-1
30, 10450.jpg,4,769,245,42,83,-1,-1,-1,-1
30, 10450.jpg,5,80,339,52,113,-1,-1,-1,-1
30, 10450.jpg,6,1025,359,52,115,-1,-1,-1,-1
30, 10450.jpg,7,488,410,49,118,-1,-1,-1,-1
30, 10450.jpg,8,196,398,67,121,-1,-1,-1,-1
30, 10450.jpg,9,742,319,46,110,-1,-1,-1,-1
30, 10450.jpg,10,510,267,41,108,-1,-1,-1,-1
30, 10450.jpg,12,750,473,58,157,-1,-1,-1,-1
30, 10450.jpg,16,930,334,54,128,-1,-1,-1,-1
31, 10451.jpg,1,510,337,42,123,-1,-1,-1,-1
31, 10451.jpg,2,710,386,47,122,-1,-1,-1,-1
31, 10451.jpg,3,247,281,43,91,-1,-1,-1,-1
31, 10451.jpg,4,769,246,43,84,-1,-1,-1,-1
31, 10451.jpg,5,82,341,52,111,-1,-1,-1,-1
31, 10451.jpg,6,1031,362,52,114,-1,-1,-1,-1
31, 10451.jpg,7,489,414,49,116,-1,-1,-1,-1
31, 10451.jpg,8,196,402,66,118,-1,-1,-1,-1
31, 10451.jpg,9,744,320,47,110,-1,-1,-1,-1
31, 10451.jpg,10,514,269,40,106,-1,-1,-1,-1
31, 10451.jpg,12,751,474,57,153,-1,-1,-1,-1
31, 10451.jpg,16,931,337,53,123,-1,-1,-1,-1
32, 10452.jpg,1,513,334,43,125,-1,-1,-1,-1
32, 10452.jpg,2,711,386,48,122,-1,-1,-1,-1
32, 10452.jpg,3,251,283,41,89,-1,-1,-1,-1
32, 10452.jpg,4,769,246,45,85,-1,-1,-1,-1
32, 10452.jpg,5,82,343,53,112,-1,-1,-1,-1
32, 10452.jpg,6,1036,367,53,113,-1,-1,-1,-1
32, 10452.jpg,7,490,418,50,113,-1,-1,-1,-1
32, 10452.jpg,8,198,405,67,118,-1,-1,-1,-1
32, 10452.jpg,9,747,318,49,116,-1,-1,-1,-1
32, 10452.jpg,10,517,270,40,105,-1,-1,-1,-1
32, 10452.jpg,12,753,477,55,146,-1,-1,-1,-1
32, 10452.jpg,16,931,337,55,125,-1,-1,-1,-1
33, 10453.jpg,1,517,335,42,120,-1,-1,-1,-1
33, 10453.jpg,2,711,385,49,125,-1,-1,-1,-1
33, 10453.jpg,3,254,284,42,90,-1,-1,-1,-1
33, 10453.jpg,4,769,246,47,88,-1,-1,-1,-1
33, 10453.jpg,5,82,343,55,113,-1,-1,-1,-1
33, 10453.jpg,6,1042,371,53,111,-1,-1,-1,-1
33, 10453.jpg,7,490,421,52,113,-1,-1,-1,-1
33, 10453.jpg,8,197,408,68,116,-1,-1,-1,-1
33, 10453.jpg,9,746,316,52,120,-1,-1,-1,-1
33, 10453.jpg,10,521,272,40,104,-1,-1,-1,-1
33, 10453.jpg,12,753,477,55,144,-1,-1,-1,-1
33, 10453.jpg,16,932,338,54,121,-1,-1,-1,-1
34, 10454.jpg,1,521,336,42,116,-1,-1,-1,-1
34, 10454.jpg,2,712,382,50,129,-1,-1,-1,-1
34, 10454.jpg,3,256,284,43,92,-1,-1,-1,-1
34, 10454.jpg,4,770,247,47,89,-1,-1,-1,-1
34, 10454.jpg,5,83,342,57,114,-1,-1,-1,-1
34, 10454.jpg,6,1046,375,52,109,-1,-1,-1,-1
34, 10454.jpg,7,487,424,54,111,-1,-1,-1,-1
34, 10454.jpg,8,196,409,69,115,-1,-1,-1,-1
34, 10454.jpg,9,747,316,52,121,-1,-1,-1,-1
34, 10454.jpg,10,525,274,39,102,-1,-1,-1,-1
34, 10454.jpg,12,751,472,57,149,-1,-1,-1,-1
34, 10454.jpg,16,934,339,53,118,-1,-1,-1,-1
35, 10455.jpg,1,525,339,40,113,-1,-1,-1,-1
35, 10455.jpg,2,712,379,52,132,-1,-1,-1,-1
35, 10455.jpg,3,257,284,43,92,-1,-1,-1,-1
35, 10455.jpg,4,770,249,47,90,-1,-1,-1,-1
35, 10455.jpg,5,84,341,59,117,-1,-1,-1,-1
35, 10455.jpg,6,1049,377,53,110,-1,-1,-1,-1
35, 10455.jpg,7,484,425,57,112,-1,-1,-1,-1
35, 10455.jpg,8,193,410,71,115,-1,-1,-1,-1
35, 10455.jpg,9,749,319,50,115,-1,-1,-1,-1
35, 10455.jpg,10,529,277,40,102,-1,-1,-1,-1
35, 10455.jpg,12,748,466,59,158,-1,-1,-1,-1
35, 10455.jpg,16,934,341,53,115,-1,-1,-1,-1
36, 10456.jpg,1,529,341,40,110,-1,-1,-1,-1
36, 10456.jpg,2,711,376,54,135,-1,-1,-1,-1
36, 10456.jpg,3,260,284,42,93,-1,-1,-1,-1
36, 10456.jpg,4,769,253,46,88,-1,-1,-1,-1
36, 10456.jpg,5,85,341,60,118,-1,-1,-1,-1
36, 10456.jpg,6,1051,377,53,110,-1,-1,-1,-1
36, 10456.jpg,7,481,427,61,112,-1,-1,-1,-1
36, 10456.jpg,8,192,412,73,115,-1,-1,-1,-1
36, 10456.jpg,9,749,320,50,117,-1,-1,-1,-1
36, 10456.jpg,10,535,278,37,95,-1,-1,-1,-1
36, 10456.jpg,12,747,461,59,160,-1,-1,-1,-1
36, 10456.jpg,16,935,343,52,111,-1,-1,-1,-1
37, 10457.jpg,1,532,340,41,111,-1,-1,-1,-1
37, 10457.jpg,2,711,373,51,129,-1,-1,-1,-1
37, 10457.jpg,3,263,284,42,93,-1,-1,-1,-1
37, 10457.jpg,4,766,257,48,90,-1,-1,-1,-1
37, 10457.jpg,5,87,339,59,119,-1,-1,-1,-1
37, 10457.jpg,6,1052,376,53,111,-1,-1,-1,-1
37, 10457.jpg,7,478,431,63,110,-1,-1,-1,-1
37, 10457.jpg,8,190,412,76,117,-1,-1,-1,-1
37, 10457.jpg,9,750,323,50,118,-1,-1,-1,-1
37, 10457.jpg,10,538,280,38,95,-1,-1,-1,-1
37, 10457.jpg,12,748,457,60,163,-1,-1,-1,-1
37, 10457.jpg,16,935,341,54,112,-1,-1,-1,-1
38, 10458.jpg,1,534,339,42,114,-1,-1,-1,-1
38, 10458.jpg,2,711,372,50,127,-1,-1,-1,-1
38, 10458.jpg,3,265,283,42,94,-1,-1,-1,-1
38, 10458.jpg,4,769,260,46,87,-1,-1,-1,-1
38, 10458.jpg,5,88,336,60,121,-1,-1,-1,-1
38, 10458.jpg,6,1052,375,54,114,-1,-1,-1,-1
38, 10458.jpg,7,477,433,68,110,-1,-1,-1,-1
38, 10458.jpg,8,190,413,78,118,-1,-1,-1,-1
38, 10458.jpg,9,752,323,50,118,-1,-1,-1,-1
38, 10458.jpg,10,542,280,38,94,-1,-1,-1,-1
38, 10458.jpg,12,747,450,60,163,-1,-1,-1,-1
38, 10458.jpg,16,935,339,56,115,-1,-1,-1,-1
39, 10459.jpg,1,536,338,41,114,-1,-1,-1,-1
39, 10459.jpg,2,711,372,50,127,-1,-1,-1,-1
39, 10459.jpg,3,268,283,41,93,-1,-1,-1,-1
39, 10459.jpg,4,770,261,47,90,-1,-1,-1,-1
39, 10459.jpg,5,90,334,60,122,-1,-1,-1,-1
39, 10459.jpg,6,1051,376,55,113,-1,-1,-1,-1
39, 10459.jpg,7,480,432,71,110,-1,-1,-1,-1
39, 10459.jpg,8,190,413,79,120,-1,-1,-1,-1
39, 10459.jpg,9,752,323,49,117,-1,-1,-1,-1
39, 10459.jpg,10,547,282,36,90,-1,-1,-1,-1
39, 10459.jpg,12,745,446,59,161,-1,-1,-1,-1
39, 10459.jpg,16,932,338,58,115,-1,-1,-1,-1
40, 10460.jpg,1,542,338,40,110,-1,-1,-1,-1
40, 10460.jpg,2,712,373,49,126,-1,-1,-1,-1
40, 10460.jpg,3,270,282,41,93,-1,-1,-1,-1
40, 10460.jpg,4,769,260,49,90,-1,-1,-1,-1
40, 10460.jpg,5,92,332,59,121,-1,-1,-1,-1
40, 10460.jpg,6,1050,375,55,114,-1,-1,-1,-1
40, 10460.jpg,7,477,434,75,109,-1,-1,-1,-1
40, 10460.jpg,8,190,412,82,123,-1,-1,-1,-1
40, 10460.jpg,9,755,324,49,116,-1,-1,-1,-1
40, 10460.jpg,10,549,284,36,85,-1,-1,-1,-1
40, 10460.jpg,12,745,448,56,155,-1,-1,-1,-1
40, 10460.jpg,16,928,337,59,112,-1,-1,-1,-1
