2, 19737.jpg,1,875,554,69,163,-1,-1,-1,-1
2, 19737.jpg,2,878,667,45,135,-1,-1,-1,-1
2, 19737.jpg,3,1165,487,103,117,-1,-1,-1,-1
2, 19737.jpg,4,575,555,60,117,-1,-1,-1,-1
2, 19737.jpg,5,1306,570,57,126,-1,-1,-1,-1
2, 19737.jpg,6,1355,622,124,122,-1,-1,-1,-1
2, 19737.jpg,7,959,526,76,166,-1,-1,-1,-1
2, 19737.jpg,8,1270,751,103,167,-1,-1,-1,-1
2, 19737.jpg,9,396,624,64,137,-1,-1,-1,-1
2, 19737.jpg,10,520,671,68,151,-1,-1,-1,-1
2, 19737.jpg,11,1101,630,124,139,-1,-1,-1,-1
3, 19738.jpg,1,877,569,73,172,-1,-1,-1,-1
3, 19738.jpg,2,878,667,46,134,-1,-1,-1,-1
3, 19738.jpg,3,1161,485,104,118,-1,-1,-1,-1
3, 19738.jpg,4,572,554,61,118,-1,-1,-1,-1
3, 19738.jpg,5,1311,573,57,123,-1,-1,-1,-1
3, 19738.jpg,6,1343,621,127,124,-1,-1,-1,-1
3, 19738.jpg,7,959,518,80,174,-1,-1,-1,-1
3, 19738.jpg,8,1266,750,102,165,-1,-1,-1,-1
3, 19738.jpg,9,394,625,63,134,-1,-1,-1,-1
3, 19738.jpg,10,523,670,68,152,-1,-1,-1,-1
3, 19738.jpg,11,1088,634,119,137,-1,-1,-1,-1
4, 19739.jpg,1,883,616,59,137,-1,-1,-1,-1
4, 19739.jpg,3,1152,484,103,118,-1,-1,-1,-1
4, 19739.jpg,4,569,553,61,117,-1,-1,-1,-1
4, 19739.jpg,5,1314,570,59,125,-1,-1,-1,-1
4, 19739.jpg,6,1328,614,131,127,-1,-1,-1,-1
4, 19739.jpg,7,962,512,81,179,-1,-1,-1,-1
4, 19739.jpg,8,1264,746,106,168,-1,-1,-1,-1
4, 19739.jpg,9,392,625,63,133,-1,-1,-1,-1
4, 19739.jpg,10,525,669,68,152,-1,-1,-1,-1
4, 19739.jpg,11,1077,635,119,139,-1,-1,-1,-1
5, 19740.jpg,1,875,648,61,142,-1,-1,-1,-1
5, 19740.jpg,3,1142,486,100,114,-1,-1,-1,-1
5, 19740.jpg,4,566,549,62,119,-1,-1,-1,-1
5, 19740.jpg,5,1313,563,61,129,-1,-1,-1,-1
5, 19740.jpg,6,1305,596,138,136,-1,-1,-1,-1
5, 19740.jpg,7,965,508,81,180,-1,-1,-1,-1
5, 19740.jpg,8,1259,751,104,160,-1,-1,-1,-1
5, 19740.jpg,9,390,626,63,133,-1,-1,-1,-1
5, 19740.jpg,10,526,668,69,153,-1,-1,-1,-1
5, 19740.jpg,11,1065,632,120,144,-1,-1,-1,-1
6, 19741.jpg,1,872,658,61,145,-1,-1,-1,-1
6, 19741.jpg,2,888,582,47,137,-1,-1,-1,-1
6, 19741.jpg,3,1138,489,94,109,-1,-1,-1,-1
6, 19741.jpg,4,562,550,62,117,-1,-1,-1,-1
6, 19741.jpg,5,1317,560,59,123,-1,-1,-1,-1
6, 19741.jpg,6,1294,590,142,140,-1,-1,-1,-1
6, 19741.jpg,7,968,508,80,177,-1,-1,-1,-1
6, 19741.jpg,8,1241,751,102,157,-1,-1,-1,-1
6, 19741.jpg,9,389,625,63,133,-1,-1,-1,-1
6, 19741.jpg,10,530,665,69,156,-1,-1,-1,-1
6, 19741.jpg,11,1051,631,123,148,-1,-1,-1,-1
7, 19742.jpg,1,872,660,61,146,-1,-1,-1,-1
7, 19742.jpg,2,893,595,49,139,-1,-1,-1,-1
7, 19742.jpg,3,1131,489,96,113,-1,-1,-1,-1
7, 19742.jpg,4,559,551,61,116,-1,-1,-1,-1
7, 19742.jpg,5,1320,579,55,114,-1,-1,-1,-1
7, 19742.jpg,7,971,500,80,178,-1,-1,-1,-1
7, 19742.jpg,8,1231,748,102,159,-1,-1,-1,-1
7, 19742.jpg,9,385,624,64,132,-1,-1,-1,-1
7, 19742.jpg,10,531,662,71,160,-1,-1,-1,-1
7, 19742.jpg,11,1042,629,126,154,-1,-1,-1,-1
8, 19743.jpg,1,871,675,62,148,-1,-1,-1,-1
8, 19743.jpg,2,889,602,47,131,-1,-1,-1,-1
8, 19743.jpg,3,1128,492,90,108,-1,-1,-1,-1
8, 19743.jpg,4,558,553,60,114,-1,-1,-1,-1
8, 19743.jpg,5,1319,580,55,112,-1,-1,-1,-1
8, 19743.jpg,7,974,499,78,177,-1,-1,-1,-1
8, 19743.jpg,8,1220,745,99,157,-1,-1,-1,-1
8, 19743.jpg,9,383,624,64,132,-1,-1,-1,-1
8, 19743.jpg,10,532,661,70,161,-1,-1,-1,-1
8, 19743.jpg,11,1037,625,129,160,-1,-1,-1,-1
9, 19744.jpg,2,886,604,48,134,-1,-1,-1,-1
9, 19744.jpg,3,1119,489,91,109,-1,-1,-1,-1
9, 19744.jpg,4,556,554,61,114,-1,-1,-1,-1
9, 19744.jpg,5,1318,559,56,112,-1,-1,-1,-1
9, 19744.jpg,6,1278,611,127,127,-1,-1,-1,-1
9, 19744.jpg,7,977,497,78,182,-1,-1,-1,-1
9, 19744.jpg,8,1217,750,93,148,-1,-1,-1,-1
9, 19744.jpg,9,382,623,65,133,-1,-1,-1,-1
9, 19744.jpg,10,534,661,69,161,-1,-1,-1,-1
9, 19744.jpg,11,1033,617,131,166,-1,-1,-1,-1
9, 19744.jpg,13,878,536,58,127,-1,-1,-1,-1
10, 19745.jpg,1,876,656,65,156,-1,-1,-1,-1
10, 19745.jpg,2,887,598,48,134,-1,-1,-1,-1
10, 19745.jpg,3,1114,487,94,113,-1,-1,-1,-1
10, 19745.jpg,4,557,556,60,113,-1,-1,-1,-1
10, 19745.jpg,5,1318,550,59,118,-1,-1,-1,-1
10, 19745.jpg,6,1259,614,117,118,-1,-1,-1,-1
10, 19745.jpg,7,981,502,77,180,-1,-1,-1,-1
10, 19745.jpg,8,1204,749,92,148,-1,-1,-1,-1
10, 19745.jpg,9,382,623,65,134,-1,-1,-1,-1
10, 19745.jpg,10,536,662,68,160,-1,-1,-1,-1
10, 19745.jpg,11,1032,612,129,169,-1,-1,-1,-1
10, 19745.jpg,13,882,535,58,130,-1,-1,-1,-1
11, 19746.jpg,1,878,651,65,161,-1,-1,-1,-1
11, 19746.jpg,3,1109,487,93,111,-1,-1,-1,-1
11, 19746.jpg,4,556,560,59,110,-1,-1,-1,-1
11, 19746.jpg,5,1320,546,58,118,-1,-1,-1,-1
11, 19746.jpg,6,1263,589,128,131,-1,-1,-1,-1
11, 19746.jpg,7,986,514,72,171,-1,-1,-1,-1
11, 19746.jpg,8,1188,749,92,150,-1,-1,-1,-1
11, 19746.jpg,9,382,622,65,133,-1,-1,-1,-1
11, 19746.jpg,10,539,662,68,162,-1,-1,-1,-1
11, 19746.jpg,11,1031,599,130,176,-1,-1,-1,-1
11, 19746.jpg,13,886,532,57,128,-1,-1,-1,-1
12, 19747.jpg,1,880,653,65,162,-1,-1,-1,-1
12, 19747.jpg,3,1101,480,102,122,-1,-1,-1,-1
12, 19747.jpg,4,558,561,59,111,-1,-1,-1,-1
12, 19747.jpg,6,1242,602,124,127,-1,-1,-1,-1
12, 19747.jpg,7,989,522,71,168,-1,-1,-1,-1
12, 19747.jpg,8,1178,745,92,149,-1,-1,-1,-1
12, 19747.jpg,9,382,621,65,135,-1,-1,-1,-1
12, 19747.jpg,10,543,662,67,165,-1,-1,-1,-1
12, 19747.jpg,11,1034,595,124,173,-1,-1,-1,-1
12, 19747.jpg,13,890,529,56,127,-1,-1,-1,-1
13, 19748.jpg,1,886,657,62,158,-1,-1,-1,-1
13, 19748.jpg,3,1090,474,110,133,-1,-1,-1,-1
13, 19748.jpg,4,559,562,60,110,-1,-1,-1,-1
13, 19748.jpg,5,1332,554,63,124,-1,-1,-1,-1
13, 19748.jpg,6,1228,606,123,126,-1,-1,-1,-1
13, 19748.jpg,7,998,531,69,162,-1,-1,-1,-1
13, 19748.jpg,8,1159,738,102,162,-1,-1,-1,-1
13, 19748.jpg,9,381,621,67,137,-1,-1,-1,-1
13, 19748.jpg,10,549,667,64,157,-1,-1,-1,-1
13, 19748.jpg,11,1031,584,125,182,-1,-1,-1,-1
13, 19748.jpg,13,891,529,55,121,-1,-1,-1,-1
14, 19749.jpg,1,892,662,61,154,-1,-1,-1,-1
14, 19749.jpg,3,1087,477,108,131,-1,-1,-1,-1
14, 19749.jpg,4,562,563,59,110,-1,-1,-1,-1
14, 19749.jpg,5,1338,555,65,130,-1,-1,-1,-1
14, 19749.jpg,6,1219,610,118,123,-1,-1,-1,-1
14, 19749.jpg,7,1005,538,67,158,-1,-1,-1,-1
14, 19749.jpg,8,1145,732,112,175,-1,-1,-1,-1
14, 19749.jpg,9,382,620,66,138,-1,-1,-1,-1
14, 19749.jpg,10,554,668,62,153,-1,-1,-1,-1
14, 19749.jpg,11,1031,577,120,179,-1,-1,-1,-1
14, 19749.jpg,13,894,531,53,116,-1,-1,-1,-1
15, 19750.jpg,1,898,661,61,156,-1,-1,-1,-1
15, 19750.jpg,3,1082,480,107,132,-1,-1,-1,-1
15, 19750.jpg,4,567,564,56,106,-1,-1,-1,-1
15, 19750.jpg,5,1342,560,67,131,-1,-1,-1,-1
15, 19750.jpg,6,1222,616,111,115,-1,-1,-1,-1
15, 19750.jpg,7,1011,547,65,151,-1,-1,-1,-1
15, 19750.jpg,8,1132,727,117,182,-1,-1,-1,-1
15, 19750.jpg,9,385,620,66,139,-1,-1,-1,-1
15, 19750.jpg,10,563,671,60,146,-1,-1,-1,-1
15, 19750.jpg,11,1027,571,112,169,-1,-1,-1,-1
15, 19750.jpg,13,899,529,52,116,-1,-1,-1,-1
16, 19751.jpg,1,903,659,61,158,-1,-1,-1,-1
16, 19751.jpg,3,1080,486,104,130,-1,-1,-1,-1
16, 19751.jpg,4,571,561,57,109,-1,-1,-1,-1
16, 19751.jpg,5,1348,563,66,127,-1,-1,-1,-1
16, 19751.jpg,6,1218,617,112,118,-1,-1,-1,-1
16, 19751.jpg,7,1016,557,62,143,-1,-1,-1,-1
16, 19751.jpg,8,1128,732,115,179,-1,-1,-1,-1
16, 19751.jpg,9,389,620,65,138,-1,-1,-1,-1
16, 19751.jpg,10,568,674,60,146,-1,-1,-1,-1
16, 19751.jpg,11,1021,569,108,164,-1,-1,-1,-1
16, 19751.jpg,13,907,529,52,118,-1,-1,-1,-1
17, 19752.jpg,1,908,654,61,160,-1,-1,-1,-1
17, 19752.jpg,3,1077,490,101,129,-1,-1,-1,-1
17, 19752.jpg,4,573,561,59,110,-1,-1,-1,-1
17, 19752.jpg,5,1356,567,65,122,-1,-1,-1,-1
17, 19752.jpg,6,1217,617,106,115,-1,-1,-1,-1
17, 19752.jpg,7,1017,560,64,144,-1,-1,-1,-1
17, 19752.jpg,8,1126,738,110,170,-1,-1,-1,-1
17, 19752.jpg,9,396,620,64,137,-1,-1,-1,-1
17, 19752.jpg,10,574,678,61,146,-1,-1,-1,-1
17, 19752.jpg,11,1014,565,110,164,-1,-1,-1,-1
17, 19752.jpg,13,913,531,51,115,-1,-1,-1,-1
18, 19753.jpg,1,908,635,67,181,-1,-1,-1,-1
18, 19753.jpg,2,920,565,52,151,-1,-1,-1,-1
18, 19753.jpg,3,1079,493,95,125,-1,-1,-1,-1
18, 19753.jpg,4,576,560,59,113,-1,-1,-1,-1
18, 19753.jpg,5,1361,566,67,125,-1,-1,-1,-1
18, 19753.jpg,6,1214,616,107,121,-1,-1,-1,-1
18, 19753.jpg,7,1028,566,60,135,-1,-1,-1,-1
18, 19753.jpg,8,1123,738,107,170,-1,-1,-1,-1
18, 19753.jpg,9,401,618,64,137,-1,-1,-1,-1
18, 19753.jpg,10,583,681,59,143,-1,-1,-1,-1
18, 19753.jpg,13,917,531,50,114,-1,-1,-1,-1
19, 19754.jpg,1,910,636,69,185,-1,-1,-1,-1
19, 19754.jpg,2,922,569,53,158,-1,-1,-1,-1
19, 19754.jpg,3,1079,495,89,122,-1,-1,-1,-1
19, 19754.jpg,4,582,561,59,109,-1,-1,-1,-1
19, 19754.jpg,5,1368,567,67,125,-1,-1,-1,-1
19, 19754.jpg,6,1216,616,105,124,-1,-1,-1,-1
19, 19754.jpg,7,1033,570,59,132,-1,-1,-1,-1
19, 19754.jpg,8,1118,734,106,174,-1,-1,-1,-1
19, 19754.jpg,9,406,618,63,137,-1,-1,-1,-1
19, 19754.jpg,10,590,683,61,147,-1,-1,-1,-1
19, 19754.jpg,11,1021,571,104,162,-1,-1,-1,-1
20, 19755.jpg,1,919,612,68,187,-1,-1,-1,-1
20, 19755.jpg,2,924,564,55,160,-1,-1,-1,-1
20, 19755.jpg,3,1079,497,84,119,-1,-1,-1,-1
20, 19755.jpg,4,588,559,61,111,-1,-1,-1,-1
20, 19755.jpg,5,1376,567,65,123,-1,-1,-1,-1
20, 19755.jpg,6,1214,614,108,134,-1,-1,-1,-1
20, 19755.jpg,8,1116,733,102,169,-1,-1,-1,-1
20, 19755.jpg,9,415,616,64,139,-1,-1,-1,-1
20, 19755.jpg,10,597,685,61,146,-1,-1,-1,-1
20, 19755.jpg,11,1024,582,102,163,-1,-1,-1,-1
20, 19755.jpg,13,927,533,57,131,-1,-1,-1,-1
21, 19756.jpg,1,929,596,68,189,-1,-1,-1,-1
21, 19756.jpg,3,1068,507,87,123,-1,-1,-1,-1
21, 19756.jpg,4,595,560,62,111,-1,-1,-1,-1
21, 19756.jpg,5,1383,564,68,128,-1,-1,-1,-1
21, 19756.jpg,6,1217,614,105,135,-1,-1,-1,-1
21, 19756.jpg,7,1071,575,63,133,-1,-1,-1,-1
21, 19756.jpg,8,1110,729,102,174,-1,-1,-1,-1
21, 19756.jpg,9,423,616,63,136,-1,-1,-1,-1
21, 19756.jpg,10,606,684,62,147,-1,-1,-1,-1
21, 19756.jpg,11,1020,580,102,164,-1,-1,-1,-1
21, 19756.jpg,13,931,533,57,132,-1,-1,-1,-1
22, 19757.jpg,1,933,593,68,193,-1,-1,-1,-1
22, 19757.jpg,3,1081,498,84,123,-1,-1,-1,-1
22, 19757.jpg,4,605,560,62,109,-1,-1,-1,-1
22, 19757.jpg,5,1392,564,69,129,-1,-1,-1,-1
22, 19757.jpg,6,1224,614,99,134,-1,-1,-1,-1
22, 19757.jpg,7,1074,567,69,146,-1,-1,-1,-1
22, 19757.jpg,8,1107,727,103,174,-1,-1,-1,-1
22, 19757.jpg,9,430,616,62,137,-1,-1,-1,-1
22, 19757.jpg,10,615,683,63,148,-1,-1,-1,-1
22, 19757.jpg,13,936,549,66,151,-1,-1,-1,-1
23, 19758.jpg,3,1092,502,85,127,-1,-1,-1,-1
23, 19758.jpg,4,612,561,62,107,-1,-1,-1,-1
23, 19758.jpg,5,1399,563,69,130,-1,-1,-1,-1
23, 19758.jpg,6,1230,614,94,133,-1,-1,-1,-1
23, 19758.jpg,7,1081,569,70,145,-1,-1,-1,-1
23, 19758.jpg,8,1108,724,103,176,-1,-1,-1,-1
23, 19758.jpg,9,437,617,63,139,-1,-1,-1,-1
23, 19758.jpg,10,624,683,63,147,-1,-1,-1,-1
23, 19758.jpg,11,1032,588,99,165,-1,-1,-1,-1
23, 19758.jpg,13,947,540,66,149,-1,-1,-1,-1
24, 19759.jpg,1,958,579,69,187,-1,-1,-1,-1
24, 19759.jpg,2,946,527,47,132,-1,-1,-1,-1
24, 19759.jpg,3,1088,492,84,128,-1,-1,-1,-1
24, 19759.jpg,4,620,562,62,107,-1,-1,-1,-1
24, 19759.jpg,5,1409,563,70,131,-1,-1,-1,-1
24, 19759.jpg,6,1235,616,90,131,-1,-1,-1,-1
24, 19759.jpg,8,1110,722,102,175,-1,-1,-1,-1
24, 19759.jpg,9,446,618,63,138,-1,-1,-1,-1
24, 19759.jpg,10,634,684,64,145,-1,-1,-1,-1
24, 19759.jpg,11,1039,601,91,157,-1,-1,-1,-1
24, 19759.jpg,13,952,540,67,152,-1,-1,-1,-1
25, 19760.jpg,1,963,575,69,189,-1,-1,-1,-1
25, 19760.jpg,2,949,521,47,131,-1,-1,-1,-1
25, 19760.jpg,3,1090,489,82,130,-1,-1,-1,-1
25, 19760.jpg,4,629,562,62,105,-1,-1,-1,-1
25, 19760.jpg,5,1418,566,69,129,-1,-1,-1,-1
25, 19760.jpg,6,1237,619,88,132,-1,-1,-1,-1
25, 19760.jpg,7,1134,569,57,119,-1,-1,-1,-1
25, 19760.jpg,8,1113,719,103,178,-1,-1,-1,-1
25, 19760.jpg,9,453,620,64,139,-1,-1,-1,-1
25, 19760.jpg,10,643,684,64,142,-1,-1,-1,-1
25, 19760.jpg,11,1045,607,90,157,-1,-1,-1,-1
25, 19760.jpg,13,963,531,67,144,-1,-1,-1,-1
26, 19761.jpg,1,970,560,75,204,-1,-1,-1,-1
26, 19761.jpg,3,1094,486,80,129,-1,-1,-1,-1
26, 19761.jpg,4,637,563,62,103,-1,-1,-1,-1
26, 19761.jpg,5,1423,568,70,131,-1,-1,-1,-1
26, 19761.jpg,6,1241,618,86,135,-1,-1,-1,-1
26, 19761.jpg,7,1154,568,54,110,-1,-1,-1,-1
26, 19761.jpg,8,1114,713,105,183,-1,-1,-1,-1
26, 19761.jpg,9,465,625,60,131,-1,-1,-1,-1
26, 19761.jpg,10,652,685,64,140,-1,-1,-1,-1
26, 19761.jpg,11,1053,616,87,155,-1,-1,-1,-1
26, 19761.jpg,13,954,527,61,133,-1,-1,-1,-1
27, 19762.jpg,1,974,563,74,198,-1,-1,-1,-1
27, 19762.jpg,3,1097,485,81,133,-1,-1,-1,-1
27, 19762.jpg,4,644,563,63,102,-1,-1,-1,-1
27, 19762.jpg,5,1431,571,71,134,-1,-1,-1,-1
27, 19762.jpg,6,1244,622,84,135,-1,-1,-1,-1
27, 19762.jpg,7,1168,567,55,108,-1,-1,-1,-1
27, 19762.jpg,8,1116,709,105,186,-1,-1,-1,-1
27, 19762.jpg,9,474,625,62,134,-1,-1,-1,-1
27, 19762.jpg,10,659,684,64,139,-1,-1,-1,-1
27, 19762.jpg,11,1059,625,85,156,-1,-1,-1,-1
27, 19762.jpg,13,954,524,59,131,-1,-1,-1,-1
28, 19763.jpg,1,981,564,74,196,-1,-1,-1,-1
28, 19763.jpg,3,1097,483,83,138,-1,-1,-1,-1
28, 19763.jpg,4,651,563,63,101,-1,-1,-1,-1
28, 19763.jpg,5,1437,575,71,136,-1,-1,-1,-1
28, 19763.jpg,6,1248,629,80,132,-1,-1,-1,-1
28, 19763.jpg,7,1181,568,57,109,-1,-1,-1,-1
28, 19763.jpg,8,1120,707,102,183,-1,-1,-1,-1
28, 19763.jpg,9,482,628,61,129,-1,-1,-1,-1
28, 19763.jpg,10,665,684,65,138,-1,-1,-1,-1
28, 19763.jpg,11,1063,634,84,154,-1,-1,-1,-1
28, 19763.jpg,13,959,526,57,125,-1,-1,-1,-1
29, 19764.jpg,1,982,564,74,196,-1,-1,-1,-1
29, 19764.jpg,3,1098,485,84,141,-1,-1,-1,-1
29, 19764.jpg,4,658,565,63,99,-1,-1,-1,-1
29, 19764.jpg,5,1443,585,68,131,-1,-1,-1,-1
29, 19764.jpg,6,1249,635,79,134,-1,-1,-1,-1
29, 19764.jpg,7,1190,569,60,110,-1,-1,-1,-1
29, 19764.jpg,8,1123,707,98,178,-1,-1,-1,-1
29, 19764.jpg,9,490,632,60,124,-1,-1,-1,-1
29, 19764.jpg,10,669,681,67,141,-1,-1,-1,-1
29, 19764.jpg,11,1068,643,82,150,-1,-1,-1,-1
29, 19764.jpg,13,961,525,58,127,-1,-1,-1,-1
29, 19764.jpg,23,1314,837,102,182,-1,-1,-1,-1
30, 19765.jpg,1,987,567,77,204,-1,-1,-1,-1
30, 19765.jpg,3,1098,484,85,143,-1,-1,-1,-1
30, 19765.jpg,4,664,561,64,101,-1,-1,-1,-1
30, 19765.jpg,5,1450,593,66,128,-1,-1,-1,-1
30, 19765.jpg,6,1250,642,77,134,-1,-1,-1,-1
30, 19765.jpg,7,1195,571,61,108,-1,-1,-1,-1
30, 19765.jpg,8,1124,707,96,175,-1,-1,-1,-1
30, 19765.jpg,9,494,633,60,121,-1,-1,-1,-1
30, 19765.jpg,10,674,682,67,141,-1,-1,-1,-1
30, 19765.jpg,11,1073,654,76,140,-1,-1,-1,-1
30, 19765.jpg,13,959,526,59,128,-1,-1,-1,-1
30, 19765.jpg,23,1320,838,101,181,-1,-1,-1,-1
31, 19766.jpg,1,988,584,75,194,-1,-1,-1,-1
31, 19766.jpg,3,1099,487,82,139,-1,-1,-1,-1
31, 19766.jpg,4,665,558,69,106,-1,-1,-1,-1
31, 19766.jpg,5,1454,597,64,124,-1,-1,-1,-1
31, 19766.jpg,6,1254,648,72,130,-1,-1,-1,-1
31, 19766.jpg,7,1198,572,64,109,-1,-1,-1,-1
31, 19766.jpg,8,1121,704,99,179,-1,-1,-1,-1
31, 19766.jpg,9,496,631,61,122,-1,-1,-1,-1
31, 19766.jpg,10,679,680,68,142,-1,-1,-1,-1
31, 19766.jpg,11,1075,657,74,138,-1,-1,-1,-1
31, 19766.jpg,13,958,526,61,130,-1,-1,-1,-1
31, 19766.jpg,23,1325,840,99,180,-1,-1,-1,-1
32, 19767.jpg,1,986,597,77,191,-1,-1,-1,-1
32, 19767.jpg,3,1096,493,80,135,-1,-1,-1,-1
32, 19767.jpg,4,667,555,71,109,-1,-1,-1,-1
32, 19767.jpg,5,1455,600,64,124,-1,-1,-1,-1
32, 19767.jpg,6,1253,649,72,132,-1,-1,-1,-1
32, 19767.jpg,7,1200,570,67,111,-1,-1,-1,-1
32, 19767.jpg,8,1115,700,100,183,-1,-1,-1,-1
32, 19767.jpg,9,497,628,62,125,-1,-1,-1,-1
32, 19767.jpg,10,681,679,69,143,-1,-1,-1,-1
32, 19767.jpg,11,1080,656,73,137,-1,-1,-1,-1
32, 19767.jpg,13,951,527,66,134,-1,-1,-1,-1
32, 19767.jpg,23,1326,839,100,182,-1,-1,-1,-1
33, 19768.jpg,1,969,580,78,185,-1,-1,-1,-1
33, 19768.jpg,3,1091,496,81,137,-1,-1,-1,-1
33, 19768.jpg,4,667,552,72,112,-1,-1,-1,-1
33, 19768.jpg,5,1454,602,64,123,-1,-1,-1,-1
33, 19768.jpg,6,1253,647,69,131,-1,-1,-1,-1
33, 19768.jpg,7,1203,572,68,111,-1,-1,-1,-1
33, 19768.jpg,8,1110,706,97,174,-1,-1,-1,-1
33, 19768.jpg,9,496,628,62,124,-1,-1,-1,-1
33, 19768.jpg,10,680,678,70,144,-1,-1,-1,-1
33, 19768.jpg,11,1079,653,75,143,-1,-1,-1,-1
33, 19768.jpg,13,953,527,66,134,-1,-1,-1,-1
33, 19768.jpg,23,1328,839,98,182,-1,-1,-1,-1
34, 19769.jpg,1,974,605,79,185,-1,-1,-1,-1
34, 19769.jpg,3,1084,503,78,133,-1,-1,-1,-1
34, 19769.jpg,4,665,550,74,114,-1,-1,-1,-1
34, 19769.jpg,5,1450,602,63,120,-1,-1,-1,-1
34, 19769.jpg,6,1251,646,70,133,-1,-1,-1,-1
34, 19769.jpg,7,1205,571,69,111,-1,-1,-1,-1
34, 19769.jpg,8,1108,718,91,160,-1,-1,-1,-1
34, 19769.jpg,9,493,629,62,123,-1,-1,-1,-1
34, 19769.jpg,10,677,676,71,145,-1,-1,-1,-1
34, 19769.jpg,11,1079,654,75,146,-1,-1,-1,-1
34, 19769.jpg,13,944,531,69,131,-1,-1,-1,-1
34, 19769.jpg,23,1331,839,98,183,-1,-1,-1,-1
35, 19770.jpg,1,976,614,82,187,-1,-1,-1,-1
35, 19770.jpg,3,1077,508,80,133,-1,-1,-1,-1
35, 19770.jpg,4,664,550,74,115,-1,-1,-1,-1
35, 19770.jpg,5,1443,602,65,124,-1,-1,-1,-1
35, 19770.jpg,6,1248,643,70,136,-1,-1,-1,-1
35, 19770.jpg,7,1200,568,69,109,-1,-1,-1,-1
35, 19770.jpg,8,1101,717,94,161,-1,-1,-1,-1
35, 19770.jpg,9,488,629,63,125,-1,-1,-1,-1
35, 19770.jpg,10,671,673,72,149,-1,-1,-1,-1
35, 19770.jpg,11,1069,655,77,151,-1,-1,-1,-1
35, 19770.jpg,13,937,536,68,125,-1,-1,-1,-1
36, 19771.jpg,1,971,621,84,188,-1,-1,-1,-1
36, 19771.jpg,3,1074,516,78,128,-1,-1,-1,-1
36, 19771.jpg,4,661,550,74,116,-1,-1,-1,-1
36, 19771.jpg,5,1437,599,66,127,-1,-1,-1,-1
36, 19771.jpg,6,1239,638,71,140,-1,-1,-1,-1
36, 19771.jpg,7,1195,567,69,108,-1,-1,-1,-1
36, 19771.jpg,8,1084,701,96,166,-1,-1,-1,-1
36, 19771.jpg,9,483,628,65,129,-1,-1,-1,-1
36, 19771.jpg,10,667,671,71,151,-1,-1,-1,-1
36, 19771.jpg,11,1069,658,77,151,-1,-1,-1,-1
36, 19771.jpg,13,934,535,71,124,-1,-1,-1,-1
37, 19772.jpg,1,967,626,84,188,-1,-1,-1,-1
37, 19772.jpg,3,1071,528,70,113,-1,-1,-1,-1
37, 19772.jpg,4,663,553,71,112,-1,-1,-1,-1
37, 19772.jpg,5,1430,597,69,130,-1,-1,-1,-1
37, 19772.jpg,6,1231,633,71,142,-1,-1,-1,-1
37, 19772.jpg,7,1194,565,69,109,-1,-1,-1,-1
37, 19772.jpg,8,1087,710,96,165,-1,-1,-1,-1
37, 19772.jpg,9,477,627,66,130,-1,-1,-1,-1
37, 19772.jpg,10,663,670,70,150,-1,-1,-1,-1
37, 19772.jpg,11,1057,655,82,165,-1,-1,-1,-1
37, 19772.jpg,13,930,536,72,124,-1,-1,-1,-1
38, 19773.jpg,1,961,630,82,182,-1,-1,-1,-1
38, 19773.jpg,3,1065,532,70,110,-1,-1,-1,-1
38, 19773.jpg,4,662,555,71,111,-1,-1,-1,-1
38, 19773.jpg,5,1419,595,71,131,-1,-1,-1,-1
38, 19773.jpg,6,1222,631,70,140,-1,-1,-1,-1
38, 19773.jpg,7,1188,567,66,103,-1,-1,-1,-1
38, 19773.jpg,8,1089,716,95,164,-1,-1,-1,-1
38, 19773.jpg,9,473,626,65,129,-1,-1,-1,-1
38, 19773.jpg,10,662,671,66,143,-1,-1,-1,-1
38, 19773.jpg,11,1052,654,85,178,-1,-1,-1,-1
38, 19773.jpg,13,923,535,76,127,-1,-1,-1,-1
39, 19774.jpg,1,956,631,81,181,-1,-1,-1,-1
39, 19774.jpg,3,1059,532,72,112,-1,-1,-1,-1
39, 19774.jpg,4,656,556,73,113,-1,-1,-1,-1
39, 19774.jpg,5,1409,596,71,130,-1,-1,-1,-1
39, 19774.jpg,6,1215,631,68,134,-1,-1,-1,-1
39, 19774.jpg,7,1177,568,67,102,-1,-1,-1,-1
39, 19774.jpg,8,1099,723,92,158,-1,-1,-1,-1
39, 19774.jpg,9,466,625,66,133,-1,-1,-1,-1
39, 19774.jpg,10,660,672,64,142,-1,-1,-1,-1
39, 19774.jpg,11,1050,656,85,181,-1,-1,-1,-1
39, 19774.jpg,13,919,534,78,129,-1,-1,-1,-1
40, 19775.jpg,1,950,630,82,180,-1,-1,-1,-1
40, 19775.jpg,3,1057,531,76,113,-1,-1,-1,-1
40, 19775.jpg,4,653,557,72,110,-1,-1,-1,-1
40, 19775.jpg,5,1396,597,73,131,-1,-1,-1,-1
40, 19775.jpg,6,1207,631,69,132,-1,-1,-1,-1
40, 19775.jpg,7,1169,567,69,105,-1,-1,-1,-1
40, 19775.jpg,8,1103,726,88,153,-1,-1,-1,-1
40, 19775.jpg,9,459,625,67,133,-1,-1,-1,-1
40, 19775.jpg,10,653,667,66,147,-1,-1,-1,-1
40, 19775.jpg,11,1047,660,85,185,-1,-1,-1,-1
40, 19775.jpg,13,911,535,78,126,-1,-1,-1,-1
