2, 25272.jpg,1,625,567,98,123,-1,-1,-1,-1
2, 25272.jpg,2,813,680,79,164,-1,-1,-1,-1
2, 25272.jpg,4,1012,512,69,101,-1,-1,-1,-1
2, 25272.jpg,6,689,602,58,140,-1,-1,-1,-1
2, 25272.jpg,7,508,628,66,156,-1,-1,-1,-1
2, 25272.jpg,8,340,609,54,154,-1,-1,-1,-1
2, 25272.jpg,9,1278,603,76,135,-1,-1,-1,-1
3, 25273.jpg,1,632,572,94,117,-1,-1,-1,-1
3, 25273.jpg,2,825,682,77,161,-1,-1,-1,-1
3, 25273.jpg,4,1022,511,72,104,-1,-1,-1,-1
3, 25273.jpg,6,709,611,57,141,-1,-1,-1,-1
3, 25273.jpg,7,507,626,68,160,-1,-1,-1,-1
3, 25273.jpg,8,346,609,54,154,-1,-1,-1,-1
3, 25273.jpg,9,1285,606,76,133,-1,-1,-1,-1
3, 25273.jpg,10,1028,736,121,81,-1,-1,-1,-1
4, 25274.jpg,2,840,678,78,163,-1,-1,-1,-1
4, 25274.jpg,4,1042,511,71,102,-1,-1,-1,-1
4, 25274.jpg,6,725,603,55,137,-1,-1,-1,-1
4, 25274.jpg,7,504,625,69,161,-1,-1,-1,-1
4, 25274.jpg,8,358,610,53,152,-1,-1,-1,-1
4, 25274.jpg,9,1295,608,75,132,-1,-1,-1,-1
4, 25274.jpg,10,1041,739,127,85,-1,-1,-1,-1
4, 25274.jpg,13,665,575,53,148,-1,-1,-1,-1
5, 25275.jpg,2,841,684,80,169,-1,-1,-1,-1
5, 25275.jpg,4,1058,513,73,104,-1,-1,-1,-1
5, 25275.jpg,6,738,600,53,133,-1,-1,-1,-1
5, 25275.jpg,7,503,624,69,161,-1,-1,-1,-1
5, 25275.jpg,8,366,611,53,150,-1,-1,-1,-1
5, 25275.jpg,9,1300,608,77,134,-1,-1,-1,-1
5, 25275.jpg,10,1039,734,144,98,-1,-1,-1,-1
5, 25275.jpg,13,668,562,51,143,-1,-1,-1,-1
5, 25275.jpg,14,1023,546,89,126,-1,-1,-1,-1
6, 25276.jpg,2,842,716,69,147,-1,-1,-1,-1
6, 25276.jpg,4,1067,515,74,105,-1,-1,-1,-1
6, 25276.jpg,6,740,606,54,136,-1,-1,-1,-1
6, 25276.jpg,7,502,626,68,159,-1,-1,-1,-1
6, 25276.jpg,8,372,611,53,152,-1,-1,-1,-1
6, 25276.jpg,9,1305,607,79,138,-1,-1,-1,-1
6, 25276.jpg,10,1041,732,144,100,-1,-1,-1,-1
6, 25276.jpg,13,672,568,49,135,-1,-1,-1,-1
6, 25276.jpg,14,1019,561,81,115,-1,-1,-1,-1
6, 25276.jpg,16,1681,694,76,139,-1,-1,-1,-1
6, 25276.jpg,17,692,617,74,165,-1,-1,-1,-1
7, 25277.jpg,2,848,723,67,143,-1,-1,-1,-1
7, 25277.jpg,4,1074,520,75,104,-1,-1,-1,-1
7, 25277.jpg,6,748,613,56,143,-1,-1,-1,-1
7, 25277.jpg,7,502,628,67,157,-1,-1,-1,-1
7, 25277.jpg,8,380,608,52,154,-1,-1,-1,-1
7, 25277.jpg,9,1310,605,82,141,-1,-1,-1,-1
7, 25277.jpg,10,1046,729,151,106,-1,-1,-1,-1
7, 25277.jpg,13,673,558,47,128,-1,-1,-1,-1
7, 25277.jpg,14,1008,564,83,117,-1,-1,-1,-1
7, 25277.jpg,16,1684,692,79,145,-1,-1,-1,-1
7, 25277.jpg,17,697,591,73,161,-1,-1,-1,-1
8, 25278.jpg,2,846,730,71,151,-1,-1,-1,-1
8, 25278.jpg,4,1081,521,76,101,-1,-1,-1,-1
8, 25278.jpg,6,744,623,59,154,-1,-1,-1,-1
8, 25278.jpg,7,502,631,65,153,-1,-1,-1,-1
8, 25278.jpg,8,385,607,53,156,-1,-1,-1,-1
8, 25278.jpg,9,1313,604,83,142,-1,-1,-1,-1
8, 25278.jpg,10,1054,728,149,106,-1,-1,-1,-1
8, 25278.jpg,14,1000,561,83,119,-1,-1,-1,-1
8, 25278.jpg,16,1696,697,75,139,-1,-1,-1,-1
8, 25278.jpg,17,696,589,72,159,-1,-1,-1,-1
8, 25278.jpg,18,883,650,61,169,-1,-1,-1,-1
9, 25279.jpg,2,851,738,70,149,-1,-1,-1,-1
9, 25279.jpg,4,1087,519,76,101,-1,-1,-1,-1
9, 25279.jpg,6,745,625,64,165,-1,-1,-1,-1
9, 25279.jpg,7,500,633,63,152,-1,-1,-1,-1
9, 25279.jpg,8,389,604,54,159,-1,-1,-1,-1
9, 25279.jpg,9,1317,601,86,147,-1,-1,-1,-1
9, 25279.jpg,10,1059,725,151,111,-1,-1,-1,-1
9, 25279.jpg,14,995,565,82,117,-1,-1,-1,-1
9, 25279.jpg,16,1700,696,77,142,-1,-1,-1,-1
9, 25279.jpg,17,695,571,70,154,-1,-1,-1,-1
9, 25279.jpg,18,880,663,63,174,-1,-1,-1,-1
10, 25280.jpg,2,862,732,70,151,-1,-1,-1,-1
10, 25280.jpg,4,1089,520,80,102,-1,-1,-1,-1
10, 25280.jpg,6,733,618,64,160,-1,-1,-1,-1
10, 25280.jpg,7,496,633,64,153,-1,-1,-1,-1
10, 25280.jpg,8,396,599,54,161,-1,-1,-1,-1
10, 25280.jpg,9,1320,599,88,150,-1,-1,-1,-1
10, 25280.jpg,10,1067,724,147,109,-1,-1,-1,-1
10, 25280.jpg,14,990,564,82,118,-1,-1,-1,-1
10, 25280.jpg,17,685,578,64,144,-1,-1,-1,-1
10, 25280.jpg,18,896,648,61,164,-1,-1,-1,-1
11, 25281.jpg,2,867,738,70,149,-1,-1,-1,-1
11, 25281.jpg,4,1093,520,81,101,-1,-1,-1,-1
11, 25281.jpg,6,741,600,64,160,-1,-1,-1,-1
11, 25281.jpg,7,492,632,66,154,-1,-1,-1,-1
11, 25281.jpg,8,402,594,53,161,-1,-1,-1,-1
11, 25281.jpg,9,1321,598,87,149,-1,-1,-1,-1
11, 25281.jpg,10,1075,725,138,104,-1,-1,-1,-1
11, 25281.jpg,14,985,563,85,121,-1,-1,-1,-1
11, 25281.jpg,17,693,580,62,137,-1,-1,-1,-1
11, 25281.jpg,18,894,676,61,163,-1,-1,-1,-1
12, 25282.jpg,4,1091,520,83,102,-1,-1,-1,-1
12, 25282.jpg,6,752,626,65,157,-1,-1,-1,-1
12, 25282.jpg,7,488,631,68,155,-1,-1,-1,-1
12, 25282.jpg,8,407,589,54,163,-1,-1,-1,-1
12, 25282.jpg,9,1322,597,86,148,-1,-1,-1,-1
12, 25282.jpg,10,1078,723,139,108,-1,-1,-1,-1
12, 25282.jpg,14,983,562,89,124,-1,-1,-1,-1
12, 25282.jpg,17,686,590,62,139,-1,-1,-1,-1
12, 25282.jpg,18,901,682,59,157,-1,-1,-1,-1
13, 25283.jpg,4,1088,518,84,102,-1,-1,-1,-1
13, 25283.jpg,6,759,632,68,160,-1,-1,-1,-1
13, 25283.jpg,7,485,631,72,155,-1,-1,-1,-1
13, 25283.jpg,8,411,586,53,161,-1,-1,-1,-1
13, 25283.jpg,9,1322,595,86,150,-1,-1,-1,-1
13, 25283.jpg,10,1091,727,127,100,-1,-1,-1,-1
13, 25283.jpg,14,974,564,88,121,-1,-1,-1,-1
13, 25283.jpg,17,684,596,62,140,-1,-1,-1,-1
13, 25283.jpg,18,902,680,62,161,-1,-1,-1,-1
14, 25284.jpg,4,1085,517,85,104,-1,-1,-1,-1
14, 25284.jpg,6,765,602,67,159,-1,-1,-1,-1
14, 25284.jpg,7,484,629,75,157,-1,-1,-1,-1
14, 25284.jpg,8,416,580,52,160,-1,-1,-1,-1
14, 25284.jpg,9,1323,594,84,148,-1,-1,-1,-1
14, 25284.jpg,10,1102,730,120,97,-1,-1,-1,-1
14, 25284.jpg,14,963,563,87,120,-1,-1,-1,-1
14, 25284.jpg,17,680,599,64,143,-1,-1,-1,-1
14, 25284.jpg,18,908,683,65,168,-1,-1,-1,-1
15, 25285.jpg,4,1082,515,89,109,-1,-1,-1,-1
15, 25285.jpg,6,770,627,68,160,-1,-1,-1,-1
15, 25285.jpg,7,483,628,77,156,-1,-1,-1,-1
15, 25285.jpg,8,421,576,52,159,-1,-1,-1,-1
15, 25285.jpg,9,1324,593,80,147,-1,-1,-1,-1
15, 25285.jpg,10,1108,730,118,96,-1,-1,-1,-1
15, 25285.jpg,14,958,565,81,113,-1,-1,-1,-1
15, 25285.jpg,17,682,602,64,143,-1,-1,-1,-1
15, 25285.jpg,18,907,712,63,158,-1,-1,-1,-1
16, 25286.jpg,4,1078,515,91,110,-1,-1,-1,-1
16, 25286.jpg,6,777,634,70,159,-1,-1,-1,-1
16, 25286.jpg,7,483,628,77,155,-1,-1,-1,-1
16, 25286.jpg,8,427,573,51,158,-1,-1,-1,-1
16, 25286.jpg,9,1323,593,79,149,-1,-1,-1,-1
16, 25286.jpg,10,1115,729,118,99,-1,-1,-1,-1
16, 25286.jpg,14,955,570,74,104,-1,-1,-1,-1
16, 25286.jpg,17,681,605,65,143,-1,-1,-1,-1
16, 25286.jpg,18,909,723,65,157,-1,-1,-1,-1
17, 25287.jpg,4,1077,515,91,110,-1,-1,-1,-1
17, 25287.jpg,6,781,634,73,165,-1,-1,-1,-1
17, 25287.jpg,7,478,624,78,158,-1,-1,-1,-1
17, 25287.jpg,8,432,572,51,157,-1,-1,-1,-1
17, 25287.jpg,9,1323,593,78,150,-1,-1,-1,-1
17, 25287.jpg,10,1123,729,115,99,-1,-1,-1,-1
17, 25287.jpg,14,950,573,71,102,-1,-1,-1,-1
17, 25287.jpg,17,681,606,67,147,-1,-1,-1,-1
17, 25287.jpg,18,913,723,66,161,-1,-1,-1,-1
17, 25287.jpg,23,782,585,67,142,-1,-1,-1,-1
17, 25287.jpg,24,919,632,65,152,-1,-1,-1,-1
18, 25288.jpg,4,1076,511,97,118,-1,-1,-1,-1
18, 25288.jpg,6,787,638,70,160,-1,-1,-1,-1
18, 25288.jpg,7,477,622,76,158,-1,-1,-1,-1
18, 25288.jpg,8,437,573,50,154,-1,-1,-1,-1
18, 25288.jpg,9,1323,593,77,149,-1,-1,-1,-1
18, 25288.jpg,10,1128,730,112,97,-1,-1,-1,-1
18, 25288.jpg,14,944,576,70,102,-1,-1,-1,-1
18, 25288.jpg,17,682,611,67,143,-1,-1,-1,-1
18, 25288.jpg,18,916,724,68,161,-1,-1,-1,-1
18, 25288.jpg,23,790,569,58,122,-1,-1,-1,-1
18, 25288.jpg,24,919,627,65,152,-1,-1,-1,-1
19, 25289.jpg,4,1072,510,99,122,-1,-1,-1,-1
19, 25289.jpg,6,792,638,70,159,-1,-1,-1,-1
19, 25289.jpg,7,474,621,74,159,-1,-1,-1,-1
19, 25289.jpg,8,441,574,50,152,-1,-1,-1,-1
19, 25289.jpg,9,1321,592,78,151,-1,-1,-1,-1
19, 25289.jpg,10,1133,732,109,95,-1,-1,-1,-1
19, 25289.jpg,14,944,581,60,88,-1,-1,-1,-1
19, 25289.jpg,17,684,614,67,140,-1,-1,-1,-1
19, 25289.jpg,18,923,724,67,157,-1,-1,-1,-1
19, 25289.jpg,23,798,558,52,110,-1,-1,-1,-1
19, 25289.jpg,24,924,609,72,167,-1,-1,-1,-1
20, 25290.jpg,4,1069,510,99,121,-1,-1,-1,-1
20, 25290.jpg,6,799,645,68,154,-1,-1,-1,-1
20, 25290.jpg,7,460,609,73,158,-1,-1,-1,-1
20, 25290.jpg,8,447,572,49,151,-1,-1,-1,-1
20, 25290.jpg,9,1318,591,79,151,-1,-1,-1,-1
20, 25290.jpg,10,1135,733,108,97,-1,-1,-1,-1
20, 25290.jpg,14,939,583,57,85,-1,-1,-1,-1
20, 25290.jpg,17,684,616,66,137,-1,-1,-1,-1
20, 25290.jpg,18,928,727,66,150,-1,-1,-1,-1
20, 25290.jpg,23,805,558,50,106,-1,-1,-1,-1
20, 25290.jpg,24,925,606,69,162,-1,-1,-1,-1
21, 25291.jpg,4,1068,511,100,123,-1,-1,-1,-1
21, 25291.jpg,6,801,640,69,158,-1,-1,-1,-1
21, 25291.jpg,7,457,607,75,164,-1,-1,-1,-1
21, 25291.jpg,8,454,580,47,144,-1,-1,-1,-1
21, 25291.jpg,9,1317,591,80,152,-1,-1,-1,-1
21, 25291.jpg,10,1137,733,109,98,-1,-1,-1,-1
21, 25291.jpg,17,683,618,65,136,-1,-1,-1,-1
21, 25291.jpg,18,932,726,67,151,-1,-1,-1,-1
21, 25291.jpg,23,812,575,56,121,-1,-1,-1,-1
21, 25291.jpg,24,919,603,71,162,-1,-1,-1,-1
22, 25292.jpg,4,1067,513,96,120,-1,-1,-1,-1
22, 25292.jpg,6,803,635,71,162,-1,-1,-1,-1
22, 25292.jpg,7,454,605,75,165,-1,-1,-1,-1
22, 25292.jpg,8,456,577,49,146,-1,-1,-1,-1
22, 25292.jpg,9,1317,591,81,152,-1,-1,-1,-1
22, 25292.jpg,10,1141,734,108,99,-1,-1,-1,-1
22, 25292.jpg,17,682,618,65,137,-1,-1,-1,-1
22, 25292.jpg,18,935,722,69,155,-1,-1,-1,-1
22, 25292.jpg,23,813,578,59,127,-1,-1,-1,-1
22, 25292.jpg,24,917,604,69,156,-1,-1,-1,-1
23, 25293.jpg,4,1066,514,92,118,-1,-1,-1,-1
23, 25293.jpg,6,808,633,71,163,-1,-1,-1,-1
23, 25293.jpg,7,450,600,76,173,-1,-1,-1,-1
23, 25293.jpg,8,461,576,48,145,-1,-1,-1,-1
23, 25293.jpg,9,1315,591,82,152,-1,-1,-1,-1
23, 25293.jpg,10,1145,732,108,100,-1,-1,-1,-1
23, 25293.jpg,13,822,559,36,97,-1,-1,-1,-1
23, 25293.jpg,17,679,616,65,140,-1,-1,-1,-1
23, 25293.jpg,18,940,719,71,155,-1,-1,-1,-1
23, 25293.jpg,23,818,579,58,127,-1,-1,-1,-1
23, 25293.jpg,24,916,603,67,147,-1,-1,-1,-1
24, 25294.jpg,4,1065,515,89,116,-1,-1,-1,-1
24, 25294.jpg,6,810,632,71,165,-1,-1,-1,-1
24, 25294.jpg,7,452,612,69,162,-1,-1,-1,-1
24, 25294.jpg,8,463,580,44,132,-1,-1,-1,-1
24, 25294.jpg,9,1313,591,83,151,-1,-1,-1,-1
24, 25294.jpg,10,1149,730,110,105,-1,-1,-1,-1
24, 25294.jpg,13,828,557,39,102,-1,-1,-1,-1
24, 25294.jpg,17,678,614,64,143,-1,-1,-1,-1
24, 25294.jpg,18,943,716,75,162,-1,-1,-1,-1
24, 25294.jpg,24,915,606,64,135,-1,-1,-1,-1
25, 25295.jpg,4,1064,515,86,117,-1,-1,-1,-1
25, 25295.jpg,6,811,634,71,164,-1,-1,-1,-1
25, 25295.jpg,7,453,615,68,160,-1,-1,-1,-1
25, 25295.jpg,8,469,573,42,125,-1,-1,-1,-1
25, 25295.jpg,9,1312,592,82,148,-1,-1,-1,-1
25, 25295.jpg,10,1150,727,109,105,-1,-1,-1,-1
25, 25295.jpg,13,832,558,39,101,-1,-1,-1,-1
25, 25295.jpg,17,675,611,65,147,-1,-1,-1,-1
25, 25295.jpg,18,945,712,79,169,-1,-1,-1,-1
25, 25295.jpg,24,916,611,62,127,-1,-1,-1,-1
26, 25296.jpg,4,1061,513,85,121,-1,-1,-1,-1
26, 25296.jpg,6,814,637,69,161,-1,-1,-1,-1
26, 25296.jpg,7,451,616,67,158,-1,-1,-1,-1
26, 25296.jpg,8,475,572,40,122,-1,-1,-1,-1
26, 25296.jpg,9,1306,592,81,147,-1,-1,-1,-1
26, 25296.jpg,10,1152,726,109,107,-1,-1,-1,-1
26, 25296.jpg,13,835,560,39,100,-1,-1,-1,-1
26, 25296.jpg,17,673,609,65,150,-1,-1,-1,-1
26, 25296.jpg,18,951,716,78,162,-1,-1,-1,-1
26, 25296.jpg,24,913,610,65,129,-1,-1,-1,-1
27, 25297.jpg,4,1059,512,84,123,-1,-1,-1,-1
27, 25297.jpg,6,816,638,69,159,-1,-1,-1,-1
27, 25297.jpg,7,448,619,66,154,-1,-1,-1,-1
27, 25297.jpg,8,466,588,45,132,-1,-1,-1,-1
27, 25297.jpg,9,1303,593,77,143,-1,-1,-1,-1
27, 25297.jpg,10,1156,722,109,110,-1,-1,-1,-1
27, 25297.jpg,13,837,560,39,97,-1,-1,-1,-1
27, 25297.jpg,16,1777,692,82,152,-1,-1,-1,-1
27, 25297.jpg,17,670,606,67,154,-1,-1,-1,-1
27, 25297.jpg,18,956,712,80,164,-1,-1,-1,-1
27, 25297.jpg,24,919,615,62,116,-1,-1,-1,-1
28, 25298.jpg,4,1056,509,86,130,-1,-1,-1,-1
28, 25298.jpg,6,819,636,68,160,-1,-1,-1,-1
28, 25298.jpg,7,444,622,67,150,-1,-1,-1,-1
28, 25298.jpg,8,470,576,40,117,-1,-1,-1,-1
28, 25298.jpg,9,1297,593,75,143,-1,-1,-1,-1
28, 25298.jpg,10,1160,720,108,110,-1,-1,-1,-1
28, 25298.jpg,13,845,559,38,96,-1,-1,-1,-1
28, 25298.jpg,16,1779,690,81,153,-1,-1,-1,-1
28, 25298.jpg,17,669,609,64,151,-1,-1,-1,-1
28, 25298.jpg,18,962,714,79,160,-1,-1,-1,-1
28, 25298.jpg,22,111,505,60,130,-1,-1,-1,-1
28, 25298.jpg,23,836,574,58,128,-1,-1,-1,-1
28, 25298.jpg,24,924,615,65,117,-1,-1,-1,-1
29, 25299.jpg,4,1054,511,84,129,-1,-1,-1,-1
29, 25299.jpg,6,820,636,70,162,-1,-1,-1,-1
29, 25299.jpg,7,443,629,66,143,-1,-1,-1,-1
29, 25299.jpg,8,474,571,41,117,-1,-1,-1,-1
29, 25299.jpg,9,1292,592,75,147,-1,-1,-1,-1
29, 25299.jpg,10,1166,719,106,110,-1,-1,-1,-1
29, 25299.jpg,16,1783,690,82,154,-1,-1,-1,-1
29, 25299.jpg,17,668,616,62,147,-1,-1,-1,-1
29, 25299.jpg,18,965,716,81,158,-1,-1,-1,-1
29, 25299.jpg,22,114,505,61,130,-1,-1,-1,-1
29, 25299.jpg,23,834,566,51,114,-1,-1,-1,-1
29, 25299.jpg,24,928,613,69,122,-1,-1,-1,-1
30, 25300.jpg,4,1049,509,84,134,-1,-1,-1,-1
30, 25300.jpg,6,822,635,71,163,-1,-1,-1,-1
30, 25300.jpg,7,450,606,70,152,-1,-1,-1,-1
30, 25300.jpg,8,478,570,40,114,-1,-1,-1,-1
30, 25300.jpg,9,1290,595,72,146,-1,-1,-1,-1
30, 25300.jpg,10,1169,718,106,111,-1,-1,-1,-1
30, 25300.jpg,17,664,622,60,142,-1,-1,-1,-1
30, 25300.jpg,18,970,718,80,155,-1,-1,-1,-1
30, 25300.jpg,22,115,506,59,126,-1,-1,-1,-1
30, 25300.jpg,23,838,574,54,121,-1,-1,-1,-1
30, 25300.jpg,24,929,611,74,127,-1,-1,-1,-1
31, 25301.jpg,4,1045,509,84,138,-1,-1,-1,-1
31, 25301.jpg,6,825,640,68,157,-1,-1,-1,-1
31, 25301.jpg,7,445,621,71,149,-1,-1,-1,-1
31, 25301.jpg,8,478,560,48,134,-1,-1,-1,-1
31, 25301.jpg,9,1288,595,71,146,-1,-1,-1,-1
31, 25301.jpg,10,1168,715,107,116,-1,-1,-1,-1
31, 25301.jpg,17,661,629,58,137,-1,-1,-1,-1
31, 25301.jpg,18,973,722,80,151,-1,-1,-1,-1
31, 25301.jpg,22,118,506,59,126,-1,-1,-1,-1
31, 25301.jpg,23,842,576,53,121,-1,-1,-1,-1
31, 25301.jpg,24,930,607,79,132,-1,-1,-1,-1
32, 25302.jpg,4,1045,514,81,135,-1,-1,-1,-1
32, 25302.jpg,6,826,635,69,162,-1,-1,-1,-1
32, 25302.jpg,7,442,617,74,154,-1,-1,-1,-1
32, 25302.jpg,8,481,557,51,137,-1,-1,-1,-1
32, 25302.jpg,9,1286,595,70,147,-1,-1,-1,-1
32, 25302.jpg,10,1169,711,109,121,-1,-1,-1,-1
32, 25302.jpg,17,657,637,59,135,-1,-1,-1,-1
32, 25302.jpg,18,977,719,84,159,-1,-1,-1,-1
32, 25302.jpg,22,120,506,58,125,-1,-1,-1,-1
32, 25302.jpg,23,842,568,52,117,-1,-1,-1,-1
32, 25302.jpg,24,933,604,83,137,-1,-1,-1,-1
33, 25303.jpg,4,1044,519,76,130,-1,-1,-1,-1
33, 25303.jpg,6,827,638,69,160,-1,-1,-1,-1
33, 25303.jpg,7,434,618,73,155,-1,-1,-1,-1
33, 25303.jpg,8,485,555,51,138,-1,-1,-1,-1
33, 25303.jpg,9,1284,597,69,145,-1,-1,-1,-1
33, 25303.jpg,10,1172,710,109,123,-1,-1,-1,-1
33, 25303.jpg,17,657,638,60,136,-1,-1,-1,-1
33, 25303.jpg,18,980,713,89,170,-1,-1,-1,-1
33, 25303.jpg,22,123,507,59,125,-1,-1,-1,-1
33, 25303.jpg,23,841,568,43,99,-1,-1,-1,-1
33, 25303.jpg,24,928,600,87,140,-1,-1,-1,-1
34, 25304.jpg,4,1044,525,70,123,-1,-1,-1,-1
34, 25304.jpg,6,829,634,72,168,-1,-1,-1,-1
34, 25304.jpg,7,428,616,73,159,-1,-1,-1,-1
34, 25304.jpg,8,492,554,53,142,-1,-1,-1,-1
34, 25304.jpg,9,1281,598,68,146,-1,-1,-1,-1
34, 25304.jpg,10,1179,708,107,125,-1,-1,-1,-1
34, 25304.jpg,17,657,640,61,136,-1,-1,-1,-1
34, 25304.jpg,18,982,709,87,168,-1,-1,-1,-1
34, 25304.jpg,22,126,507,58,124,-1,-1,-1,-1
34, 25304.jpg,23,843,570,46,109,-1,-1,-1,-1
34, 25304.jpg,24,926,597,90,144,-1,-1,-1,-1
35, 25305.jpg,4,1042,527,69,120,-1,-1,-1,-1
35, 25305.jpg,6,830,628,73,172,-1,-1,-1,-1
35, 25305.jpg,7,425,614,71,159,-1,-1,-1,-1
35, 25305.jpg,8,497,554,51,138,-1,-1,-1,-1
35, 25305.jpg,9,1278,598,67,147,-1,-1,-1,-1
35, 25305.jpg,10,1184,705,106,128,-1,-1,-1,-1
35, 25305.jpg,17,654,643,64,137,-1,-1,-1,-1
35, 25305.jpg,18,985,707,86,167,-1,-1,-1,-1
35, 25305.jpg,22,126,503,61,131,-1,-1,-1,-1
35, 25305.jpg,23,843,574,47,109,-1,-1,-1,-1
35, 25305.jpg,24,924,594,91,147,-1,-1,-1,-1
36, 25306.jpg,4,1036,528,71,123,-1,-1,-1,-1
36, 25306.jpg,6,833,628,72,168,-1,-1,-1,-1
36, 25306.jpg,7,424,612,69,157,-1,-1,-1,-1
36, 25306.jpg,8,501,553,51,138,-1,-1,-1,-1
36, 25306.jpg,9,1274,598,66,147,-1,-1,-1,-1
36, 25306.jpg,10,1185,701,106,132,-1,-1,-1,-1
36, 25306.jpg,17,655,643,66,138,-1,-1,-1,-1
36, 25306.jpg,18,989,706,85,165,-1,-1,-1,-1
36, 25306.jpg,22,127,503,62,131,-1,-1,-1,-1
36, 25306.jpg,23,845,576,46,104,-1,-1,-1,-1
36, 25306.jpg,24,925,594,94,149,-1,-1,-1,-1
37, 25307.jpg,4,1030,530,73,123,-1,-1,-1,-1
37, 25307.jpg,6,835,630,70,166,-1,-1,-1,-1
37, 25307.jpg,7,421,611,69,157,-1,-1,-1,-1
37, 25307.jpg,8,503,553,51,139,-1,-1,-1,-1
37, 25307.jpg,9,1273,598,65,148,-1,-1,-1,-1
37, 25307.jpg,10,1187,697,106,137,-1,-1,-1,-1
37, 25307.jpg,17,658,644,68,138,-1,-1,-1,-1
37, 25307.jpg,18,992,703,85,168,-1,-1,-1,-1
37, 25307.jpg,22,129,504,61,131,-1,-1,-1,-1
37, 25307.jpg,23,847,585,49,110,-1,-1,-1,-1
37, 25307.jpg,24,922,594,96,151,-1,-1,-1,-1
38, 25308.jpg,4,1023,531,76,124,-1,-1,-1,-1
38, 25308.jpg,6,837,629,71,168,-1,-1,-1,-1
38, 25308.jpg,7,415,612,68,157,-1,-1,-1,-1
38, 25308.jpg,8,505,556,50,136,-1,-1,-1,-1
38, 25308.jpg,9,1268,597,66,150,-1,-1,-1,-1
38, 25308.jpg,10,1187,691,106,143,-1,-1,-1,-1
38, 25308.jpg,17,659,644,71,138,-1,-1,-1,-1
38, 25308.jpg,18,995,706,82,162,-1,-1,-1,-1
38, 25308.jpg,22,131,505,61,130,-1,-1,-1,-1
38, 25308.jpg,23,849,587,49,109,-1,-1,-1,-1
38, 25308.jpg,24,924,595,94,150,-1,-1,-1,-1
39, 25309.jpg,4,1019,532,78,124,-1,-1,-1,-1
39, 25309.jpg,6,838,627,70,165,-1,-1,-1,-1
39, 25309.jpg,7,411,615,67,154,-1,-1,-1,-1
39, 25309.jpg,8,506,556,51,137,-1,-1,-1,-1
39, 25309.jpg,9,1264,595,68,152,-1,-1,-1,-1
39, 25309.jpg,10,1188,686,104,146,-1,-1,-1,-1
39, 25309.jpg,17,660,641,75,143,-1,-1,-1,-1
39, 25309.jpg,18,999,708,78,156,-1,-1,-1,-1
39, 25309.jpg,22,133,506,60,128,-1,-1,-1,-1
39, 25309.jpg,23,846,582,48,106,-1,-1,-1,-1
39, 25309.jpg,24,925,596,92,150,-1,-1,-1,-1
40, 25310.jpg,1,818,605,81,114,-1,-1,-1,-1
40, 25310.jpg,4,1015,531,79,123,-1,-1,-1,-1
40, 25310.jpg,6,839,626,68,160,-1,-1,-1,-1
40, 25310.jpg,7,411,618,66,153,-1,-1,-1,-1
40, 25310.jpg,8,508,555,51,136,-1,-1,-1,-1
40, 25310.jpg,9,1260,594,69,154,-1,-1,-1,-1
40, 25310.jpg,10,1189,682,103,148,-1,-1,-1,-1
40, 25310.jpg,17,664,641,75,140,-1,-1,-1,-1
40, 25310.jpg,18,1000,708,78,153,-1,-1,-1,-1
40, 25310.jpg,22,134,507,60,126,-1,-1,-1,-1
40, 25310.jpg,23,848,583,47,105,-1,-1,-1,-1
40, 25310.jpg,24,925,593,91,152,-1,-1,-1,-1
