2, 10482.jpg,1,630,247,36,144,-1,-1,-1,-1
2, 10482.jpg,2,772,232,52,113,-1,-1,-1,-1
2, 10482.jpg,3,746,418,41,111,-1,-1,-1,-1
2, 10482.jpg,4,763,321,38,107,-1,-1,-1,-1
2, 10482.jpg,5,411,424,93,105,-1,-1,-1,-1
2, 10482.jpg,6,253,400,70,112,-1,-1,-1,-1
2, 10482.jpg,7,692,363,57,91,-1,-1,-1,-1
2, 10482.jpg,8,897,319,47,101,-1,-1,-1,-1
2, 10482.jpg,9,306,291,51,87,-1,-1,-1,-1
2, 10482.jpg,10,979,375,47,112,-1,-1,-1,-1
2, 10482.jpg,11,171,335,52,110,-1,-1,-1,-1
3, 10483.jpg,1,635,244,36,145,-1,-1,-1,-1
3, 10483.jpg,2,776,232,52,113,-1,-1,-1,-1
3, 10483.jpg,3,747,416,43,113,-1,-1,-1,-1
3, 10483.jpg,4,765,320,37,105,-1,-1,-1,-1
3, 10483.jpg,5,410,423,95,108,-1,-1,-1,-1
3, 10483.jpg,6,255,398,72,114,-1,-1,-1,-1
3, 10483.jpg,7,692,363,58,89,-1,-1,-1,-1
3, 10483.jpg,8,901,318,47,104,-1,-1,-1,-1
3, 10483.jpg,9,309,289,52,89,-1,-1,-1,-1
3, 10483.jpg,10,976,375,48,111,-1,-1,-1,-1
3, 10483.jpg,11,175,334,53,111,-1,-1,-1,-1
4, 10484.jpg,1,641,242,36,142,-1,-1,-1,-1
4, 10484.jpg,2,781,236,50,112,-1,-1,-1,-1
4, 10484.jpg,3,750,411,44,116,-1,-1,-1,-1
4, 10484.jpg,4,766,319,37,103,-1,-1,-1,-1
4, 10484.jpg,5,408,422,93,107,-1,-1,-1,-1
4, 10484.jpg,6,260,399,69,110,-1,-1,-1,-1
4, 10484.jpg,7,694,365,58,89,-1,-1,-1,-1
4, 10484.jpg,8,904,317,47,104,-1,-1,-1,-1
4, 10484.jpg,9,313,290,50,88,-1,-1,-1,-1
4, 10484.jpg,10,973,376,49,109,-1,-1,-1,-1
4, 10484.jpg,11,181,333,53,112,-1,-1,-1,-1
5, 10485.jpg,1,649,247,35,138,-1,-1,-1,-1
5, 10485.jpg,2,785,239,47,105,-1,-1,-1,-1
5, 10485.jpg,3,752,397,49,130,-1,-1,-1,-1
5, 10485.jpg,5,409,421,91,106,-1,-1,-1,-1
5, 10485.jpg,6,265,400,68,107,-1,-1,-1,-1
5, 10485.jpg,7,697,366,60,91,-1,-1,-1,-1
5, 10485.jpg,8,908,316,47,105,-1,-1,-1,-1
5, 10485.jpg,9,315,290,51,89,-1,-1,-1,-1
5, 10485.jpg,10,972,376,48,107,-1,-1,-1,-1
5, 10485.jpg,11,186,333,53,113,-1,-1,-1,-1
6, 10486.jpg,1,655,243,36,141,-1,-1,-1,-1
6, 10486.jpg,2,785,238,51,115,-1,-1,-1,-1
6, 10486.jpg,3,757,394,48,129,-1,-1,-1,-1
6, 10486.jpg,5,408,421,88,105,-1,-1,-1,-1
6, 10486.jpg,6,270,401,67,105,-1,-1,-1,-1
6, 10486.jpg,7,702,366,61,90,-1,-1,-1,-1
6, 10486.jpg,8,912,317,47,104,-1,-1,-1,-1
6, 10486.jpg,9,318,291,51,90,-1,-1,-1,-1
6, 10486.jpg,10,969,375,49,108,-1,-1,-1,-1
6, 10486.jpg,11,191,333,52,112,-1,-1,-1,-1
7, 10487.jpg,1,660,242,37,143,-1,-1,-1,-1
7, 10487.jpg,2,787,242,52,116,-1,-1,-1,-1
7, 10487.jpg,3,760,391,48,128,-1,-1,-1,-1
7, 10487.jpg,4,781,317,38,107,-1,-1,-1,-1
7, 10487.jpg,5,406,422,88,105,-1,-1,-1,-1
7, 10487.jpg,6,275,400,66,104,-1,-1,-1,-1
7, 10487.jpg,7,706,365,61,89,-1,-1,-1,-1
7, 10487.jpg,8,917,319,46,101,-1,-1,-1,-1
7, 10487.jpg,9,323,294,50,90,-1,-1,-1,-1
7, 10487.jpg,10,967,372,49,109,-1,-1,-1,-1
7, 10487.jpg,11,198,335,52,112,-1,-1,-1,-1
8, 10488.jpg,1,666,243,38,144,-1,-1,-1,-1
8, 10488.jpg,2,789,266,52,119,-1,-1,-1,-1
8, 10488.jpg,3,766,393,45,120,-1,-1,-1,-1
8, 10488.jpg,4,784,317,38,105,-1,-1,-1,-1
8, 10488.jpg,5,409,424,87,103,-1,-1,-1,-1
8, 10488.jpg,6,280,403,65,100,-1,-1,-1,-1
8, 10488.jpg,7,712,366,57,81,-1,-1,-1,-1
8, 10488.jpg,8,923,320,44,100,-1,-1,-1,-1
8, 10488.jpg,9,327,298,49,89,-1,-1,-1,-1
8, 10488.jpg,10,963,371,49,110,-1,-1,-1,-1
8, 10488.jpg,11,202,337,53,114,-1,-1,-1,-1
9, 10489.jpg,1,670,243,39,142,-1,-1,-1,-1
9, 10489.jpg,2,801,262,46,106,-1,-1,-1,-1
9, 10489.jpg,3,770,395,44,115,-1,-1,-1,-1
9, 10489.jpg,4,792,318,36,104,-1,-1,-1,-1
9, 10489.jpg,5,413,426,85,101,-1,-1,-1,-1
9, 10489.jpg,6,286,402,65,101,-1,-1,-1,-1
9, 10489.jpg,7,713,366,58,83,-1,-1,-1,-1
9, 10489.jpg,8,929,321,44,99,-1,-1,-1,-1
9, 10489.jpg,9,331,303,48,87,-1,-1,-1,-1
9, 10489.jpg,10,962,371,48,107,-1,-1,-1,-1
9, 10489.jpg,11,210,340,52,113,-1,-1,-1,-1
10, 10490.jpg,1,676,246,40,140,-1,-1,-1,-1
10, 10490.jpg,2,813,265,41,93,-1,-1,-1,-1
10, 10490.jpg,3,774,393,43,115,-1,-1,-1,-1
10, 10490.jpg,4,799,321,35,99,-1,-1,-1,-1
10, 10490.jpg,5,418,427,85,100,-1,-1,-1,-1
10, 10490.jpg,6,291,402,65,99,-1,-1,-1,-1
10, 10490.jpg,7,723,365,52,76,-1,-1,-1,-1
10, 10490.jpg,8,934,322,44,98,-1,-1,-1,-1
10, 10490.jpg,9,337,306,46,85,-1,-1,-1,-1
10, 10490.jpg,10,965,369,48,105,-1,-1,-1,-1
10, 10490.jpg,11,216,342,53,116,-1,-1,-1,-1
11, 10491.jpg,1,682,250,39,135,-1,-1,-1,-1
11, 10491.jpg,2,822,271,37,85,-1,-1,-1,-1
11, 10491.jpg,3,778,394,42,112,-1,-1,-1,-1
11, 10491.jpg,4,809,308,37,100,-1,-1,-1,-1
11, 10491.jpg,5,424,426,85,100,-1,-1,-1,-1
11, 10491.jpg,6,299,400,65,100,-1,-1,-1,-1
11, 10491.jpg,7,733,362,54,78,-1,-1,-1,-1
11, 10491.jpg,8,941,321,43,99,-1,-1,-1,-1
11, 10491.jpg,9,345,312,43,79,-1,-1,-1,-1
11, 10491.jpg,10,964,368,48,105,-1,-1,-1,-1
11, 10491.jpg,11,225,347,52,114,-1,-1,-1,-1
12, 10492.jpg,1,691,257,37,127,-1,-1,-1,-1
12, 10492.jpg,2,823,276,39,87,-1,-1,-1,-1
12, 10492.jpg,3,780,390,43,116,-1,-1,-1,-1
12, 10492.jpg,4,812,319,35,98,-1,-1,-1,-1
12, 10492.jpg,5,430,426,84,99,-1,-1,-1,-1
12, 10492.jpg,6,304,394,70,107,-1,-1,-1,-1
12, 10492.jpg,7,740,358,54,80,-1,-1,-1,-1
12, 10492.jpg,8,948,321,42,98,-1,-1,-1,-1
12, 10492.jpg,9,350,315,44,77,-1,-1,-1,-1
12, 10492.jpg,10,964,369,47,102,-1,-1,-1,-1
12, 10492.jpg,11,233,352,51,112,-1,-1,-1,-1
13, 10493.jpg,1,700,252,37,128,-1,-1,-1,-1
13, 10493.jpg,2,827,291,38,85,-1,-1,-1,-1
13, 10493.jpg,3,785,388,43,117,-1,-1,-1,-1
13, 10493.jpg,4,820,325,34,93,-1,-1,-1,-1
13, 10493.jpg,5,435,421,87,103,-1,-1,-1,-1
13, 10493.jpg,6,312,391,71,110,-1,-1,-1,-1
13, 10493.jpg,7,743,354,54,83,-1,-1,-1,-1
13, 10493.jpg,8,959,320,41,94,-1,-1,-1,-1
13, 10493.jpg,9,359,314,43,76,-1,-1,-1,-1
13, 10493.jpg,10,963,373,48,99,-1,-1,-1,-1
13, 10493.jpg,11,243,358,48,107,-1,-1,-1,-1
14, 10494.jpg,1,709,253,38,131,-1,-1,-1,-1
14, 10494.jpg,2,831,301,39,86,-1,-1,-1,-1
14, 10494.jpg,3,789,388,44,117,-1,-1,-1,-1
14, 10494.jpg,4,825,326,33,91,-1,-1,-1,-1
14, 10494.jpg,5,443,416,90,107,-1,-1,-1,-1
14, 10494.jpg,6,321,388,72,113,-1,-1,-1,-1
14, 10494.jpg,7,751,350,55,85,-1,-1,-1,-1
14, 10494.jpg,8,967,319,40,90,-1,-1,-1,-1
14, 10494.jpg,9,363,312,47,81,-1,-1,-1,-1
14, 10494.jpg,10,964,376,48,95,-1,-1,-1,-1
14, 10494.jpg,11,250,361,47,104,-1,-1,-1,-1
15, 10495.jpg,1,720,268,33,112,-1,-1,-1,-1
15, 10495.jpg,2,835,307,39,85,-1,-1,-1,-1
15, 10495.jpg,3,796,388,44,119,-1,-1,-1,-1
15, 10495.jpg,4,829,321,40,103,-1,-1,-1,-1
15, 10495.jpg,5,450,415,91,108,-1,-1,-1,-1
15, 10495.jpg,6,327,386,73,114,-1,-1,-1,-1
15, 10495.jpg,7,756,347,55,86,-1,-1,-1,-1
15, 10495.jpg,8,973,319,39,89,-1,-1,-1,-1
15, 10495.jpg,9,371,309,47,82,-1,-1,-1,-1
15, 10495.jpg,10,971,361,44,86,-1,-1,-1,-1
15, 10495.jpg,11,259,362,46,103,-1,-1,-1,-1
16, 10496.jpg,1,725,269,34,114,-1,-1,-1,-1
16, 10496.jpg,3,797,385,46,121,-1,-1,-1,-1
16, 10496.jpg,4,838,321,39,101,-1,-1,-1,-1
16, 10496.jpg,5,458,411,93,113,-1,-1,-1,-1
16, 10496.jpg,6,333,384,72,112,-1,-1,-1,-1
16, 10496.jpg,7,764,345,56,91,-1,-1,-1,-1
16, 10496.jpg,9,379,305,48,84,-1,-1,-1,-1
16, 10496.jpg,10,979,360,42,83,-1,-1,-1,-1
16, 10496.jpg,11,265,362,46,103,-1,-1,-1,-1
17, 10497.jpg,1,734,271,33,115,-1,-1,-1,-1
17, 10497.jpg,3,804,387,44,118,-1,-1,-1,-1
17, 10497.jpg,4,852,311,41,102,-1,-1,-1,-1
17, 10497.jpg,5,467,410,93,114,-1,-1,-1,-1
17, 10497.jpg,6,341,384,73,113,-1,-1,-1,-1
17, 10497.jpg,7,768,342,57,95,-1,-1,-1,-1
17, 10497.jpg,9,382,303,49,84,-1,-1,-1,-1
17, 10497.jpg,10,983,353,48,97,-1,-1,-1,-1
17, 10497.jpg,11,270,360,47,105,-1,-1,-1,-1
17, 10497.jpg,13,866,274,44,92,-1,-1,-1,-1
18, 10498.jpg,1,741,274,34,116,-1,-1,-1,-1
18, 10498.jpg,3,808,391,44,114,-1,-1,-1,-1
18, 10498.jpg,4,854,314,43,106,-1,-1,-1,-1
18, 10498.jpg,5,474,407,94,117,-1,-1,-1,-1
18, 10498.jpg,6,347,383,74,113,-1,-1,-1,-1
18, 10498.jpg,7,773,340,57,97,-1,-1,-1,-1
18, 10498.jpg,9,392,299,48,82,-1,-1,-1,-1
18, 10498.jpg,10,986,345,53,108,-1,-1,-1,-1
18, 10498.jpg,11,278,358,47,105,-1,-1,-1,-1
18, 10498.jpg,13,880,276,44,91,-1,-1,-1,-1
19, 10499.jpg,1,747,274,34,115,-1,-1,-1,-1
19, 10499.jpg,3,813,394,42,110,-1,-1,-1,-1
19, 10499.jpg,4,857,313,45,109,-1,-1,-1,-1
19, 10499.jpg,5,482,405,93,120,-1,-1,-1,-1
19, 10499.jpg,6,355,383,73,112,-1,-1,-1,-1
19, 10499.jpg,7,781,337,58,101,-1,-1,-1,-1
19, 10499.jpg,9,399,294,50,86,-1,-1,-1,-1
19, 10499.jpg,10,994,338,54,115,-1,-1,-1,-1
19, 10499.jpg,11,282,356,48,106,-1,-1,-1,-1
19, 10499.jpg,13,890,274,43,91,-1,-1,-1,-1
20, 10500.jpg,1,749,272,35,118,-1,-1,-1,-1
20, 10500.jpg,3,815,391,43,112,-1,-1,-1,-1
20, 10500.jpg,4,862,314,45,110,-1,-1,-1,-1
20, 10500.jpg,5,491,405,92,121,-1,-1,-1,-1
20, 10500.jpg,6,361,381,75,114,-1,-1,-1,-1
20, 10500.jpg,7,786,336,57,103,-1,-1,-1,-1
20, 10500.jpg,9,404,291,51,89,-1,-1,-1,-1
20, 10500.jpg,10,1002,342,49,104,-1,-1,-1,-1
20, 10500.jpg,11,285,354,48,108,-1,-1,-1,-1
20, 10500.jpg,13,898,277,44,92,-1,-1,-1,-1
21, 10501.jpg,1,750,271,36,121,-1,-1,-1,-1
21, 10501.jpg,3,816,386,44,116,-1,-1,-1,-1
21, 10501.jpg,4,868,313,45,111,-1,-1,-1,-1
21, 10501.jpg,5,496,406,91,122,-1,-1,-1,-1
21, 10501.jpg,6,367,379,76,116,-1,-1,-1,-1
21, 10501.jpg,7,789,335,58,105,-1,-1,-1,-1
21, 10501.jpg,8,1013,328,37,87,-1,-1,-1,-1
21, 10501.jpg,9,407,289,51,88,-1,-1,-1,-1
21, 10501.jpg,10,1002,357,50,105,-1,-1,-1,-1
21, 10501.jpg,11,287,349,49,113,-1,-1,-1,-1
21, 10501.jpg,13,892,288,50,103,-1,-1,-1,-1
22, 10502.jpg,1,751,274,35,116,-1,-1,-1,-1
22, 10502.jpg,3,816,383,45,118,-1,-1,-1,-1
22, 10502.jpg,4,869,309,47,116,-1,-1,-1,-1
22, 10502.jpg,5,498,406,91,122,-1,-1,-1,-1
22, 10502.jpg,6,372,378,76,116,-1,-1,-1,-1
22, 10502.jpg,7,794,336,56,104,-1,-1,-1,-1
22, 10502.jpg,8,1018,324,37,87,-1,-1,-1,-1
22, 10502.jpg,9,408,287,52,92,-1,-1,-1,-1
22, 10502.jpg,10,1003,369,47,101,-1,-1,-1,-1
22, 10502.jpg,11,290,348,50,115,-1,-1,-1,-1
22, 10502.jpg,13,904,283,49,98,-1,-1,-1,-1
23, 10503.jpg,1,753,278,34,109,-1,-1,-1,-1
23, 10503.jpg,3,816,382,45,117,-1,-1,-1,-1
23, 10503.jpg,4,872,310,47,115,-1,-1,-1,-1
23, 10503.jpg,5,500,406,90,123,-1,-1,-1,-1
23, 10503.jpg,6,379,380,73,113,-1,-1,-1,-1
23, 10503.jpg,7,795,336,52,97,-1,-1,-1,-1
23, 10503.jpg,8,1022,321,36,85,-1,-1,-1,-1
23, 10503.jpg,9,410,286,53,92,-1,-1,-1,-1
23, 10503.jpg,10,1006,373,46,102,-1,-1,-1,-1
23, 10503.jpg,11,291,348,50,114,-1,-1,-1,-1
23, 10503.jpg,13,909,282,48,95,-1,-1,-1,-1
24, 10504.jpg,1,753,281,36,111,-1,-1,-1,-1
24, 10504.jpg,3,819,374,38,96,-1,-1,-1,-1
24, 10504.jpg,4,874,311,45,114,-1,-1,-1,-1
24, 10504.jpg,5,501,406,89,123,-1,-1,-1,-1
24, 10504.jpg,6,385,376,75,119,-1,-1,-1,-1
24, 10504.jpg,7,802,330,43,83,-1,-1,-1,-1
24, 10504.jpg,8,1027,320,37,88,-1,-1,-1,-1
24, 10504.jpg,9,414,288,51,89,-1,-1,-1,-1
24, 10504.jpg,10,1015,363,41,90,-1,-1,-1,-1
24, 10504.jpg,11,291,348,50,114,-1,-1,-1,-1
24, 10504.jpg,13,912,281,47,93,-1,-1,-1,-1
25, 10505.jpg,1,752,282,38,111,-1,-1,-1,-1
25, 10505.jpg,3,815,356,36,91,-1,-1,-1,-1
25, 10505.jpg,4,876,312,44,113,-1,-1,-1,-1
25, 10505.jpg,5,504,407,88,122,-1,-1,-1,-1
25, 10505.jpg,6,392,374,74,121,-1,-1,-1,-1
25, 10505.jpg,7,809,329,37,73,-1,-1,-1,-1
25, 10505.jpg,8,1033,319,37,89,-1,-1,-1,-1
25, 10505.jpg,9,416,290,49,85,-1,-1,-1,-1
25, 10505.jpg,10,1019,359,40,92,-1,-1,-1,-1
25, 10505.jpg,11,292,348,51,114,-1,-1,-1,-1
25, 10505.jpg,13,915,281,46,90,-1,-1,-1,-1
26, 10506.jpg,1,750,284,40,108,-1,-1,-1,-1
26, 10506.jpg,3,817,352,35,88,-1,-1,-1,-1
26, 10506.jpg,4,878,313,44,112,-1,-1,-1,-1
26, 10506.jpg,5,505,408,87,121,-1,-1,-1,-1
26, 10506.jpg,6,398,373,75,124,-1,-1,-1,-1
26, 10506.jpg,7,814,327,36,71,-1,-1,-1,-1
26, 10506.jpg,8,1035,319,35,86,-1,-1,-1,-1
26, 10506.jpg,9,417,294,49,80,-1,-1,-1,-1
26, 10506.jpg,10,1017,368,44,101,-1,-1,-1,-1
26, 10506.jpg,11,291,347,53,118,-1,-1,-1,-1
26, 10506.jpg,13,917,279,46,90,-1,-1,-1,-1
27, 10507.jpg,1,746,282,43,109,-1,-1,-1,-1
27, 10507.jpg,3,815,335,35,86,-1,-1,-1,-1
27, 10507.jpg,4,882,313,44,112,-1,-1,-1,-1
27, 10507.jpg,5,502,409,88,122,-1,-1,-1,-1
27, 10507.jpg,6,405,373,76,126,-1,-1,-1,-1
27, 10507.jpg,8,1035,319,38,92,-1,-1,-1,-1
27, 10507.jpg,9,418,296,48,79,-1,-1,-1,-1
27, 10507.jpg,10,1018,373,46,107,-1,-1,-1,-1
27, 10507.jpg,11,290,350,54,120,-1,-1,-1,-1
27, 10507.jpg,13,916,275,48,94,-1,-1,-1,-1
27, 10507.jpg,14,814,378,47,114,-1,-1,-1,-1
28, 10508.jpg,1,745,282,46,110,-1,-1,-1,-1
28, 10508.jpg,3,814,330,37,93,-1,-1,-1,-1
28, 10508.jpg,4,886,315,42,109,-1,-1,-1,-1
28, 10508.jpg,5,505,412,86,119,-1,-1,-1,-1
28, 10508.jpg,6,412,373,78,129,-1,-1,-1,-1
28, 10508.jpg,8,1039,318,40,96,-1,-1,-1,-1
28, 10508.jpg,9,419,298,48,77,-1,-1,-1,-1
28, 10508.jpg,10,1019,372,48,111,-1,-1,-1,-1
28, 10508.jpg,11,289,352,55,122,-1,-1,-1,-1
28, 10508.jpg,13,915,274,50,94,-1,-1,-1,-1
28, 10508.jpg,14,818,387,46,112,-1,-1,-1,-1
29, 10509.jpg,1,743,280,50,114,-1,-1,-1,-1
29, 10509.jpg,3,815,330,36,90,-1,-1,-1,-1
29, 10509.jpg,4,890,319,40,103,-1,-1,-1,-1
29, 10509.jpg,5,507,412,87,120,-1,-1,-1,-1
29, 10509.jpg,6,419,375,78,128,-1,-1,-1,-1
29, 10509.jpg,8,1042,318,40,94,-1,-1,-1,-1
29, 10509.jpg,9,419,299,48,75,-1,-1,-1,-1
29, 10509.jpg,10,1021,376,47,109,-1,-1,-1,-1
29, 10509.jpg,11,288,355,57,125,-1,-1,-1,-1
29, 10509.jpg,13,917,275,50,95,-1,-1,-1,-1
29, 10509.jpg,14,820,389,45,110,-1,-1,-1,-1
30, 10510.jpg,1,740,277,54,115,-1,-1,-1,-1
30, 10510.jpg,3,817,325,32,79,-1,-1,-1,-1
30, 10510.jpg,4,892,321,39,101,-1,-1,-1,-1
30, 10510.jpg,5,511,414,83,117,-1,-1,-1,-1
30, 10510.jpg,6,424,377,77,129,-1,-1,-1,-1
30, 10510.jpg,8,1047,322,41,97,-1,-1,-1,-1
30, 10510.jpg,9,417,299,51,76,-1,-1,-1,-1
30, 10510.jpg,10,1026,380,45,104,-1,-1,-1,-1
30, 10510.jpg,11,289,359,57,124,-1,-1,-1,-1
30, 10510.jpg,13,916,275,50,95,-1,-1,-1,-1
30, 10510.jpg,14,821,388,45,113,-1,-1,-1,-1
31, 10511.jpg,1,740,276,55,117,-1,-1,-1,-1
31, 10511.jpg,2,827,355,38,86,-1,-1,-1,-1
31, 10511.jpg,3,818,320,31,76,-1,-1,-1,-1
31, 10511.jpg,4,896,321,41,103,-1,-1,-1,-1
31, 10511.jpg,5,516,417,82,114,-1,-1,-1,-1
31, 10511.jpg,6,427,378,78,129,-1,-1,-1,-1
31, 10511.jpg,8,1051,322,42,100,-1,-1,-1,-1
31, 10511.jpg,9,417,299,53,79,-1,-1,-1,-1
31, 10511.jpg,10,1031,379,47,108,-1,-1,-1,-1
31, 10511.jpg,11,290,363,58,125,-1,-1,-1,-1
31, 10511.jpg,13,915,277,51,96,-1,-1,-1,-1
31, 10511.jpg,14,823,391,44,109,-1,-1,-1,-1
32, 10512.jpg,1,740,275,57,118,-1,-1,-1,-1
32, 10512.jpg,2,827,359,38,85,-1,-1,-1,-1
32, 10512.jpg,4,900,321,41,103,-1,-1,-1,-1
32, 10512.jpg,5,520,422,79,109,-1,-1,-1,-1
32, 10512.jpg,6,435,379,76,127,-1,-1,-1,-1
32, 10512.jpg,7,826,333,41,82,-1,-1,-1,-1
32, 10512.jpg,8,1055,323,43,100,-1,-1,-1,-1
32, 10512.jpg,9,416,298,54,81,-1,-1,-1,-1
32, 10512.jpg,10,1045,366,48,111,-1,-1,-1,-1
32, 10512.jpg,11,292,369,58,124,-1,-1,-1,-1
32, 10512.jpg,13,916,286,49,91,-1,-1,-1,-1
32, 10512.jpg,14,825,392,44,108,-1,-1,-1,-1
33, 10513.jpg,1,740,272,57,121,-1,-1,-1,-1
33, 10513.jpg,4,913,312,41,102,-1,-1,-1,-1
33, 10513.jpg,5,523,427,78,105,-1,-1,-1,-1
33, 10513.jpg,6,439,376,76,128,-1,-1,-1,-1
33, 10513.jpg,7,829,327,47,98,-1,-1,-1,-1
33, 10513.jpg,8,1065,327,46,108,-1,-1,-1,-1
33, 10513.jpg,9,416,297,56,84,-1,-1,-1,-1
33, 10513.jpg,10,1046,371,49,112,-1,-1,-1,-1
33, 10513.jpg,11,295,376,58,121,-1,-1,-1,-1
33, 10513.jpg,13,918,287,49,90,-1,-1,-1,-1
33, 10513.jpg,14,831,395,43,106,-1,-1,-1,-1
34, 10514.jpg,1,741,269,55,121,-1,-1,-1,-1
34, 10514.jpg,4,920,318,40,95,-1,-1,-1,-1
34, 10514.jpg,5,528,432,77,100,-1,-1,-1,-1
34, 10514.jpg,6,448,376,74,128,-1,-1,-1,-1
34, 10514.jpg,7,835,329,45,95,-1,-1,-1,-1
34, 10514.jpg,8,1076,331,47,110,-1,-1,-1,-1
34, 10514.jpg,9,418,295,56,88,-1,-1,-1,-1
34, 10514.jpg,10,1052,375,47,110,-1,-1,-1,-1
34, 10514.jpg,11,297,377,59,122,-1,-1,-1,-1
34, 10514.jpg,14,838,396,40,102,-1,-1,-1,-1
35, 10515.jpg,1,741,267,56,123,-1,-1,-1,-1
35, 10515.jpg,4,926,321,39,95,-1,-1,-1,-1
35, 10515.jpg,5,534,435,75,95,-1,-1,-1,-1
35, 10515.jpg,6,453,375,74,131,-1,-1,-1,-1
35, 10515.jpg,7,841,328,42,92,-1,-1,-1,-1
35, 10515.jpg,8,1081,332,48,111,-1,-1,-1,-1
35, 10515.jpg,9,420,293,57,89,-1,-1,-1,-1
35, 10515.jpg,10,1067,365,48,112,-1,-1,-1,-1
35, 10515.jpg,11,301,378,59,120,-1,-1,-1,-1
35, 10515.jpg,14,844,391,42,106,-1,-1,-1,-1
36, 10516.jpg,1,742,266,55,125,-1,-1,-1,-1
36, 10516.jpg,4,933,330,36,87,-1,-1,-1,-1
36, 10516.jpg,5,533,434,78,95,-1,-1,-1,-1
36, 10516.jpg,6,459,374,73,131,-1,-1,-1,-1
36, 10516.jpg,7,848,330,43,96,-1,-1,-1,-1
36, 10516.jpg,8,1090,325,50,118,-1,-1,-1,-1
36, 10516.jpg,9,424,291,57,92,-1,-1,-1,-1
36, 10516.jpg,10,1068,374,47,109,-1,-1,-1,-1
36, 10516.jpg,11,299,374,61,126,-1,-1,-1,-1
36, 10516.jpg,13,922,273,46,86,-1,-1,-1,-1
36, 10516.jpg,14,850,387,43,110,-1,-1,-1,-1
37, 10517.jpg,1,743,265,55,124,-1,-1,-1,-1
37, 10517.jpg,4,937,322,39,97,-1,-1,-1,-1
37, 10517.jpg,5,532,437,83,97,-1,-1,-1,-1
37, 10517.jpg,6,467,372,72,135,-1,-1,-1,-1
37, 10517.jpg,7,847,342,48,112,-1,-1,-1,-1
37, 10517.jpg,8,1093,322,52,122,-1,-1,-1,-1
37, 10517.jpg,9,426,288,58,97,-1,-1,-1,-1
37, 10517.jpg,10,1073,376,48,110,-1,-1,-1,-1
37, 10517.jpg,11,298,372,61,126,-1,-1,-1,-1
37, 10517.jpg,13,925,272,45,86,-1,-1,-1,-1
37, 10517.jpg,14,854,387,43,111,-1,-1,-1,-1
38, 10518.jpg,1,744,266,54,123,-1,-1,-1,-1
38, 10518.jpg,4,942,307,44,108,-1,-1,-1,-1
38, 10518.jpg,5,529,440,85,97,-1,-1,-1,-1
38, 10518.jpg,6,474,371,70,135,-1,-1,-1,-1
38, 10518.jpg,7,857,337,43,104,-1,-1,-1,-1
38, 10518.jpg,8,1103,317,52,126,-1,-1,-1,-1
38, 10518.jpg,9,430,287,58,100,-1,-1,-1,-1
38, 10518.jpg,10,1080,377,48,112,-1,-1,-1,-1
38, 10518.jpg,11,296,368,62,130,-1,-1,-1,-1
38, 10518.jpg,14,859,384,44,113,-1,-1,-1,-1
39, 10519.jpg,1,746,268,53,120,-1,-1,-1,-1
39, 10519.jpg,4,952,318,41,98,-1,-1,-1,-1
39, 10519.jpg,5,529,447,82,94,-1,-1,-1,-1
39, 10519.jpg,6,480,369,70,137,-1,-1,-1,-1
39, 10519.jpg,7,862,330,41,100,-1,-1,-1,-1
39, 10519.jpg,8,1111,314,51,129,-1,-1,-1,-1
39, 10519.jpg,9,433,286,58,104,-1,-1,-1,-1
39, 10519.jpg,10,1085,377,50,113,-1,-1,-1,-1
39, 10519.jpg,11,296,366,62,130,-1,-1,-1,-1
39, 10519.jpg,13,928,271,50,97,-1,-1,-1,-1
39, 10519.jpg,14,865,383,43,111,-1,-1,-1,-1
40, 10520.jpg,1,745,268,54,119,-1,-1,-1,-1
40, 10520.jpg,4,960,317,43,102,-1,-1,-1,-1
40, 10520.jpg,5,528,447,82,95,-1,-1,-1,-1
40, 10520.jpg,6,490,370,66,133,-1,-1,-1,-1
40, 10520.jpg,7,869,330,40,98,-1,-1,-1,-1
40, 10520.jpg,8,1117,311,51,131,-1,-1,-1,-1
40, 10520.jpg,9,436,287,56,105,-1,-1,-1,-1
40, 10520.jpg,10,1093,377,50,114,-1,-1,-1,-1
40, 10520.jpg,11,294,363,64,133,-1,-1,-1,-1
40, 10520.jpg,13,929,270,51,100,-1,-1,-1,-1
40, 10520.jpg,14,868,363,47,124,-1,-1,-1,-1
