2, 18852.jpg,1,634,310,52,116,-1,-1,-1,-1
2, 18852.jpg,2,935,417,50,106,-1,-1,-1,-1
2, 18852.jpg,3,640,368,73,106,-1,-1,-1,-1
2, 18852.jpg,4,537,344,42,95,-1,-1,-1,-1
2, 18852.jpg,5,411,273,63,93,-1,-1,-1,-1
2, 18852.jpg,6,367,319,39,100,-1,-1,-1,-1
2, 18852.jpg,7,967,338,58,99,-1,-1,-1,-1
2, 18852.jpg,8,908,306,52,81,-1,-1,-1,-1
2, 18852.jpg,9,413,422,74,124,-1,-1,-1,-1
2, 18852.jpg,10,282,350,43,108,-1,-1,-1,-1
3, 18853.jpg,1,631,311,47,106,-1,-1,-1,-1
3, 18853.jpg,2,933,416,50,106,-1,-1,-1,-1
3, 18853.jpg,3,643,370,72,105,-1,-1,-1,-1
3, 18853.jpg,4,532,343,42,93,-1,-1,-1,-1
3, 18853.jpg,5,406,275,63,92,-1,-1,-1,-1
3, 18853.jpg,6,367,320,37,97,-1,-1,-1,-1
3, 18853.jpg,7,965,337,60,102,-1,-1,-1,-1
3, 18853.jpg,8,907,306,51,80,-1,-1,-1,-1
3, 18853.jpg,9,411,424,73,122,-1,-1,-1,-1
3, 18853.jpg,10,279,350,43,105,-1,-1,-1,-1
4, 18854.jpg,1,627,313,43,96,-1,-1,-1,-1
4, 18854.jpg,2,932,418,48,102,-1,-1,-1,-1
4, 18854.jpg,3,645,370,71,105,-1,-1,-1,-1
4, 18854.jpg,4,528,343,42,91,-1,-1,-1,-1
4, 18854.jpg,5,405,280,60,89,-1,-1,-1,-1
4, 18854.jpg,6,363,320,38,97,-1,-1,-1,-1
4, 18854.jpg,7,967,337,60,102,-1,-1,-1,-1
4, 18854.jpg,8,905,311,48,75,-1,-1,-1,-1
4, 18854.jpg,9,413,432,69,114,-1,-1,-1,-1
4, 18854.jpg,10,275,351,42,104,-1,-1,-1,-1
5, 18855.jpg,1,619,309,46,105,-1,-1,-1,-1
5, 18855.jpg,2,930,418,48,102,-1,-1,-1,-1
5, 18855.jpg,3,648,372,71,106,-1,-1,-1,-1
5, 18855.jpg,4,523,342,43,93,-1,-1,-1,-1
5, 18855.jpg,5,405,285,57,84,-1,-1,-1,-1
5, 18855.jpg,6,362,320,38,97,-1,-1,-1,-1
5, 18855.jpg,7,968,336,60,102,-1,-1,-1,-1
5, 18855.jpg,8,902,312,47,74,-1,-1,-1,-1
5, 18855.jpg,9,408,431,70,113,-1,-1,-1,-1
5, 18855.jpg,10,271,350,43,105,-1,-1,-1,-1
6, 18856.jpg,1,618,314,43,100,-1,-1,-1,-1
6, 18856.jpg,2,929,419,48,102,-1,-1,-1,-1
6, 18856.jpg,3,651,372,69,108,-1,-1,-1,-1
6, 18856.jpg,4,516,343,43,92,-1,-1,-1,-1
6, 18856.jpg,5,402,287,55,82,-1,-1,-1,-1
6, 18856.jpg,6,360,319,38,98,-1,-1,-1,-1
6, 18856.jpg,7,969,335,60,102,-1,-1,-1,-1
6, 18856.jpg,8,899,313,47,72,-1,-1,-1,-1
6, 18856.jpg,9,405,435,70,110,-1,-1,-1,-1
6, 18856.jpg,10,269,350,43,104,-1,-1,-1,-1
7, 18857.jpg,1,616,313,40,92,-1,-1,-1,-1
7, 18857.jpg,2,928,419,49,103,-1,-1,-1,-1
7, 18857.jpg,3,652,373,69,109,-1,-1,-1,-1
7, 18857.jpg,4,513,343,43,91,-1,-1,-1,-1
7, 18857.jpg,5,400,286,56,85,-1,-1,-1,-1
7, 18857.jpg,6,358,319,39,98,-1,-1,-1,-1
7, 18857.jpg,7,971,333,58,103,-1,-1,-1,-1
7, 18857.jpg,8,897,311,48,73,-1,-1,-1,-1
7, 18857.jpg,9,404,438,70,108,-1,-1,-1,-1
7, 18857.jpg,10,267,350,44,104,-1,-1,-1,-1
8, 18858.jpg,1,613,304,35,80,-1,-1,-1,-1
8, 18858.jpg,2,928,421,48,101,-1,-1,-1,-1
8, 18858.jpg,3,654,373,69,111,-1,-1,-1,-1
8, 18858.jpg,4,509,342,44,91,-1,-1,-1,-1
8, 18858.jpg,5,397,286,56,88,-1,-1,-1,-1
8, 18858.jpg,6,354,318,40,99,-1,-1,-1,-1
8, 18858.jpg,7,972,334,57,102,-1,-1,-1,-1
8, 18858.jpg,8,895,311,48,74,-1,-1,-1,-1
8, 18858.jpg,9,403,444,67,101,-1,-1,-1,-1
8, 18858.jpg,10,262,349,44,103,-1,-1,-1,-1
9, 18859.jpg,1,610,301,34,77,-1,-1,-1,-1
9, 18859.jpg,2,927,422,49,102,-1,-1,-1,-1
9, 18859.jpg,3,657,374,68,114,-1,-1,-1,-1
9, 18859.jpg,4,505,342,45,91,-1,-1,-1,-1
9, 18859.jpg,5,393,282,56,91,-1,-1,-1,-1
9, 18859.jpg,6,352,318,41,99,-1,-1,-1,-1
9, 18859.jpg,7,975,333,58,106,-1,-1,-1,-1
9, 18859.jpg,8,893,310,49,74,-1,-1,-1,-1
9, 18859.jpg,9,402,447,65,98,-1,-1,-1,-1
9, 18859.jpg,10,257,348,45,102,-1,-1,-1,-1
9, 18859.jpg,11,378,421,62,103,-1,-1,-1,-1
10, 18860.jpg,1,607,298,32,74,-1,-1,-1,-1
10, 18860.jpg,2,927,423,47,99,-1,-1,-1,-1
10, 18860.jpg,3,660,376,67,113,-1,-1,-1,-1
10, 18860.jpg,4,501,342,45,91,-1,-1,-1,-1
10, 18860.jpg,5,392,278,58,96,-1,-1,-1,-1
10, 18860.jpg,6,352,318,40,99,-1,-1,-1,-1
10, 18860.jpg,7,978,334,57,105,-1,-1,-1,-1
10, 18860.jpg,8,891,310,50,75,-1,-1,-1,-1
10, 18860.jpg,9,397,445,67,99,-1,-1,-1,-1
10, 18860.jpg,10,253,347,46,103,-1,-1,-1,-1
10, 18860.jpg,11,376,415,55,92,-1,-1,-1,-1
11, 18861.jpg,1,606,301,32,72,-1,-1,-1,-1
11, 18861.jpg,2,927,426,46,93,-1,-1,-1,-1
11, 18861.jpg,3,663,378,65,113,-1,-1,-1,-1
11, 18861.jpg,4,498,342,45,91,-1,-1,-1,-1
11, 18861.jpg,5,389,270,61,104,-1,-1,-1,-1
11, 18861.jpg,6,351,318,41,99,-1,-1,-1,-1
11, 18861.jpg,7,981,335,58,107,-1,-1,-1,-1
11, 18861.jpg,8,889,309,51,77,-1,-1,-1,-1
11, 18861.jpg,9,394,447,69,97,-1,-1,-1,-1
11, 18861.jpg,10,249,347,47,103,-1,-1,-1,-1
11, 18861.jpg,11,372,410,53,88,-1,-1,-1,-1
12, 18862.jpg,1,602,296,33,78,-1,-1,-1,-1
12, 18862.jpg,2,926,426,47,93,-1,-1,-1,-1
12, 18862.jpg,3,668,381,63,109,-1,-1,-1,-1
12, 18862.jpg,4,494,341,47,93,-1,-1,-1,-1
12, 18862.jpg,5,387,265,61,107,-1,-1,-1,-1
12, 18862.jpg,6,350,319,41,98,-1,-1,-1,-1
12, 18862.jpg,7,983,337,56,104,-1,-1,-1,-1
12, 18862.jpg,8,886,307,53,79,-1,-1,-1,-1
12, 18862.jpg,9,387,441,72,101,-1,-1,-1,-1
12, 18862.jpg,10,245,345,49,105,-1,-1,-1,-1
12, 18862.jpg,11,369,408,51,85,-1,-1,-1,-1
13, 18863.jpg,1,597,305,40,96,-1,-1,-1,-1
13, 18863.jpg,2,926,427,47,92,-1,-1,-1,-1
13, 18863.jpg,3,674,385,60,104,-1,-1,-1,-1
13, 18863.jpg,4,491,339,48,96,-1,-1,-1,-1
13, 18863.jpg,5,384,260,62,110,-1,-1,-1,-1
13, 18863.jpg,6,350,319,40,98,-1,-1,-1,-1
13, 18863.jpg,7,984,340,55,100,-1,-1,-1,-1
13, 18863.jpg,8,886,306,53,79,-1,-1,-1,-1
13, 18863.jpg,9,386,441,73,101,-1,-1,-1,-1
13, 18863.jpg,10,240,344,50,106,-1,-1,-1,-1
13, 18863.jpg,11,368,408,50,83,-1,-1,-1,-1
14, 18864.jpg,1,594,306,43,104,-1,-1,-1,-1
14, 18864.jpg,2,925,427,49,92,-1,-1,-1,-1
14, 18864.jpg,3,677,386,61,103,-1,-1,-1,-1
14, 18864.jpg,4,489,339,48,97,-1,-1,-1,-1
14, 18864.jpg,5,383,252,65,116,-1,-1,-1,-1
14, 18864.jpg,6,350,320,39,96,-1,-1,-1,-1
14, 18864.jpg,7,986,344,52,97,-1,-1,-1,-1
14, 18864.jpg,8,887,306,53,79,-1,-1,-1,-1
14, 18864.jpg,9,387,445,72,98,-1,-1,-1,-1
14, 18864.jpg,10,236,343,51,108,-1,-1,-1,-1
14, 18864.jpg,11,364,407,49,82,-1,-1,-1,-1
15, 18865.jpg,1,592,304,43,109,-1,-1,-1,-1
15, 18865.jpg,2,925,426,49,91,-1,-1,-1,-1
15, 18865.jpg,3,681,387,63,102,-1,-1,-1,-1
15, 18865.jpg,4,486,338,49,99,-1,-1,-1,-1
15, 18865.jpg,5,386,250,61,111,-1,-1,-1,-1
15, 18865.jpg,6,349,322,39,94,-1,-1,-1,-1
15, 18865.jpg,7,986,346,51,95,-1,-1,-1,-1
15, 18865.jpg,8,889,306,51,78,-1,-1,-1,-1
15, 18865.jpg,9,385,447,73,97,-1,-1,-1,-1
15, 18865.jpg,10,232,343,51,108,-1,-1,-1,-1
15, 18865.jpg,11,358,402,53,91,-1,-1,-1,-1
16, 18866.jpg,1,588,299,45,118,-1,-1,-1,-1
16, 18866.jpg,2,923,423,52,96,-1,-1,-1,-1
16, 18866.jpg,3,684,389,64,101,-1,-1,-1,-1
16, 18866.jpg,4,483,337,51,104,-1,-1,-1,-1
16, 18866.jpg,5,386,250,58,105,-1,-1,-1,-1
16, 18866.jpg,6,349,323,40,95,-1,-1,-1,-1
16, 18866.jpg,7,984,345,51,95,-1,-1,-1,-1
16, 18866.jpg,8,889,305,51,80,-1,-1,-1,-1
16, 18866.jpg,9,381,446,75,99,-1,-1,-1,-1
16, 18866.jpg,10,228,343,51,107,-1,-1,-1,-1
16, 18866.jpg,11,356,402,53,92,-1,-1,-1,-1
17, 18867.jpg,1,586,296,44,120,-1,-1,-1,-1
17, 18867.jpg,2,921,418,55,102,-1,-1,-1,-1
17, 18867.jpg,3,683,389,66,102,-1,-1,-1,-1
17, 18867.jpg,4,482,336,51,108,-1,-1,-1,-1
17, 18867.jpg,5,385,247,59,107,-1,-1,-1,-1
17, 18867.jpg,6,349,324,41,95,-1,-1,-1,-1
17, 18867.jpg,7,982,342,51,98,-1,-1,-1,-1
17, 18867.jpg,8,890,304,52,82,-1,-1,-1,-1
17, 18867.jpg,9,378,446,77,99,-1,-1,-1,-1
17, 18867.jpg,10,224,344,51,109,-1,-1,-1,-1
17, 18867.jpg,11,350,400,57,96,-1,-1,-1,-1
18, 18868.jpg,1,584,291,43,122,-1,-1,-1,-1
18, 18868.jpg,2,922,416,54,100,-1,-1,-1,-1
18, 18868.jpg,3,681,388,69,104,-1,-1,-1,-1
18, 18868.jpg,4,480,337,51,107,-1,-1,-1,-1
18, 18868.jpg,5,384,246,62,112,-1,-1,-1,-1
18, 18868.jpg,6,349,324,42,96,-1,-1,-1,-1
18, 18868.jpg,7,981,339,51,101,-1,-1,-1,-1
18, 18868.jpg,8,892,304,51,83,-1,-1,-1,-1
18, 18868.jpg,9,372,439,81,104,-1,-1,-1,-1
18, 18868.jpg,10,220,344,50,109,-1,-1,-1,-1
18, 18868.jpg,11,349,404,53,89,-1,-1,-1,-1
19, 18869.jpg,1,582,282,44,129,-1,-1,-1,-1
19, 18869.jpg,2,923,411,55,103,-1,-1,-1,-1
19, 18869.jpg,3,682,388,70,104,-1,-1,-1,-1
19, 18869.jpg,4,479,336,50,107,-1,-1,-1,-1
19, 18869.jpg,5,385,248,61,112,-1,-1,-1,-1
19, 18869.jpg,6,348,325,42,93,-1,-1,-1,-1
19, 18869.jpg,7,980,338,50,100,-1,-1,-1,-1
19, 18869.jpg,8,892,302,51,85,-1,-1,-1,-1
19, 18869.jpg,9,373,443,78,100,-1,-1,-1,-1
19, 18869.jpg,10,216,343,51,109,-1,-1,-1,-1
19, 18869.jpg,11,345,405,53,89,-1,-1,-1,-1
20, 18870.jpg,1,581,279,42,126,-1,-1,-1,-1
20, 18870.jpg,2,925,410,53,103,-1,-1,-1,-1
20, 18870.jpg,3,683,387,70,105,-1,-1,-1,-1
20, 18870.jpg,4,477,336,51,110,-1,-1,-1,-1
20, 18870.jpg,5,385,241,66,123,-1,-1,-1,-1
20, 18870.jpg,6,347,325,43,92,-1,-1,-1,-1
20, 18870.jpg,7,979,337,49,99,-1,-1,-1,-1
20, 18870.jpg,8,891,300,52,87,-1,-1,-1,-1
20, 18870.jpg,9,367,439,80,101,-1,-1,-1,-1
20, 18870.jpg,10,213,343,51,110,-1,-1,-1,-1
20, 18870.jpg,11,341,403,56,91,-1,-1,-1,-1
21, 18871.jpg,1,581,280,38,117,-1,-1,-1,-1
21, 18871.jpg,2,927,407,51,100,-1,-1,-1,-1
21, 18871.jpg,3,685,387,71,105,-1,-1,-1,-1
21, 18871.jpg,4,474,335,52,111,-1,-1,-1,-1
21, 18871.jpg,5,388,243,64,122,-1,-1,-1,-1
21, 18871.jpg,6,347,325,44,92,-1,-1,-1,-1
21, 18871.jpg,7,977,335,49,99,-1,-1,-1,-1
21, 18871.jpg,8,891,299,51,89,-1,-1,-1,-1
21, 18871.jpg,9,367,441,80,101,-1,-1,-1,-1
21, 18871.jpg,10,210,343,50,109,-1,-1,-1,-1
21, 18871.jpg,11,339,402,56,91,-1,-1,-1,-1
22, 18872.jpg,1,579,275,38,120,-1,-1,-1,-1
22, 18872.jpg,2,928,405,50,98,-1,-1,-1,-1
22, 18872.jpg,3,688,388,69,104,-1,-1,-1,-1
22, 18872.jpg,4,472,334,52,112,-1,-1,-1,-1
22, 18872.jpg,5,390,251,58,116,-1,-1,-1,-1
22, 18872.jpg,6,347,324,45,94,-1,-1,-1,-1
22, 18872.jpg,7,976,333,48,99,-1,-1,-1,-1
22, 18872.jpg,8,890,297,52,91,-1,-1,-1,-1
22, 18872.jpg,9,350,427,80,101,-1,-1,-1,-1
22, 18872.jpg,10,206,341,51,110,-1,-1,-1,-1
22, 18872.jpg,11,336,402,56,91,-1,-1,-1,-1
23, 18873.jpg,1,579,276,37,117,-1,-1,-1,-1
23, 18873.jpg,2,929,405,50,95,-1,-1,-1,-1
23, 18873.jpg,3,692,389,68,105,-1,-1,-1,-1
23, 18873.jpg,4,469,335,51,110,-1,-1,-1,-1
23, 18873.jpg,5,390,255,57,116,-1,-1,-1,-1
23, 18873.jpg,6,348,323,46,95,-1,-1,-1,-1
23, 18873.jpg,7,975,333,47,99,-1,-1,-1,-1
23, 18873.jpg,8,890,297,52,92,-1,-1,-1,-1
23, 18873.jpg,9,347,429,79,97,-1,-1,-1,-1
23, 18873.jpg,10,203,341,50,110,-1,-1,-1,-1
24, 18874.jpg,1,579,278,35,114,-1,-1,-1,-1
24, 18874.jpg,2,930,405,51,94,-1,-1,-1,-1
24, 18874.jpg,3,695,390,69,106,-1,-1,-1,-1
24, 18874.jpg,4,466,336,51,109,-1,-1,-1,-1
24, 18874.jpg,5,390,259,58,118,-1,-1,-1,-1
24, 18874.jpg,6,349,322,46,97,-1,-1,-1,-1
24, 18874.jpg,7,975,334,45,96,-1,-1,-1,-1
24, 18874.jpg,8,890,298,51,92,-1,-1,-1,-1
24, 18874.jpg,9,345,429,79,97,-1,-1,-1,-1
24, 18874.jpg,10,201,342,49,108,-1,-1,-1,-1
25, 18875.jpg,1,578,281,35,112,-1,-1,-1,-1
25, 18875.jpg,2,932,406,50,92,-1,-1,-1,-1
25, 18875.jpg,3,699,391,69,104,-1,-1,-1,-1
25, 18875.jpg,4,463,338,51,109,-1,-1,-1,-1
25, 18875.jpg,5,391,264,56,120,-1,-1,-1,-1
25, 18875.jpg,6,351,322,47,100,-1,-1,-1,-1
25, 18875.jpg,7,974,334,45,98,-1,-1,-1,-1
25, 18875.jpg,8,891,300,50,93,-1,-1,-1,-1
25, 18875.jpg,9,356,441,79,97,-1,-1,-1,-1
25, 18875.jpg,10,199,342,48,107,-1,-1,-1,-1
25, 18875.jpg,11,327,404,55,87,-1,-1,-1,-1
26, 18876.jpg,1,578,283,34,110,-1,-1,-1,-1
26, 18876.jpg,2,934,407,52,90,-1,-1,-1,-1
26, 18876.jpg,3,705,394,68,100,-1,-1,-1,-1
26, 18876.jpg,4,462,341,50,109,-1,-1,-1,-1
26, 18876.jpg,5,392,272,54,115,-1,-1,-1,-1
26, 18876.jpg,6,353,323,46,99,-1,-1,-1,-1
26, 18876.jpg,7,972,334,47,102,-1,-1,-1,-1
26, 18876.jpg,8,891,302,50,95,-1,-1,-1,-1
26, 18876.jpg,9,346,434,81,100,-1,-1,-1,-1
26, 18876.jpg,10,195,343,49,106,-1,-1,-1,-1
26, 18876.jpg,11,322,403,59,91,-1,-1,-1,-1
27, 18877.jpg,1,577,284,35,111,-1,-1,-1,-1
27, 18877.jpg,2,935,408,52,89,-1,-1,-1,-1
27, 18877.jpg,3,706,394,69,99,-1,-1,-1,-1
27, 18877.jpg,4,460,344,51,108,-1,-1,-1,-1
27, 18877.jpg,5,394,279,53,116,-1,-1,-1,-1
27, 18877.jpg,6,354,325,45,97,-1,-1,-1,-1
27, 18877.jpg,7,971,336,47,103,-1,-1,-1,-1
27, 18877.jpg,8,892,305,49,93,-1,-1,-1,-1
27, 18877.jpg,9,354,443,81,98,-1,-1,-1,-1
27, 18877.jpg,10,192,343,51,108,-1,-1,-1,-1
27, 18877.jpg,11,318,400,63,95,-1,-1,-1,-1
28, 18878.jpg,1,577,285,36,115,-1,-1,-1,-1
28, 18878.jpg,2,935,408,55,90,-1,-1,-1,-1
28, 18878.jpg,3,707,393,72,98,-1,-1,-1,-1
28, 18878.jpg,4,459,346,51,107,-1,-1,-1,-1
28, 18878.jpg,5,396,287,50,109,-1,-1,-1,-1
28, 18878.jpg,6,356,328,44,95,-1,-1,-1,-1
28, 18878.jpg,7,971,340,45,99,-1,-1,-1,-1
28, 18878.jpg,8,891,309,48,91,-1,-1,-1,-1
28, 18878.jpg,9,356,447,81,97,-1,-1,-1,-1
28, 18878.jpg,10,188,342,52,110,-1,-1,-1,-1
28, 18878.jpg,11,315,400,64,94,-1,-1,-1,-1
29, 18879.jpg,1,576,290,36,110,-1,-1,-1,-1
29, 18879.jpg,2,937,409,56,89,-1,-1,-1,-1
29, 18879.jpg,3,707,393,75,100,-1,-1,-1,-1
29, 18879.jpg,4,459,349,50,105,-1,-1,-1,-1
29, 18879.jpg,5,396,291,48,104,-1,-1,-1,-1
29, 18879.jpg,6,357,331,43,94,-1,-1,-1,-1
29, 18879.jpg,7,969,343,43,97,-1,-1,-1,-1
29, 18879.jpg,8,892,313,45,87,-1,-1,-1,-1
29, 18879.jpg,9,354,444,83,101,-1,-1,-1,-1
29, 18879.jpg,10,185,342,53,109,-1,-1,-1,-1
29, 18879.jpg,11,312,398,65,96,-1,-1,-1,-1
30, 18880.jpg,1,573,292,36,111,-1,-1,-1,-1
30, 18880.jpg,2,935,409,57,90,-1,-1,-1,-1
30, 18880.jpg,3,707,395,77,100,-1,-1,-1,-1
30, 18880.jpg,4,458,351,49,103,-1,-1,-1,-1
30, 18880.jpg,5,395,292,47,103,-1,-1,-1,-1
30, 18880.jpg,6,359,336,41,88,-1,-1,-1,-1
30, 18880.jpg,7,968,347,43,95,-1,-1,-1,-1
30, 18880.jpg,8,892,317,42,81,-1,-1,-1,-1
30, 18880.jpg,9,355,445,83,101,-1,-1,-1,-1
30, 18880.jpg,10,182,342,53,109,-1,-1,-1,-1
30, 18880.jpg,11,309,396,69,98,-1,-1,-1,-1
31, 18881.jpg,1,570,293,38,117,-1,-1,-1,-1
31, 18881.jpg,2,936,408,56,88,-1,-1,-1,-1
31, 18881.jpg,3,707,393,80,103,-1,-1,-1,-1
31, 18881.jpg,4,455,353,49,100,-1,-1,-1,-1
31, 18881.jpg,5,393,289,46,105,-1,-1,-1,-1
31, 18881.jpg,6,359,341,39,81,-1,-1,-1,-1
31, 18881.jpg,7,967,350,42,92,-1,-1,-1,-1
31, 18881.jpg,8,891,320,41,80,-1,-1,-1,-1
31, 18881.jpg,9,351,445,85,103,-1,-1,-1,-1
31, 18881.jpg,10,179,344,53,107,-1,-1,-1,-1
31, 18881.jpg,11,306,395,71,99,-1,-1,-1,-1
32, 18882.jpg,1,568,296,37,116,-1,-1,-1,-1
32, 18882.jpg,2,933,407,58,89,-1,-1,-1,-1
32, 18882.jpg,3,705,391,82,105,-1,-1,-1,-1
32, 18882.jpg,4,454,353,49,101,-1,-1,-1,-1
32, 18882.jpg,5,392,287,43,102,-1,-1,-1,-1
32, 18882.jpg,6,358,343,37,77,-1,-1,-1,-1
32, 18882.jpg,7,965,352,42,89,-1,-1,-1,-1
32, 18882.jpg,8,891,323,40,78,-1,-1,-1,-1
32, 18882.jpg,9,351,446,83,100,-1,-1,-1,-1
32, 18882.jpg,10,176,344,54,108,-1,-1,-1,-1
32, 18882.jpg,11,303,392,74,103,-1,-1,-1,-1
33, 18883.jpg,1,567,299,36,112,-1,-1,-1,-1
33, 18883.jpg,2,939,390,62,95,-1,-1,-1,-1
33, 18883.jpg,3,708,390,83,107,-1,-1,-1,-1
33, 18883.jpg,4,452,353,50,100,-1,-1,-1,-1
33, 18883.jpg,5,390,283,44,106,-1,-1,-1,-1
33, 18883.jpg,6,355,344,37,76,-1,-1,-1,-1
33, 18883.jpg,7,964,353,42,89,-1,-1,-1,-1
33, 18883.jpg,8,890,326,39,73,-1,-1,-1,-1
33, 18883.jpg,9,349,445,83,101,-1,-1,-1,-1
33, 18883.jpg,10,172,344,55,108,-1,-1,-1,-1
33, 18883.jpg,11,300,393,76,104,-1,-1,-1,-1
34, 18884.jpg,1,566,299,36,113,-1,-1,-1,-1
34, 18884.jpg,2,940,384,64,98,-1,-1,-1,-1
34, 18884.jpg,3,713,389,82,108,-1,-1,-1,-1
34, 18884.jpg,4,451,354,49,99,-1,-1,-1,-1
34, 18884.jpg,5,389,283,43,104,-1,-1,-1,-1
34, 18884.jpg,6,353,342,39,78,-1,-1,-1,-1
34, 18884.jpg,8,889,329,37,68,-1,-1,-1,-1
34, 18884.jpg,9,347,446,82,99,-1,-1,-1,-1
34, 18884.jpg,10,169,344,56,108,-1,-1,-1,-1
34, 18884.jpg,11,296,393,75,103,-1,-1,-1,-1
35, 18885.jpg,1,564,300,38,117,-1,-1,-1,-1
35, 18885.jpg,2,930,392,64,98,-1,-1,-1,-1
35, 18885.jpg,3,719,387,80,110,-1,-1,-1,-1
35, 18885.jpg,4,450,354,49,98,-1,-1,-1,-1
35, 18885.jpg,5,388,283,42,105,-1,-1,-1,-1
35, 18885.jpg,6,348,338,43,84,-1,-1,-1,-1
35, 18885.jpg,7,962,355,40,85,-1,-1,-1,-1
35, 18885.jpg,8,888,332,37,66,-1,-1,-1,-1
35, 18885.jpg,9,344,446,83,99,-1,-1,-1,-1
35, 18885.jpg,10,167,345,55,108,-1,-1,-1,-1
35, 18885.jpg,11,295,394,76,102,-1,-1,-1,-1
36, 18886.jpg,1,564,299,37,115,-1,-1,-1,-1
36, 18886.jpg,2,924,393,65,100,-1,-1,-1,-1
36, 18886.jpg,3,727,387,75,109,-1,-1,-1,-1
36, 18886.jpg,4,449,355,49,97,-1,-1,-1,-1
36, 18886.jpg,5,386,284,41,104,-1,-1,-1,-1
36, 18886.jpg,6,344,335,44,87,-1,-1,-1,-1
36, 18886.jpg,7,959,355,40,85,-1,-1,-1,-1
36, 18886.jpg,8,887,336,36,62,-1,-1,-1,-1
36, 18886.jpg,9,347,445,84,101,-1,-1,-1,-1
36, 18886.jpg,10,165,346,55,107,-1,-1,-1,-1
36, 18886.jpg,11,291,393,76,102,-1,-1,-1,-1
37, 18887.jpg,1,561,300,38,116,-1,-1,-1,-1
37, 18887.jpg,2,921,393,65,100,-1,-1,-1,-1
37, 18887.jpg,3,731,387,73,110,-1,-1,-1,-1
37, 18887.jpg,4,448,354,50,98,-1,-1,-1,-1
37, 18887.jpg,5,383,283,41,104,-1,-1,-1,-1
37, 18887.jpg,6,340,333,44,87,-1,-1,-1,-1
37, 18887.jpg,7,957,355,40,85,-1,-1,-1,-1
37, 18887.jpg,8,890,341,33,56,-1,-1,-1,-1
37, 18887.jpg,9,347,443,84,103,-1,-1,-1,-1
37, 18887.jpg,10,161,346,56,109,-1,-1,-1,-1
37, 18887.jpg,11,290,394,77,102,-1,-1,-1,-1
38, 18888.jpg,1,560,298,37,117,-1,-1,-1,-1
38, 18888.jpg,2,923,380,67,104,-1,-1,-1,-1
38, 18888.jpg,3,735,389,70,108,-1,-1,-1,-1
38, 18888.jpg,4,447,353,50,100,-1,-1,-1,-1
38, 18888.jpg,5,382,286,40,100,-1,-1,-1,-1
38, 18888.jpg,6,334,331,44,87,-1,-1,-1,-1
38, 18888.jpg,7,956,356,39,84,-1,-1,-1,-1
38, 18888.jpg,8,887,344,34,56,-1,-1,-1,-1
38, 18888.jpg,9,341,445,84,101,-1,-1,-1,-1
38, 18888.jpg,10,157,346,56,108,-1,-1,-1,-1
38, 18888.jpg,11,286,395,77,103,-1,-1,-1,-1
39, 18889.jpg,1,557,306,36,112,-1,-1,-1,-1
39, 18889.jpg,2,910,387,67,103,-1,-1,-1,-1
39, 18889.jpg,3,740,391,69,108,-1,-1,-1,-1
39, 18889.jpg,4,446,354,50,99,-1,-1,-1,-1
39, 18889.jpg,5,380,288,41,98,-1,-1,-1,-1
39, 18889.jpg,6,328,328,44,90,-1,-1,-1,-1
39, 18889.jpg,7,951,351,43,92,-1,-1,-1,-1
39, 18889.jpg,8,886,347,35,58,-1,-1,-1,-1
39, 18889.jpg,9,335,443,85,102,-1,-1,-1,-1
39, 18889.jpg,10,154,347,55,108,-1,-1,-1,-1
39, 18889.jpg,11,283,396,78,103,-1,-1,-1,-1
40, 18890.jpg,1,554,305,38,116,-1,-1,-1,-1
40, 18890.jpg,2,902,388,68,105,-1,-1,-1,-1
40, 18890.jpg,3,745,393,69,108,-1,-1,-1,-1
40, 18890.jpg,4,446,353,50,101,-1,-1,-1,-1
40, 18890.jpg,5,379,292,40,95,-1,-1,-1,-1
40, 18890.jpg,6,323,325,46,94,-1,-1,-1,-1
40, 18890.jpg,7,948,349,44,93,-1,-1,-1,-1
40, 18890.jpg,8,883,350,36,59,-1,-1,-1,-1
40, 18890.jpg,9,332,442,85,104,-1,-1,-1,-1
40, 18890.jpg,10,149,348,55,108,-1,-1,-1,-1
40, 18890.jpg,11,284,397,78,102,-1,-1,-1,-1
