2, 25297.jpg,1,106,505,64,132,-1,-1,-1,-1
2, 25297.jpg,3,912,616,77,116,-1,-1,-1,-1
2, 25297.jpg,4,833,560,42,98,-1,-1,-1,-1
2, 25297.jpg,5,451,620,60,152,-1,-1,-1,-1
2, 25297.jpg,6,1297,593,86,143,-1,-1,-1,-1
2, 25297.jpg,7,1071,511,58,124,-1,-1,-1,-1
2, 25297.jpg,8,676,606,55,155,-1,-1,-1,-1
2, 25297.jpg,9,815,638,68,158,-1,-1,-1,-1
2, 25297.jpg,10,950,711,90,164,-1,-1,-1,-1
2, 25297.jpg,11,1163,722,93,110,-1,-1,-1,-1
3, 25298.jpg,1,109,506,62,129,-1,-1,-1,-1
3, 25298.jpg,3,918,615,78,118,-1,-1,-1,-1
3, 25298.jpg,4,837,570,51,121,-1,-1,-1,-1
3, 25298.jpg,5,448,622,59,150,-1,-1,-1,-1
3, 25298.jpg,6,1291,593,85,142,-1,-1,-1,-1
3, 25298.jpg,7,1067,509,62,130,-1,-1,-1,-1
3, 25298.jpg,8,674,609,54,151,-1,-1,-1,-1
3, 25298.jpg,9,817,636,69,159,-1,-1,-1,-1
3, 25298.jpg,10,958,714,87,159,-1,-1,-1,-1
3, 25298.jpg,11,1167,720,93,109,-1,-1,-1,-1
4, 25299.jpg,1,111,506,62,128,-1,-1,-1,-1
4, 25299.jpg,3,923,614,82,122,-1,-1,-1,-1
4, 25299.jpg,4,834,566,49,115,-1,-1,-1,-1
4, 25299.jpg,5,448,630,57,142,-1,-1,-1,-1
4, 25299.jpg,6,1286,592,85,147,-1,-1,-1,-1
4, 25299.jpg,7,1065,510,61,130,-1,-1,-1,-1
4, 25299.jpg,8,673,617,52,146,-1,-1,-1,-1
4, 25299.jpg,9,819,636,70,162,-1,-1,-1,-1
4, 25299.jpg,10,962,716,87,157,-1,-1,-1,-1
4, 25299.jpg,11,1173,719,92,109,-1,-1,-1,-1
4, 25299.jpg,13,473,569,43,116,-1,-1,-1,-1
5, 25300.jpg,1,114,506,60,126,-1,-1,-1,-1
5, 25300.jpg,3,924,611,86,128,-1,-1,-1,-1
5, 25300.jpg,4,839,575,52,123,-1,-1,-1,-1
5, 25300.jpg,5,455,605,62,152,-1,-1,-1,-1
5, 25300.jpg,6,1283,595,84,146,-1,-1,-1,-1
5, 25300.jpg,7,1058,509,64,134,-1,-1,-1,-1
5, 25300.jpg,8,668,624,51,140,-1,-1,-1,-1
5, 25300.jpg,9,821,634,71,164,-1,-1,-1,-1
5, 25300.jpg,10,967,718,86,154,-1,-1,-1,-1
5, 25300.jpg,11,1175,718,94,111,-1,-1,-1,-1
5, 25300.jpg,13,476,565,42,115,-1,-1,-1,-1
6, 25301.jpg,1,116,506,60,125,-1,-1,-1,-1
6, 25301.jpg,3,925,607,90,133,-1,-1,-1,-1
6, 25301.jpg,4,842,577,52,124,-1,-1,-1,-1
6, 25301.jpg,5,450,621,62,148,-1,-1,-1,-1
6, 25301.jpg,6,1282,595,82,147,-1,-1,-1,-1
6, 25301.jpg,7,1054,509,65,139,-1,-1,-1,-1
6, 25301.jpg,8,665,631,49,136,-1,-1,-1,-1
6, 25301.jpg,9,824,640,68,157,-1,-1,-1,-1
6, 25301.jpg,10,970,722,85,150,-1,-1,-1,-1
6, 25301.jpg,11,1172,715,98,116,-1,-1,-1,-1
6, 25301.jpg,13,477,559,50,136,-1,-1,-1,-1
7, 25302.jpg,1,119,507,59,124,-1,-1,-1,-1
7, 25302.jpg,3,929,604,93,138,-1,-1,-1,-1
7, 25302.jpg,4,842,569,51,120,-1,-1,-1,-1
7, 25302.jpg,5,447,617,66,154,-1,-1,-1,-1
7, 25302.jpg,6,1279,595,82,148,-1,-1,-1,-1
7, 25302.jpg,7,1053,514,63,135,-1,-1,-1,-1
7, 25302.jpg,8,661,638,50,134,-1,-1,-1,-1
7, 25302.jpg,9,825,634,70,163,-1,-1,-1,-1
7, 25302.jpg,10,974,719,90,158,-1,-1,-1,-1
7, 25302.jpg,11,1173,711,100,121,-1,-1,-1,-1
7, 25302.jpg,13,480,555,53,141,-1,-1,-1,-1
8, 25303.jpg,1,122,507,60,124,-1,-1,-1,-1
8, 25303.jpg,3,924,600,96,141,-1,-1,-1,-1
8, 25303.jpg,4,841,569,43,101,-1,-1,-1,-1
8, 25303.jpg,5,438,618,66,155,-1,-1,-1,-1
8, 25303.jpg,6,1279,597,78,145,-1,-1,-1,-1
8, 25303.jpg,7,1051,519,61,131,-1,-1,-1,-1
8, 25303.jpg,8,661,639,52,136,-1,-1,-1,-1
8, 25303.jpg,9,826,638,69,159,-1,-1,-1,-1
8, 25303.jpg,10,977,713,94,169,-1,-1,-1,-1
8, 25303.jpg,11,1176,709,101,124,-1,-1,-1,-1
8, 25303.jpg,13,485,554,52,140,-1,-1,-1,-1
9, 25304.jpg,1,124,508,60,123,-1,-1,-1,-1
9, 25304.jpg,3,922,597,99,145,-1,-1,-1,-1
9, 25304.jpg,4,843,571,46,110,-1,-1,-1,-1
9, 25304.jpg,5,431,616,67,159,-1,-1,-1,-1
9, 25304.jpg,6,1276,599,77,145,-1,-1,-1,-1
9, 25304.jpg,7,1050,526,57,123,-1,-1,-1,-1
9, 25304.jpg,8,660,641,54,135,-1,-1,-1,-1
9, 25304.jpg,9,828,634,73,168,-1,-1,-1,-1
9, 25304.jpg,10,979,709,92,168,-1,-1,-1,-1
9, 25304.jpg,11,1182,707,100,126,-1,-1,-1,-1
9, 25304.jpg,13,492,553,53,144,-1,-1,-1,-1
10, 25305.jpg,1,125,503,63,131,-1,-1,-1,-1
10, 25305.jpg,3,920,594,100,148,-1,-1,-1,-1
10, 25305.jpg,4,844,575,45,109,-1,-1,-1,-1
10, 25305.jpg,5,428,614,66,159,-1,-1,-1,-1
10, 25305.jpg,6,1273,598,76,147,-1,-1,-1,-1
10, 25305.jpg,7,1048,528,57,120,-1,-1,-1,-1
10, 25305.jpg,8,658,643,56,137,-1,-1,-1,-1
10, 25305.jpg,9,830,628,73,171,-1,-1,-1,-1
10, 25305.jpg,10,983,707,90,167,-1,-1,-1,-1
10, 25305.jpg,11,1187,705,99,127,-1,-1,-1,-1
10, 25305.jpg,13,497,554,52,139,-1,-1,-1,-1
11, 25306.jpg,1,126,503,63,131,-1,-1,-1,-1
11, 25306.jpg,3,921,594,102,150,-1,-1,-1,-1
11, 25306.jpg,4,845,576,45,106,-1,-1,-1,-1
11, 25306.jpg,5,426,611,65,158,-1,-1,-1,-1
11, 25306.jpg,6,1270,598,74,147,-1,-1,-1,-1
11, 25306.jpg,7,1041,529,60,122,-1,-1,-1,-1
11, 25306.jpg,8,659,644,58,137,-1,-1,-1,-1
11, 25306.jpg,9,833,627,71,169,-1,-1,-1,-1
11, 25306.jpg,10,987,706,89,165,-1,-1,-1,-1
11, 25306.jpg,11,1188,701,101,132,-1,-1,-1,-1
11, 25306.jpg,13,501,553,51,139,-1,-1,-1,-1
12, 25307.jpg,1,128,504,63,131,-1,-1,-1,-1
12, 25307.jpg,3,919,594,103,152,-1,-1,-1,-1
12, 25307.jpg,4,847,585,49,111,-1,-1,-1,-1
12, 25307.jpg,5,423,611,64,156,-1,-1,-1,-1
12, 25307.jpg,6,1268,598,74,148,-1,-1,-1,-1
12, 25307.jpg,7,1035,530,63,123,-1,-1,-1,-1
12, 25307.jpg,8,661,644,61,138,-1,-1,-1,-1
12, 25307.jpg,9,834,630,71,166,-1,-1,-1,-1
12, 25307.jpg,10,990,703,89,168,-1,-1,-1,-1
12, 25307.jpg,11,1189,697,101,137,-1,-1,-1,-1
12, 25307.jpg,13,503,553,52,140,-1,-1,-1,-1
13, 25308.jpg,3,921,595,101,151,-1,-1,-1,-1
13, 25308.jpg,4,849,588,49,112,-1,-1,-1,-1
13, 25308.jpg,5,417,612,64,157,-1,-1,-1,-1
13, 25308.jpg,6,1264,597,74,150,-1,-1,-1,-1
13, 25308.jpg,7,1028,531,66,124,-1,-1,-1,-1
13, 25308.jpg,8,662,644,64,139,-1,-1,-1,-1
13, 25308.jpg,9,836,629,72,167,-1,-1,-1,-1
13, 25308.jpg,10,993,706,85,162,-1,-1,-1,-1
13, 25308.jpg,11,1188,691,103,143,-1,-1,-1,-1
13, 25308.jpg,13,505,555,51,137,-1,-1,-1,-1
14, 25309.jpg,3,922,596,99,150,-1,-1,-1,-1
14, 25309.jpg,4,846,583,47,106,-1,-1,-1,-1
14, 25309.jpg,5,413,615,63,154,-1,-1,-1,-1
14, 25309.jpg,6,1260,595,75,152,-1,-1,-1,-1
14, 25309.jpg,7,1023,532,69,124,-1,-1,-1,-1
14, 25309.jpg,8,664,641,68,143,-1,-1,-1,-1
14, 25309.jpg,9,838,627,70,165,-1,-1,-1,-1
14, 25309.jpg,10,997,708,82,156,-1,-1,-1,-1
14, 25309.jpg,11,1189,686,102,146,-1,-1,-1,-1
14, 25309.jpg,13,506,555,52,139,-1,-1,-1,-1
15, 25310.jpg,3,922,593,97,152,-1,-1,-1,-1
15, 25310.jpg,4,837,598,50,113,-1,-1,-1,-1
15, 25310.jpg,5,413,618,63,153,-1,-1,-1,-1
15, 25310.jpg,6,1256,594,76,154,-1,-1,-1,-1
15, 25310.jpg,7,1019,531,71,124,-1,-1,-1,-1
15, 25310.jpg,8,667,641,69,140,-1,-1,-1,-1
15, 25310.jpg,9,839,626,68,159,-1,-1,-1,-1
15, 25310.jpg,10,999,708,80,153,-1,-1,-1,-1
15, 25310.jpg,11,1190,682,101,148,-1,-1,-1,-1
15, 25310.jpg,13,508,555,51,137,-1,-1,-1,-1
16, 25311.jpg,3,923,592,93,152,-1,-1,-1,-1
16, 25311.jpg,4,832,588,48,101,-1,-1,-1,-1
16, 25311.jpg,5,415,619,63,152,-1,-1,-1,-1
16, 25311.jpg,6,1253,594,75,153,-1,-1,-1,-1
16, 25311.jpg,7,1014,532,74,124,-1,-1,-1,-1
16, 25311.jpg,8,667,637,73,146,-1,-1,-1,-1
16, 25311.jpg,9,837,637,66,153,-1,-1,-1,-1
16, 25311.jpg,10,1000,705,80,155,-1,-1,-1,-1
16, 25311.jpg,11,1191,678,97,146,-1,-1,-1,-1
16, 25311.jpg,13,510,555,51,137,-1,-1,-1,-1
17, 25312.jpg,3,925,591,89,152,-1,-1,-1,-1
17, 25312.jpg,4,842,579,47,99,-1,-1,-1,-1
17, 25312.jpg,5,414,621,63,151,-1,-1,-1,-1
17, 25312.jpg,6,1249,592,77,155,-1,-1,-1,-1
17, 25312.jpg,7,1010,530,75,125,-1,-1,-1,-1
17, 25312.jpg,8,670,636,75,148,-1,-1,-1,-1
17, 25312.jpg,9,839,645,67,154,-1,-1,-1,-1
17, 25312.jpg,10,1000,703,80,155,-1,-1,-1,-1
17, 25312.jpg,11,1192,677,93,141,-1,-1,-1,-1
17, 25312.jpg,13,512,556,51,136,-1,-1,-1,-1
18, 25313.jpg,3,925,584,88,155,-1,-1,-1,-1
18, 25313.jpg,4,842,579,47,99,-1,-1,-1,-1
18, 25313.jpg,5,414,620,63,153,-1,-1,-1,-1
18, 25313.jpg,6,1248,591,79,156,-1,-1,-1,-1
18, 25313.jpg,7,1005,529,76,126,-1,-1,-1,-1
18, 25313.jpg,8,677,633,74,147,-1,-1,-1,-1
18, 25313.jpg,9,840,646,67,154,-1,-1,-1,-1
18, 25313.jpg,10,1000,701,81,155,-1,-1,-1,-1
18, 25313.jpg,11,1188,675,92,141,-1,-1,-1,-1
18, 25313.jpg,13,514,556,50,135,-1,-1,-1,-1
19, 25314.jpg,3,927,577,86,156,-1,-1,-1,-1
19, 25314.jpg,4,830,580,50,100,-1,-1,-1,-1
19, 25314.jpg,5,414,620,64,152,-1,-1,-1,-1
19, 25314.jpg,6,1245,590,79,155,-1,-1,-1,-1
19, 25314.jpg,7,1001,527,77,128,-1,-1,-1,-1
19, 25314.jpg,8,683,633,72,146,-1,-1,-1,-1
19, 25314.jpg,10,1000,698,83,158,-1,-1,-1,-1
19, 25314.jpg,11,1184,675,90,140,-1,-1,-1,-1
19, 25314.jpg,13,517,557,50,133,-1,-1,-1,-1
19, 25314.jpg,14,835,613,63,128,-1,-1,-1,-1
20, 25315.jpg,3,931,572,81,151,-1,-1,-1,-1
20, 25315.jpg,4,829,580,51,101,-1,-1,-1,-1
20, 25315.jpg,5,414,618,64,153,-1,-1,-1,-1
20, 25315.jpg,6,1242,590,80,156,-1,-1,-1,-1
20, 25315.jpg,7,996,521,79,135,-1,-1,-1,-1
20, 25315.jpg,8,692,634,70,143,-1,-1,-1,-1
20, 25315.jpg,9,839,646,66,144,-1,-1,-1,-1
20, 25315.jpg,10,1002,696,83,161,-1,-1,-1,-1
20, 25315.jpg,11,1183,675,88,140,-1,-1,-1,-1
20, 25315.jpg,13,520,558,48,130,-1,-1,-1,-1
20, 25315.jpg,14,839,609,60,122,-1,-1,-1,-1
21, 25316.jpg,3,934,566,78,149,-1,-1,-1,-1
21, 25316.jpg,5,414,616,64,153,-1,-1,-1,-1
21, 25316.jpg,6,1237,589,81,158,-1,-1,-1,-1
21, 25316.jpg,7,995,518,77,134,-1,-1,-1,-1
21, 25316.jpg,8,698,638,68,142,-1,-1,-1,-1
21, 25316.jpg,9,840,647,66,143,-1,-1,-1,-1
21, 25316.jpg,10,1002,691,86,167,-1,-1,-1,-1
21, 25316.jpg,11,1180,675,87,141,-1,-1,-1,-1
21, 25316.jpg,13,523,559,47,128,-1,-1,-1,-1
21, 25316.jpg,14,840,613,61,122,-1,-1,-1,-1
22, 25317.jpg,3,936,554,79,156,-1,-1,-1,-1
22, 25317.jpg,5,414,614,63,154,-1,-1,-1,-1
22, 25317.jpg,6,1234,588,79,157,-1,-1,-1,-1
22, 25317.jpg,7,976,525,81,143,-1,-1,-1,-1
22, 25317.jpg,8,702,637,68,145,-1,-1,-1,-1
22, 25317.jpg,9,837,646,71,147,-1,-1,-1,-1
22, 25317.jpg,10,1005,686,85,169,-1,-1,-1,-1
22, 25317.jpg,11,1178,673,85,143,-1,-1,-1,-1
22, 25317.jpg,13,524,560,47,125,-1,-1,-1,-1
22, 25317.jpg,14,841,610,61,120,-1,-1,-1,-1
23, 25318.jpg,3,937,550,79,157,-1,-1,-1,-1
23, 25318.jpg,5,418,612,63,154,-1,-1,-1,-1
23, 25318.jpg,6,1232,587,78,153,-1,-1,-1,-1
23, 25318.jpg,7,962,534,84,151,-1,-1,-1,-1
23, 25318.jpg,8,706,636,68,147,-1,-1,-1,-1
23, 25318.jpg,9,835,642,73,145,-1,-1,-1,-1
23, 25318.jpg,10,1005,682,85,172,-1,-1,-1,-1
23, 25318.jpg,11,1176,669,86,148,-1,-1,-1,-1
23, 25318.jpg,13,525,558,47,126,-1,-1,-1,-1
23, 25318.jpg,14,842,610,61,117,-1,-1,-1,-1
24, 25319.jpg,5,420,610,63,153,-1,-1,-1,-1
24, 25319.jpg,6,1231,586,76,151,-1,-1,-1,-1
24, 25319.jpg,7,960,531,83,150,-1,-1,-1,-1
24, 25319.jpg,8,710,634,68,150,-1,-1,-1,-1
24, 25319.jpg,9,834,646,77,147,-1,-1,-1,-1
24, 25319.jpg,10,1009,677,82,169,-1,-1,-1,-1
24, 25319.jpg,11,1175,665,85,152,-1,-1,-1,-1
24, 25319.jpg,13,525,559,46,125,-1,-1,-1,-1
24, 25319.jpg,14,846,596,60,115,-1,-1,-1,-1
25, 25320.jpg,3,933,533,69,143,-1,-1,-1,-1
25, 25320.jpg,5,422,609,62,153,-1,-1,-1,-1
25, 25320.jpg,6,1229,585,75,151,-1,-1,-1,-1
25, 25320.jpg,7,958,545,73,138,-1,-1,-1,-1
25, 25320.jpg,8,713,635,68,150,-1,-1,-1,-1
25, 25320.jpg,9,830,633,83,156,-1,-1,-1,-1
25, 25320.jpg,10,1012,673,80,166,-1,-1,-1,-1
25, 25320.jpg,11,1173,663,85,152,-1,-1,-1,-1
25, 25320.jpg,13,526,560,45,123,-1,-1,-1,-1
25, 25320.jpg,14,843,581,71,135,-1,-1,-1,-1
26, 25321.jpg,3,933,528,69,142,-1,-1,-1,-1
26, 25321.jpg,5,424,608,61,153,-1,-1,-1,-1
26, 25321.jpg,6,1227,584,73,150,-1,-1,-1,-1
26, 25321.jpg,7,955,538,79,148,-1,-1,-1,-1
26, 25321.jpg,8,718,637,66,147,-1,-1,-1,-1
26, 25321.jpg,9,828,639,84,155,-1,-1,-1,-1
26, 25321.jpg,10,1016,673,76,161,-1,-1,-1,-1
26, 25321.jpg,11,1172,660,82,153,-1,-1,-1,-1
26, 25321.jpg,13,526,562,46,122,-1,-1,-1,-1
26, 25321.jpg,14,843,575,72,139,-1,-1,-1,-1
27, 25322.jpg,5,425,609,61,151,-1,-1,-1,-1
27, 25322.jpg,6,1225,581,72,153,-1,-1,-1,-1
27, 25322.jpg,7,940,543,75,142,-1,-1,-1,-1
27, 25322.jpg,8,722,640,65,143,-1,-1,-1,-1
27, 25322.jpg,9,825,625,89,160,-1,-1,-1,-1
27, 25322.jpg,10,1017,670,75,159,-1,-1,-1,-1
27, 25322.jpg,11,1168,655,80,151,-1,-1,-1,-1
27, 25322.jpg,13,527,562,45,122,-1,-1,-1,-1
27, 25322.jpg,14,847,573,76,146,-1,-1,-1,-1
27, 25322.jpg,16,997,531,47,121,-1,-1,-1,-1
28, 25323.jpg,1,148,506,62,129,-1,-1,-1,-1
28, 25323.jpg,5,429,610,58,147,-1,-1,-1,-1
28, 25323.jpg,6,1224,581,70,151,-1,-1,-1,-1
28, 25323.jpg,7,949,545,71,135,-1,-1,-1,-1
28, 25323.jpg,8,726,644,63,138,-1,-1,-1,-1
28, 25323.jpg,9,820,645,87,151,-1,-1,-1,-1
28, 25323.jpg,10,1018,667,74,159,-1,-1,-1,-1
28, 25323.jpg,11,1165,651,76,148,-1,-1,-1,-1
28, 25323.jpg,13,529,565,44,118,-1,-1,-1,-1
28, 25323.jpg,14,844,571,80,151,-1,-1,-1,-1
28, 25323.jpg,16,997,534,46,119,-1,-1,-1,-1
29, 25324.jpg,1,148,507,62,127,-1,-1,-1,-1
29, 25324.jpg,5,432,613,56,140,-1,-1,-1,-1
29, 25324.jpg,6,1224,580,68,151,-1,-1,-1,-1
29, 25324.jpg,7,938,547,69,137,-1,-1,-1,-1
29, 25324.jpg,8,729,648,64,135,-1,-1,-1,-1
29, 25324.jpg,9,808,653,85,146,-1,-1,-1,-1
29, 25324.jpg,10,1019,664,74,159,-1,-1,-1,-1
29, 25324.jpg,11,1164,649,71,142,-1,-1,-1,-1
29, 25324.jpg,13,532,568,43,116,-1,-1,-1,-1
29, 25324.jpg,14,849,575,81,149,-1,-1,-1,-1
29, 25324.jpg,16,996,530,47,122,-1,-1,-1,-1
30, 25325.jpg,1,149,508,61,126,-1,-1,-1,-1
30, 25325.jpg,3,963,545,68,132,-1,-1,-1,-1
30, 25325.jpg,4,819,571,59,112,-1,-1,-1,-1
30, 25325.jpg,5,438,617,52,132,-1,-1,-1,-1
30, 25325.jpg,6,1225,579,66,152,-1,-1,-1,-1
30, 25325.jpg,7,932,549,70,137,-1,-1,-1,-1
30, 25325.jpg,8,730,648,65,135,-1,-1,-1,-1
30, 25325.jpg,9,818,626,86,144,-1,-1,-1,-1
30, 25325.jpg,10,1021,662,71,159,-1,-1,-1,-1
30, 25325.jpg,11,1162,645,70,141,-1,-1,-1,-1
30, 25325.jpg,13,532,570,45,122,-1,-1,-1,-1
30, 25325.jpg,14,851,571,82,153,-1,-1,-1,-1
30, 25325.jpg,16,995,531,47,121,-1,-1,-1,-1
31, 25326.jpg,1,150,508,60,127,-1,-1,-1,-1
31, 25326.jpg,3,965,546,71,131,-1,-1,-1,-1
31, 25326.jpg,4,818,571,59,112,-1,-1,-1,-1
31, 25326.jpg,5,440,622,50,125,-1,-1,-1,-1
31, 25326.jpg,6,1223,579,66,153,-1,-1,-1,-1
31, 25326.jpg,7,931,552,68,136,-1,-1,-1,-1
31, 25326.jpg,8,731,648,65,133,-1,-1,-1,-1
31, 25326.jpg,9,820,620,87,142,-1,-1,-1,-1
31, 25326.jpg,10,1022,659,70,158,-1,-1,-1,-1
31, 25326.jpg,11,1161,644,68,139,-1,-1,-1,-1
31, 25326.jpg,13,532,573,47,122,-1,-1,-1,-1
31, 25326.jpg,14,853,580,78,145,-1,-1,-1,-1
31, 25326.jpg,16,1001,537,50,128,-1,-1,-1,-1
32, 25327.jpg,1,151,509,60,126,-1,-1,-1,-1
32, 25327.jpg,3,965,545,72,134,-1,-1,-1,-1
32, 25327.jpg,4,819,569,56,101,-1,-1,-1,-1
32, 25327.jpg,5,442,628,50,122,-1,-1,-1,-1
32, 25327.jpg,6,1224,580,63,151,-1,-1,-1,-1
32, 25327.jpg,7,906,570,71,138,-1,-1,-1,-1
32, 25327.jpg,8,748,649,72,139,-1,-1,-1,-1
32, 25327.jpg,9,824,616,87,140,-1,-1,-1,-1
32, 25327.jpg,10,1023,655,69,159,-1,-1,-1,-1
32, 25327.jpg,11,1158,645,66,135,-1,-1,-1,-1
32, 25327.jpg,13,534,577,46,119,-1,-1,-1,-1
32, 25327.jpg,14,855,578,79,146,-1,-1,-1,-1
32, 25327.jpg,16,991,527,48,121,-1,-1,-1,-1
33, 25328.jpg,3,960,543,77,141,-1,-1,-1,-1
33, 25328.jpg,4,811,569,57,99,-1,-1,-1,-1
33, 25328.jpg,5,446,634,50,118,-1,-1,-1,-1
33, 25328.jpg,6,1224,580,63,151,-1,-1,-1,-1
33, 25328.jpg,7,898,574,72,138,-1,-1,-1,-1
33, 25328.jpg,8,755,651,74,138,-1,-1,-1,-1
33, 25328.jpg,9,802,606,91,149,-1,-1,-1,-1
33, 25328.jpg,10,1023,653,67,158,-1,-1,-1,-1
33, 25328.jpg,11,1154,645,66,132,-1,-1,-1,-1
33, 25328.jpg,13,533,580,46,116,-1,-1,-1,-1
33, 25328.jpg,14,845,583,79,140,-1,-1,-1,-1
33, 25328.jpg,16,991,527,46,120,-1,-1,-1,-1
34, 25329.jpg,3,962,542,77,141,-1,-1,-1,-1
34, 25329.jpg,4,810,568,56,99,-1,-1,-1,-1
34, 25329.jpg,5,446,641,50,112,-1,-1,-1,-1
34, 25329.jpg,6,1224,580,62,152,-1,-1,-1,-1
34, 25329.jpg,7,921,574,64,127,-1,-1,-1,-1
34, 25329.jpg,8,766,653,75,138,-1,-1,-1,-1
34, 25329.jpg,9,800,602,91,149,-1,-1,-1,-1
34, 25329.jpg,10,1023,654,66,156,-1,-1,-1,-1
34, 25329.jpg,11,1149,646,65,133,-1,-1,-1,-1
34, 25329.jpg,13,533,583,45,116,-1,-1,-1,-1
34, 25329.jpg,14,841,579,85,143,-1,-1,-1,-1
34, 25329.jpg,16,1009,537,49,123,-1,-1,-1,-1
35, 25330.jpg,1,154,516,58,121,-1,-1,-1,-1
35, 25330.jpg,5,446,645,50,109,-1,-1,-1,-1
35, 25330.jpg,6,1224,581,61,152,-1,-1,-1,-1
35, 25330.jpg,7,926,577,63,123,-1,-1,-1,-1
35, 25330.jpg,8,772,654,75,137,-1,-1,-1,-1
35, 25330.jpg,10,1023,655,64,153,-1,-1,-1,-1
35, 25330.jpg,11,1149,647,62,128,-1,-1,-1,-1
35, 25330.jpg,13,532,582,47,118,-1,-1,-1,-1
35, 25330.jpg,14,838,576,91,148,-1,-1,-1,-1
35, 25330.jpg,16,1005,534,53,130,-1,-1,-1,-1
36, 25331.jpg,1,155,517,58,121,-1,-1,-1,-1
36, 25331.jpg,5,448,651,50,102,-1,-1,-1,-1
36, 25331.jpg,6,1225,580,60,153,-1,-1,-1,-1
36, 25331.jpg,7,927,576,62,125,-1,-1,-1,-1
36, 25331.jpg,8,754,652,81,147,-1,-1,-1,-1
36, 25331.jpg,10,1023,657,62,149,-1,-1,-1,-1
36, 25331.jpg,11,1148,648,60,125,-1,-1,-1,-1
36, 25331.jpg,13,535,582,46,116,-1,-1,-1,-1
36, 25331.jpg,14,826,575,90,142,-1,-1,-1,-1
36, 25331.jpg,16,1022,539,54,129,-1,-1,-1,-1
37, 25332.jpg,5,450,654,50,98,-1,-1,-1,-1
37, 25332.jpg,6,1226,581,59,152,-1,-1,-1,-1
37, 25332.jpg,7,927,576,62,126,-1,-1,-1,-1
37, 25332.jpg,8,754,654,81,143,-1,-1,-1,-1
37, 25332.jpg,10,1024,656,61,146,-1,-1,-1,-1
37, 25332.jpg,11,1147,650,60,122,-1,-1,-1,-1
37, 25332.jpg,13,537,581,46,116,-1,-1,-1,-1
37, 25332.jpg,14,819,574,91,137,-1,-1,-1,-1
37, 25332.jpg,16,1034,540,56,132,-1,-1,-1,-1
38, 25333.jpg,5,452,656,53,96,-1,-1,-1,-1
38, 25333.jpg,6,1227,581,60,152,-1,-1,-1,-1
38, 25333.jpg,7,927,574,62,128,-1,-1,-1,-1
38, 25333.jpg,8,752,654,86,146,-1,-1,-1,-1
38, 25333.jpg,10,1023,655,61,145,-1,-1,-1,-1
38, 25333.jpg,11,1148,651,58,118,-1,-1,-1,-1
38, 25333.jpg,13,541,579,49,120,-1,-1,-1,-1
38, 25333.jpg,14,812,574,88,133,-1,-1,-1,-1
38, 25333.jpg,16,1042,538,57,136,-1,-1,-1,-1
38, 25333.jpg,19,984,524,50,131,-1,-1,-1,-1
39, 25334.jpg,5,453,656,56,95,-1,-1,-1,-1
39, 25334.jpg,6,1229,581,58,151,-1,-1,-1,-1
39, 25334.jpg,7,928,570,61,131,-1,-1,-1,-1
39, 25334.jpg,8,748,652,88,147,-1,-1,-1,-1
39, 25334.jpg,10,1024,656,59,143,-1,-1,-1,-1
39, 25334.jpg,11,1149,651,58,118,-1,-1,-1,-1
39, 25334.jpg,13,544,577,50,121,-1,-1,-1,-1
39, 25334.jpg,14,802,570,89,135,-1,-1,-1,-1
39, 25334.jpg,16,1051,539,56,133,-1,-1,-1,-1
39, 25334.jpg,19,984,526,50,129,-1,-1,-1,-1
40, 25335.jpg,5,452,657,58,93,-1,-1,-1,-1
40, 25335.jpg,6,1230,581,59,152,-1,-1,-1,-1
40, 25335.jpg,7,930,566,62,137,-1,-1,-1,-1
40, 25335.jpg,8,746,653,89,145,-1,-1,-1,-1
40, 25335.jpg,10,1023,656,59,142,-1,-1,-1,-1
40, 25335.jpg,11,1151,650,57,119,-1,-1,-1,-1
40, 25335.jpg,13,545,575,50,122,-1,-1,-1,-1
40, 25335.jpg,14,796,571,83,128,-1,-1,-1,-1
40, 25335.jpg,16,1058,536,58,138,-1,-1,-1,-1
40, 25335.jpg,19,970,539,53,135,-1,-1,-1,-1
