2, 18872.jpg,1,979,333,42,99,-1,-1,-1,-1
2, 18872.jpg,3,346,416,67,98,-1,-1,-1,-1
2, 18872.jpg,4,585,275,27,118,-1,-1,-1,-1
2, 18872.jpg,5,397,254,45,113,-1,-1,-1,-1
2, 18872.jpg,6,208,341,48,110,-1,-1,-1,-1
2, 18872.jpg,7,687,388,70,104,-1,-1,-1,-1
2, 18872.jpg,8,344,324,53,94,-1,-1,-1,-1
2, 18872.jpg,9,894,297,44,91,-1,-1,-1,-1
2, 18872.jpg,10,474,334,49,112,-1,-1,-1,-1
2, 18872.jpg,11,933,405,41,97,-1,-1,-1,-1
3, 18873.jpg,1,978,333,41,99,-1,-1,-1,-1
3, 18873.jpg,3,353,428,66,98,-1,-1,-1,-1
3, 18873.jpg,4,585,277,27,115,-1,-1,-1,-1
3, 18873.jpg,5,396,258,46,114,-1,-1,-1,-1
3, 18873.jpg,6,205,341,47,110,-1,-1,-1,-1
3, 18873.jpg,7,691,389,69,105,-1,-1,-1,-1
3, 18873.jpg,8,345,323,54,95,-1,-1,-1,-1
3, 18873.jpg,9,893,297,45,92,-1,-1,-1,-1
3, 18873.jpg,10,470,335,49,109,-1,-1,-1,-1
3, 18873.jpg,11,934,405,41,95,-1,-1,-1,-1
4, 18874.jpg,1,977,334,41,96,-1,-1,-1,-1
4, 18874.jpg,3,353,431,68,99,-1,-1,-1,-1
4, 18874.jpg,4,584,279,27,113,-1,-1,-1,-1
4, 18874.jpg,5,396,261,46,117,-1,-1,-1,-1
4, 18874.jpg,6,203,342,46,108,-1,-1,-1,-1
4, 18874.jpg,7,694,390,71,106,-1,-1,-1,-1
4, 18874.jpg,8,346,322,54,98,-1,-1,-1,-1
4, 18874.jpg,9,893,298,45,92,-1,-1,-1,-1
4, 18874.jpg,10,468,337,48,107,-1,-1,-1,-1
4, 18874.jpg,11,935,406,41,93,-1,-1,-1,-1
5, 18875.jpg,1,976,334,41,98,-1,-1,-1,-1
5, 18875.jpg,3,365,445,69,98,-1,-1,-1,-1
5, 18875.jpg,4,583,282,27,111,-1,-1,-1,-1
5, 18875.jpg,5,396,267,47,118,-1,-1,-1,-1
5, 18875.jpg,6,200,343,47,106,-1,-1,-1,-1
5, 18875.jpg,7,699,391,70,104,-1,-1,-1,-1
5, 18875.jpg,8,347,322,56,100,-1,-1,-1,-1
5, 18875.jpg,9,894,300,45,93,-1,-1,-1,-1
5, 18875.jpg,10,465,339,48,108,-1,-1,-1,-1
5, 18875.jpg,11,937,407,41,91,-1,-1,-1,-1
6, 18876.jpg,1,974,334,43,102,-1,-1,-1,-1
6, 18876.jpg,3,354,437,71,101,-1,-1,-1,-1
6, 18876.jpg,4,582,284,27,109,-1,-1,-1,-1
6, 18876.jpg,5,397,274,45,115,-1,-1,-1,-1
6, 18876.jpg,6,197,344,46,105,-1,-1,-1,-1
6, 18876.jpg,7,705,394,68,100,-1,-1,-1,-1
6, 18876.jpg,8,349,322,55,101,-1,-1,-1,-1
6, 18876.jpg,9,893,303,46,94,-1,-1,-1,-1
6, 18876.jpg,10,463,342,48,108,-1,-1,-1,-1
6, 18876.jpg,11,939,408,42,89,-1,-1,-1,-1
7, 18877.jpg,1,973,336,43,103,-1,-1,-1,-1
7, 18877.jpg,3,362,446,72,99,-1,-1,-1,-1
7, 18877.jpg,4,582,285,27,110,-1,-1,-1,-1
7, 18877.jpg,5,398,281,46,115,-1,-1,-1,-1
7, 18877.jpg,6,193,343,49,108,-1,-1,-1,-1
7, 18877.jpg,7,706,394,69,99,-1,-1,-1,-1
7, 18877.jpg,8,351,325,53,97,-1,-1,-1,-1
7, 18877.jpg,9,894,306,45,93,-1,-1,-1,-1
7, 18877.jpg,10,461,344,49,108,-1,-1,-1,-1
7, 18877.jpg,11,940,408,43,89,-1,-1,-1,-1
7, 18877.jpg,12,315,400,71,95,-1,-1,-1,-1
8, 18878.jpg,1,973,340,41,99,-1,-1,-1,-1
8, 18878.jpg,3,364,449,72,99,-1,-1,-1,-1
8, 18878.jpg,4,581,286,29,114,-1,-1,-1,-1
8, 18878.jpg,5,399,289,43,108,-1,-1,-1,-1
8, 18878.jpg,6,190,342,49,110,-1,-1,-1,-1
8, 18878.jpg,7,708,393,70,98,-1,-1,-1,-1
8, 18878.jpg,8,353,328,51,95,-1,-1,-1,-1
8, 18878.jpg,9,893,309,44,91,-1,-1,-1,-1
8, 18878.jpg,10,460,347,49,106,-1,-1,-1,-1
8, 18878.jpg,11,940,408,46,90,-1,-1,-1,-1
8, 18878.jpg,12,312,399,71,95,-1,-1,-1,-1
9, 18879.jpg,1,970,343,41,97,-1,-1,-1,-1
9, 18879.jpg,3,360,447,75,101,-1,-1,-1,-1
9, 18879.jpg,4,580,290,29,110,-1,-1,-1,-1
9, 18879.jpg,5,399,293,42,103,-1,-1,-1,-1
9, 18879.jpg,6,187,342,50,109,-1,-1,-1,-1
9, 18879.jpg,7,708,393,73,100,-1,-1,-1,-1
9, 18879.jpg,8,354,331,50,94,-1,-1,-1,-1
9, 18879.jpg,9,894,314,41,86,-1,-1,-1,-1
9, 18879.jpg,10,460,350,48,104,-1,-1,-1,-1
9, 18879.jpg,11,942,409,47,89,-1,-1,-1,-1
9, 18879.jpg,12,309,398,72,96,-1,-1,-1,-1
10, 18880.jpg,1,970,348,40,94,-1,-1,-1,-1
10, 18880.jpg,3,361,447,75,102,-1,-1,-1,-1
10, 18880.jpg,4,577,292,30,111,-1,-1,-1,-1
10, 18880.jpg,5,398,293,41,103,-1,-1,-1,-1
10, 18880.jpg,6,183,342,51,109,-1,-1,-1,-1
10, 18880.jpg,7,708,395,75,100,-1,-1,-1,-1
10, 18880.jpg,8,357,336,46,89,-1,-1,-1,-1
10, 18880.jpg,9,894,318,39,81,-1,-1,-1,-1
10, 18880.jpg,10,459,352,48,102,-1,-1,-1,-1
10, 18880.jpg,11,939,409,49,90,-1,-1,-1,-1
10, 18880.jpg,12,307,395,74,99,-1,-1,-1,-1
11, 18881.jpg,1,968,350,40,93,-1,-1,-1,-1
11, 18881.jpg,3,357,447,77,103,-1,-1,-1,-1
11, 18881.jpg,4,573,293,32,118,-1,-1,-1,-1
11, 18881.jpg,5,395,290,41,104,-1,-1,-1,-1
11, 18881.jpg,6,180,344,51,107,-1,-1,-1,-1
11, 18881.jpg,7,708,393,78,103,-1,-1,-1,-1
11, 18881.jpg,8,357,341,43,81,-1,-1,-1,-1
11, 18881.jpg,9,892,321,38,79,-1,-1,-1,-1
11, 18881.jpg,10,457,353,46,100,-1,-1,-1,-1
11, 18881.jpg,11,940,409,49,87,-1,-1,-1,-1
11, 18881.jpg,12,304,395,76,99,-1,-1,-1,-1
12, 18882.jpg,1,966,352,40,89,-1,-1,-1,-1
12, 18882.jpg,3,356,448,76,100,-1,-1,-1,-1
12, 18882.jpg,4,571,297,32,115,-1,-1,-1,-1
12, 18882.jpg,5,394,288,39,102,-1,-1,-1,-1
12, 18882.jpg,6,177,344,52,108,-1,-1,-1,-1
12, 18882.jpg,7,706,391,80,105,-1,-1,-1,-1
12, 18882.jpg,8,356,344,41,76,-1,-1,-1,-1
12, 18882.jpg,9,892,324,38,77,-1,-1,-1,-1
12, 18882.jpg,10,455,354,47,100,-1,-1,-1,-1
12, 18882.jpg,11,937,408,51,88,-1,-1,-1,-1
12, 18882.jpg,12,301,392,78,103,-1,-1,-1,-1
13, 18883.jpg,1,965,354,39,88,-1,-1,-1,-1
13, 18883.jpg,3,354,447,76,100,-1,-1,-1,-1
13, 18883.jpg,4,570,300,31,111,-1,-1,-1,-1
13, 18883.jpg,5,392,283,40,106,-1,-1,-1,-1
13, 18883.jpg,6,173,344,53,108,-1,-1,-1,-1
13, 18883.jpg,7,709,390,81,107,-1,-1,-1,-1
13, 18883.jpg,8,354,344,40,76,-1,-1,-1,-1
13, 18883.jpg,9,891,327,37,72,-1,-1,-1,-1
13, 18883.jpg,10,453,353,48,100,-1,-1,-1,-1
13, 18883.jpg,11,942,390,56,95,-1,-1,-1,-1
13, 18883.jpg,12,298,392,80,105,-1,-1,-1,-1
14, 18884.jpg,3,351,447,76,99,-1,-1,-1,-1
14, 18884.jpg,4,568,299,32,113,-1,-1,-1,-1
14, 18884.jpg,5,391,283,39,104,-1,-1,-1,-1
14, 18884.jpg,6,170,344,54,108,-1,-1,-1,-1
14, 18884.jpg,7,714,389,80,108,-1,-1,-1,-1
14, 18884.jpg,8,352,342,42,78,-1,-1,-1,-1
14, 18884.jpg,9,890,329,35,68,-1,-1,-1,-1
14, 18884.jpg,10,452,354,48,99,-1,-1,-1,-1
14, 18884.jpg,11,943,384,58,98,-1,-1,-1,-1
14, 18884.jpg,12,294,393,79,103,-1,-1,-1,-1
15, 18885.jpg,1,963,355,38,85,-1,-1,-1,-1
15, 18885.jpg,3,348,447,77,99,-1,-1,-1,-1
15, 18885.jpg,4,566,300,34,117,-1,-1,-1,-1
15, 18885.jpg,5,390,283,39,105,-1,-1,-1,-1
15, 18885.jpg,6,168,345,53,108,-1,-1,-1,-1
15, 18885.jpg,7,720,387,78,110,-1,-1,-1,-1
15, 18885.jpg,8,347,338,45,84,-1,-1,-1,-1
15, 18885.jpg,9,888,332,36,66,-1,-1,-1,-1
15, 18885.jpg,10,451,354,47,98,-1,-1,-1,-1
15, 18885.jpg,11,933,392,58,98,-1,-1,-1,-1
15, 18885.jpg,12,294,394,78,102,-1,-1,-1,-1
16, 18886.jpg,1,960,355,38,85,-1,-1,-1,-1
16, 18886.jpg,3,351,446,78,101,-1,-1,-1,-1
16, 18886.jpg,4,566,300,34,114,-1,-1,-1,-1
16, 18886.jpg,5,387,284,39,104,-1,-1,-1,-1
16, 18886.jpg,6,166,346,53,107,-1,-1,-1,-1
16, 18886.jpg,7,727,387,75,109,-1,-1,-1,-1
16, 18886.jpg,8,343,335,47,87,-1,-1,-1,-1
16, 18886.jpg,9,888,336,35,62,-1,-1,-1,-1
16, 18886.jpg,10,450,355,47,97,-1,-1,-1,-1
16, 18886.jpg,11,927,393,59,100,-1,-1,-1,-1
16, 18886.jpg,12,290,393,79,102,-1,-1,-1,-1
17, 18887.jpg,1,958,355,38,85,-1,-1,-1,-1
17, 18887.jpg,3,350,444,79,103,-1,-1,-1,-1
17, 18887.jpg,4,563,300,34,116,-1,-1,-1,-1
17, 18887.jpg,5,384,284,39,103,-1,-1,-1,-1
17, 18887.jpg,6,162,346,54,109,-1,-1,-1,-1
17, 18887.jpg,7,731,387,73,110,-1,-1,-1,-1
17, 18887.jpg,8,338,333,47,87,-1,-1,-1,-1
17, 18887.jpg,9,890,341,32,56,-1,-1,-1,-1
17, 18887.jpg,10,449,354,48,98,-1,-1,-1,-1
17, 18887.jpg,11,924,393,60,100,-1,-1,-1,-1
17, 18887.jpg,12,289,394,79,102,-1,-1,-1,-1
18, 18888.jpg,1,957,356,37,84,-1,-1,-1,-1
18, 18888.jpg,3,344,446,80,101,-1,-1,-1,-1
18, 18888.jpg,4,561,299,35,116,-1,-1,-1,-1
18, 18888.jpg,5,383,286,38,100,-1,-1,-1,-1
18, 18888.jpg,6,158,347,54,107,-1,-1,-1,-1
18, 18888.jpg,7,735,389,70,108,-1,-1,-1,-1
18, 18888.jpg,8,333,331,46,87,-1,-1,-1,-1
18, 18888.jpg,9,887,344,33,56,-1,-1,-1,-1
18, 18888.jpg,10,448,354,48,99,-1,-1,-1,-1
18, 18888.jpg,11,925,380,63,104,-1,-1,-1,-1
18, 18888.jpg,12,285,395,80,103,-1,-1,-1,-1
19, 18889.jpg,1,952,351,42,92,-1,-1,-1,-1
19, 18889.jpg,3,338,444,80,102,-1,-1,-1,-1
19, 18889.jpg,4,559,306,33,112,-1,-1,-1,-1
19, 18889.jpg,5,381,288,39,98,-1,-1,-1,-1
19, 18889.jpg,6,154,347,55,108,-1,-1,-1,-1
19, 18889.jpg,7,740,391,69,108,-1,-1,-1,-1
19, 18889.jpg,8,327,328,46,90,-1,-1,-1,-1
19, 18889.jpg,9,886,347,35,58,-1,-1,-1,-1
19, 18889.jpg,10,447,354,48,99,-1,-1,-1,-1
19, 18889.jpg,11,912,387,63,103,-1,-1,-1,-1
19, 18889.jpg,12,283,396,79,103,-1,-1,-1,-1
20, 18890.jpg,1,949,349,43,93,-1,-1,-1,-1
20, 18890.jpg,3,334,443,82,104,-1,-1,-1,-1
20, 18890.jpg,4,556,305,35,116,-1,-1,-1,-1
20, 18890.jpg,5,380,292,38,95,-1,-1,-1,-1
20, 18890.jpg,6,150,348,54,108,-1,-1,-1,-1
20, 18890.jpg,7,745,393,69,108,-1,-1,-1,-1
20, 18890.jpg,8,322,325,48,94,-1,-1,-1,-1
20, 18890.jpg,9,883,350,36,59,-1,-1,-1,-1
20, 18890.jpg,10,447,353,48,101,-1,-1,-1,-1
20, 18890.jpg,11,904,388,64,105,-1,-1,-1,-1
20, 18890.jpg,12,283,397,80,102,-1,-1,-1,-1
21, 18891.jpg,1,947,346,43,96,-1,-1,-1,-1
21, 18891.jpg,3,334,445,82,102,-1,-1,-1,-1
21, 18891.jpg,4,555,304,38,120,-1,-1,-1,-1
21, 18891.jpg,5,379,296,38,91,-1,-1,-1,-1
21, 18891.jpg,6,146,349,53,108,-1,-1,-1,-1
21, 18891.jpg,7,750,395,69,107,-1,-1,-1,-1
21, 18891.jpg,8,317,323,48,97,-1,-1,-1,-1
21, 18891.jpg,9,880,356,35,55,-1,-1,-1,-1
21, 18891.jpg,10,448,352,48,102,-1,-1,-1,-1
21, 18891.jpg,11,896,390,64,103,-1,-1,-1,-1
21, 18891.jpg,12,283,399,80,101,-1,-1,-1,-1
22, 18892.jpg,1,945,344,43,96,-1,-1,-1,-1
22, 18892.jpg,3,330,442,85,107,-1,-1,-1,-1
22, 18892.jpg,4,556,307,37,118,-1,-1,-1,-1
22, 18892.jpg,5,377,298,40,90,-1,-1,-1,-1
22, 18892.jpg,6,143,349,54,108,-1,-1,-1,-1
22, 18892.jpg,7,752,397,70,107,-1,-1,-1,-1
22, 18892.jpg,8,313,321,46,93,-1,-1,-1,-1
22, 18892.jpg,9,882,364,44,69,-1,-1,-1,-1
22, 18892.jpg,10,449,351,49,104,-1,-1,-1,-1
22, 18892.jpg,11,890,390,67,104,-1,-1,-1,-1
22, 18892.jpg,12,283,395,82,102,-1,-1,-1,-1
23, 18893.jpg,1,944,345,43,93,-1,-1,-1,-1
23, 18893.jpg,3,326,441,87,106,-1,-1,-1,-1
23, 18893.jpg,4,555,313,37,114,-1,-1,-1,-1
23, 18893.jpg,5,376,300,42,90,-1,-1,-1,-1
23, 18893.jpg,6,141,349,53,108,-1,-1,-1,-1
23, 18893.jpg,7,753,397,70,108,-1,-1,-1,-1
23, 18893.jpg,8,310,319,45,92,-1,-1,-1,-1
23, 18893.jpg,9,874,366,44,69,-1,-1,-1,-1
23, 18893.jpg,10,451,351,48,103,-1,-1,-1,-1
23, 18893.jpg,11,886,387,69,107,-1,-1,-1,-1
23, 18893.jpg,12,285,395,81,100,-1,-1,-1,-1
24, 18894.jpg,1,944,344,43,94,-1,-1,-1,-1
24, 18894.jpg,3,321,439,91,108,-1,-1,-1,-1
24, 18894.jpg,4,555,314,39,116,-1,-1,-1,-1
24, 18894.jpg,5,376,302,43,90,-1,-1,-1,-1
24, 18894.jpg,6,140,349,53,108,-1,-1,-1,-1
24, 18894.jpg,7,755,396,71,110,-1,-1,-1,-1
24, 18894.jpg,8,307,319,45,92,-1,-1,-1,-1
24, 18894.jpg,9,870,372,42,64,-1,-1,-1,-1
24, 18894.jpg,10,453,350,49,103,-1,-1,-1,-1
24, 18894.jpg,11,886,388,69,105,-1,-1,-1,-1
24, 18894.jpg,12,292,397,76,92,-1,-1,-1,-1
25, 18895.jpg,1,945,343,44,95,-1,-1,-1,-1
25, 18895.jpg,3,314,429,96,115,-1,-1,-1,-1
25, 18895.jpg,4,558,320,37,110,-1,-1,-1,-1
25, 18895.jpg,5,378,301,45,91,-1,-1,-1,-1
25, 18895.jpg,6,139,350,53,108,-1,-1,-1,-1
25, 18895.jpg,7,759,396,71,110,-1,-1,-1,-1
25, 18895.jpg,8,304,320,43,91,-1,-1,-1,-1
25, 18895.jpg,9,869,376,41,64,-1,-1,-1,-1
25, 18895.jpg,10,456,348,51,107,-1,-1,-1,-1
25, 18895.jpg,11,882,384,73,110,-1,-1,-1,-1
25, 18895.jpg,12,292,396,75,92,-1,-1,-1,-1
26, 18896.jpg,1,949,343,44,95,-1,-1,-1,-1
26, 18896.jpg,3,311,429,97,118,-1,-1,-1,-1
26, 18896.jpg,4,563,323,37,106,-1,-1,-1,-1
26, 18896.jpg,5,383,301,45,92,-1,-1,-1,-1
26, 18896.jpg,6,139,350,53,108,-1,-1,-1,-1
26, 18896.jpg,7,763,397,70,110,-1,-1,-1,-1
26, 18896.jpg,8,302,322,43,89,-1,-1,-1,-1
26, 18896.jpg,10,460,349,51,107,-1,-1,-1,-1
26, 18896.jpg,11,879,384,75,111,-1,-1,-1,-1
27, 18897.jpg,1,953,343,45,97,-1,-1,-1,-1
27, 18897.jpg,3,309,422,100,128,-1,-1,-1,-1
27, 18897.jpg,4,564,317,40,114,-1,-1,-1,-1
27, 18897.jpg,5,387,302,46,92,-1,-1,-1,-1
27, 18897.jpg,6,139,350,53,109,-1,-1,-1,-1
27, 18897.jpg,7,772,397,68,112,-1,-1,-1,-1
27, 18897.jpg,8,300,324,42,86,-1,-1,-1,-1
27, 18897.jpg,10,464,349,52,107,-1,-1,-1,-1
27, 18897.jpg,11,878,383,75,114,-1,-1,-1,-1
28, 18898.jpg,1,955,343,48,97,-1,-1,-1,-1
28, 18898.jpg,3,310,422,95,126,-1,-1,-1,-1
28, 18898.jpg,4,569,315,40,116,-1,-1,-1,-1
28, 18898.jpg,5,392,302,46,93,-1,-1,-1,-1
28, 18898.jpg,6,139,351,52,108,-1,-1,-1,-1
28, 18898.jpg,7,778,398,68,114,-1,-1,-1,-1
28, 18898.jpg,8,299,326,41,83,-1,-1,-1,-1
28, 18898.jpg,10,471,350,50,106,-1,-1,-1,-1
28, 18898.jpg,11,874,381,76,117,-1,-1,-1,-1
29, 18899.jpg,1,957,343,49,97,-1,-1,-1,-1
29, 18899.jpg,3,309,425,88,120,-1,-1,-1,-1
29, 18899.jpg,4,574,322,37,106,-1,-1,-1,-1
29, 18899.jpg,5,397,303,46,92,-1,-1,-1,-1
29, 18899.jpg,6,139,352,52,108,-1,-1,-1,-1
29, 18899.jpg,7,785,398,70,117,-1,-1,-1,-1
29, 18899.jpg,8,299,327,40,80,-1,-1,-1,-1
29, 18899.jpg,10,477,350,49,105,-1,-1,-1,-1
29, 18899.jpg,11,870,378,76,120,-1,-1,-1,-1
30, 18900.jpg,1,959,342,51,101,-1,-1,-1,-1
30, 18900.jpg,3,308,426,84,118,-1,-1,-1,-1
30, 18900.jpg,4,579,326,37,101,-1,-1,-1,-1
30, 18900.jpg,5,402,304,47,93,-1,-1,-1,-1
30, 18900.jpg,6,139,353,53,108,-1,-1,-1,-1
30, 18900.jpg,7,794,402,69,115,-1,-1,-1,-1
30, 18900.jpg,8,300,327,40,79,-1,-1,-1,-1
30, 18900.jpg,10,481,351,50,105,-1,-1,-1,-1
30, 18900.jpg,11,869,375,75,122,-1,-1,-1,-1
31, 18901.jpg,1,960,342,53,102,-1,-1,-1,-1
31, 18901.jpg,3,307,424,84,123,-1,-1,-1,-1
31, 18901.jpg,4,586,336,38,98,-1,-1,-1,-1
31, 18901.jpg,5,406,306,47,92,-1,-1,-1,-1
31, 18901.jpg,6,140,352,53,111,-1,-1,-1,-1
31, 18901.jpg,7,801,405,69,116,-1,-1,-1,-1
31, 18901.jpg,8,301,327,40,78,-1,-1,-1,-1
31, 18901.jpg,10,488,351,50,108,-1,-1,-1,-1
31, 18901.jpg,11,868,374,73,124,-1,-1,-1,-1
31, 18901.jpg,13,363,399,41,95,-1,-1,-1,-1
32, 18902.jpg,1,964,343,53,101,-1,-1,-1,-1
32, 18902.jpg,3,307,426,81,121,-1,-1,-1,-1
32, 18902.jpg,4,588,333,41,105,-1,-1,-1,-1
32, 18902.jpg,5,412,308,46,91,-1,-1,-1,-1
32, 18902.jpg,6,142,352,53,111,-1,-1,-1,-1
32, 18902.jpg,7,809,410,68,112,-1,-1,-1,-1
32, 18902.jpg,8,301,325,40,81,-1,-1,-1,-1
32, 18902.jpg,10,492,351,49,107,-1,-1,-1,-1
32, 18902.jpg,11,866,375,70,122,-1,-1,-1,-1
32, 18902.jpg,13,368,395,45,104,-1,-1,-1,-1
33, 18903.jpg,1,965,344,54,100,-1,-1,-1,-1
33, 18903.jpg,3,304,426,79,117,-1,-1,-1,-1
33, 18903.jpg,4,585,321,40,99,-1,-1,-1,-1
33, 18903.jpg,5,416,309,48,92,-1,-1,-1,-1
33, 18903.jpg,6,143,352,53,111,-1,-1,-1,-1
33, 18903.jpg,7,813,415,68,111,-1,-1,-1,-1
33, 18903.jpg,8,300,322,43,85,-1,-1,-1,-1
33, 18903.jpg,10,496,351,48,107,-1,-1,-1,-1
33, 18903.jpg,11,869,379,64,115,-1,-1,-1,-1
33, 18903.jpg,13,372,392,49,111,-1,-1,-1,-1
34, 18904.jpg,1,965,342,56,103,-1,-1,-1,-1
34, 18904.jpg,3,303,427,77,114,-1,-1,-1,-1
34, 18904.jpg,4,588,325,44,107,-1,-1,-1,-1
34, 18904.jpg,5,421,309,47,93,-1,-1,-1,-1
34, 18904.jpg,6,144,352,54,111,-1,-1,-1,-1
34, 18904.jpg,7,817,419,68,111,-1,-1,-1,-1
34, 18904.jpg,8,302,320,43,88,-1,-1,-1,-1
34, 18904.jpg,10,500,351,47,107,-1,-1,-1,-1
34, 18904.jpg,11,854,391,65,116,-1,-1,-1,-1
34, 18904.jpg,13,379,390,51,115,-1,-1,-1,-1
35, 18905.jpg,1,963,340,58,106,-1,-1,-1,-1
35, 18905.jpg,3,302,427,76,114,-1,-1,-1,-1
35, 18905.jpg,4,587,323,43,105,-1,-1,-1,-1
35, 18905.jpg,5,424,309,48,95,-1,-1,-1,-1
35, 18905.jpg,6,147,353,53,109,-1,-1,-1,-1
35, 18905.jpg,7,820,422,68,112,-1,-1,-1,-1
35, 18905.jpg,8,305,318,43,90,-1,-1,-1,-1
35, 18905.jpg,10,506,351,47,107,-1,-1,-1,-1
35, 18905.jpg,11,850,398,65,114,-1,-1,-1,-1
35, 18905.jpg,13,384,391,53,117,-1,-1,-1,-1
36, 18906.jpg,1,963,339,58,107,-1,-1,-1,-1
36, 18906.jpg,3,302,428,77,114,-1,-1,-1,-1
36, 18906.jpg,4,596,328,45,108,-1,-1,-1,-1
36, 18906.jpg,5,428,309,48,95,-1,-1,-1,-1
36, 18906.jpg,6,149,352,54,110,-1,-1,-1,-1
36, 18906.jpg,7,824,424,69,113,-1,-1,-1,-1
36, 18906.jpg,8,307,318,43,90,-1,-1,-1,-1
36, 18906.jpg,10,509,350,47,108,-1,-1,-1,-1
36, 18906.jpg,11,842,407,65,115,-1,-1,-1,-1
36, 18906.jpg,13,390,391,53,116,-1,-1,-1,-1
37, 18907.jpg,1,961,338,59,109,-1,-1,-1,-1
37, 18907.jpg,3,303,428,78,115,-1,-1,-1,-1
37, 18907.jpg,4,601,329,45,109,-1,-1,-1,-1
37, 18907.jpg,5,433,311,48,94,-1,-1,-1,-1
37, 18907.jpg,6,151,352,54,110,-1,-1,-1,-1
37, 18907.jpg,8,309,319,42,88,-1,-1,-1,-1
37, 18907.jpg,10,513,349,47,109,-1,-1,-1,-1
37, 18907.jpg,11,839,409,65,113,-1,-1,-1,-1
37, 18907.jpg,13,399,392,53,115,-1,-1,-1,-1
38, 18908.jpg,1,959,337,58,108,-1,-1,-1,-1
38, 18908.jpg,3,305,428,80,118,-1,-1,-1,-1
38, 18908.jpg,4,604,339,45,105,-1,-1,-1,-1
38, 18908.jpg,5,438,311,46,94,-1,-1,-1,-1
38, 18908.jpg,6,153,353,53,109,-1,-1,-1,-1
38, 18908.jpg,7,849,407,69,110,-1,-1,-1,-1
38, 18908.jpg,8,310,321,42,88,-1,-1,-1,-1
38, 18908.jpg,10,517,346,48,114,-1,-1,-1,-1
38, 18908.jpg,11,824,417,66,114,-1,-1,-1,-1
38, 18908.jpg,13,409,394,52,113,-1,-1,-1,-1
38, 18908.jpg,16,600,317,37,92,-1,-1,-1,-1
38, 18908.jpg,17,911,381,38,57,-1,-1,-1,-1
39, 18909.jpg,1,958,336,58,109,-1,-1,-1,-1
39, 18909.jpg,3,305,428,78,116,-1,-1,-1,-1
39, 18909.jpg,4,605,338,48,109,-1,-1,-1,-1
39, 18909.jpg,5,442,311,44,92,-1,-1,-1,-1
39, 18909.jpg,6,154,354,53,109,-1,-1,-1,-1
39, 18909.jpg,7,850,405,71,110,-1,-1,-1,-1
39, 18909.jpg,8,313,325,40,85,-1,-1,-1,-1
39, 18909.jpg,10,520,344,49,116,-1,-1,-1,-1
39, 18909.jpg,11,820,420,67,114,-1,-1,-1,-1
39, 18909.jpg,13,418,396,51,112,-1,-1,-1,-1
39, 18909.jpg,16,601,308,39,94,-1,-1,-1,-1
39, 18909.jpg,17,911,382,37,55,-1,-1,-1,-1
40, 18910.jpg,1,956,338,57,109,-1,-1,-1,-1
40, 18910.jpg,3,305,427,76,116,-1,-1,-1,-1
40, 18910.jpg,4,608,339,48,109,-1,-1,-1,-1
40, 18910.jpg,5,447,309,44,93,-1,-1,-1,-1
40, 18910.jpg,6,156,353,53,111,-1,-1,-1,-1
40, 18910.jpg,7,861,400,69,104,-1,-1,-1,-1
40, 18910.jpg,8,315,327,40,83,-1,-1,-1,-1
40, 18910.jpg,10,524,342,47,115,-1,-1,-1,-1
40, 18910.jpg,11,815,423,67,115,-1,-1,-1,-1
40, 18910.jpg,13,427,397,51,113,-1,-1,-1,-1
40, 18910.jpg,16,600,304,41,100,-1,-1,-1,-1
40, 18910.jpg,17,911,385,36,53,-1,-1,-1,-1
