2, 41772.jpg,1,498,531,70,106,-1,-1,-1,-1
2, 41772.jpg,3,1351,618,64,116,-1,-1,-1,-1
2, 41772.jpg,5,1086,628,81,141,-1,-1,-1,-1
2, 41772.jpg,6,631,593,57,149,-1,-1,-1,-1
2, 41772.jpg,7,1488,696,89,146,-1,-1,-1,-1
2, 41772.jpg,8,1203,556,53,115,-1,-1,-1,-1
2, 41772.jpg,9,1329,683,71,162,-1,-1,-1,-1
2, 41772.jpg,10,831,678,123,161,-1,-1,-1,-1
2, 41772.jpg,11,841,554,49,109,-1,-1,-1,-1
2, 41772.jpg,12,1597,609,64,99,-1,-1,-1,-1
3, 41773.jpg,1,498,528,73,111,-1,-1,-1,-1
3, 41773.jpg,3,1346,594,79,145,-1,-1,-1,-1
3, 41773.jpg,5,1085,624,83,146,-1,-1,-1,-1
3, 41773.jpg,6,635,592,57,144,-1,-1,-1,-1
3, 41773.jpg,7,1487,696,90,147,-1,-1,-1,-1
3, 41773.jpg,8,1200,557,57,121,-1,-1,-1,-1
3, 41773.jpg,9,1325,670,76,172,-1,-1,-1,-1
3, 41773.jpg,10,827,667,130,172,-1,-1,-1,-1
3, 41773.jpg,11,838,552,51,115,-1,-1,-1,-1
3, 41773.jpg,12,1597,610,64,99,-1,-1,-1,-1
4, 41774.jpg,1,497,527,72,111,-1,-1,-1,-1
4, 41774.jpg,3,1337,589,87,159,-1,-1,-1,-1
4, 41774.jpg,5,1083,620,86,151,-1,-1,-1,-1
4, 41774.jpg,6,637,590,58,145,-1,-1,-1,-1
4, 41774.jpg,7,1486,695,90,149,-1,-1,-1,-1
4, 41774.jpg,8,1195,549,62,130,-1,-1,-1,-1
4, 41774.jpg,9,1328,663,74,168,-1,-1,-1,-1
4, 41774.jpg,10,825,660,132,178,-1,-1,-1,-1
4, 41774.jpg,11,837,550,53,120,-1,-1,-1,-1
4, 41774.jpg,12,1597,611,63,98,-1,-1,-1,-1
5, 41775.jpg,1,495,525,72,114,-1,-1,-1,-1
5, 41775.jpg,3,1333,594,86,158,-1,-1,-1,-1
5, 41775.jpg,5,1081,618,87,155,-1,-1,-1,-1
5, 41775.jpg,6,638,590,59,144,-1,-1,-1,-1
5, 41775.jpg,7,1486,695,91,149,-1,-1,-1,-1
5, 41775.jpg,8,1188,543,67,138,-1,-1,-1,-1
5, 41775.jpg,9,1322,660,77,173,-1,-1,-1,-1
5, 41775.jpg,10,822,657,134,183,-1,-1,-1,-1
5, 41775.jpg,11,835,549,55,122,-1,-1,-1,-1
5, 41775.jpg,12,1596,611,59,91,-1,-1,-1,-1
6, 41776.jpg,1,494,522,75,118,-1,-1,-1,-1
6, 41776.jpg,3,1339,600,77,142,-1,-1,-1,-1
6, 41776.jpg,5,1080,619,85,153,-1,-1,-1,-1
6, 41776.jpg,6,639,590,59,142,-1,-1,-1,-1
6, 41776.jpg,7,1484,696,90,148,-1,-1,-1,-1
6, 41776.jpg,8,1181,540,68,139,-1,-1,-1,-1
6, 41776.jpg,9,1320,650,81,183,-1,-1,-1,-1
6, 41776.jpg,10,818,653,133,184,-1,-1,-1,-1
6, 41776.jpg,11,832,548,54,120,-1,-1,-1,-1
6, 41776.jpg,12,1595,611,62,93,-1,-1,-1,-1
7, 41777.jpg,3,1356,585,71,132,-1,-1,-1,-1
7, 41777.jpg,5,1074,619,86,153,-1,-1,-1,-1
7, 41777.jpg,6,637,590,61,142,-1,-1,-1,-1
7, 41777.jpg,7,1480,695,90,149,-1,-1,-1,-1
7, 41777.jpg,8,1167,538,71,140,-1,-1,-1,-1
7, 41777.jpg,9,1319,654,77,174,-1,-1,-1,-1
7, 41777.jpg,10,814,651,130,183,-1,-1,-1,-1
7, 41777.jpg,11,830,546,54,122,-1,-1,-1,-1
7, 41777.jpg,12,1592,610,65,98,-1,-1,-1,-1
8, 41778.jpg,3,1358,578,66,127,-1,-1,-1,-1
8, 41778.jpg,5,1069,616,87,157,-1,-1,-1,-1
8, 41778.jpg,6,634,590,63,143,-1,-1,-1,-1
8, 41778.jpg,7,1475,694,92,151,-1,-1,-1,-1
8, 41778.jpg,8,1162,539,69,136,-1,-1,-1,-1
8, 41778.jpg,9,1318,651,75,171,-1,-1,-1,-1
8, 41778.jpg,10,810,647,128,187,-1,-1,-1,-1
8, 41778.jpg,11,825,546,56,127,-1,-1,-1,-1
8, 41778.jpg,12,1586,610,66,98,-1,-1,-1,-1
9, 41779.jpg,3,1357,571,67,132,-1,-1,-1,-1
9, 41779.jpg,5,1064,618,86,156,-1,-1,-1,-1
9, 41779.jpg,6,630,590,66,144,-1,-1,-1,-1
9, 41779.jpg,7,1472,692,92,152,-1,-1,-1,-1
9, 41779.jpg,8,1154,537,72,137,-1,-1,-1,-1
9, 41779.jpg,9,1318,653,73,167,-1,-1,-1,-1
9, 41779.jpg,10,806,647,125,186,-1,-1,-1,-1
9, 41779.jpg,11,823,547,55,123,-1,-1,-1,-1
9, 41779.jpg,12,1579,611,66,99,-1,-1,-1,-1
9, 41779.jpg,15,1305,626,62,143,-1,-1,-1,-1
10, 41780.jpg,3,1354,570,67,136,-1,-1,-1,-1
10, 41780.jpg,5,1058,619,85,155,-1,-1,-1,-1
10, 41780.jpg,6,626,589,68,144,-1,-1,-1,-1
10, 41780.jpg,7,1468,692,90,150,-1,-1,-1,-1
10, 41780.jpg,8,1145,537,74,139,-1,-1,-1,-1
10, 41780.jpg,9,1315,657,71,164,-1,-1,-1,-1
10, 41780.jpg,10,800,643,124,191,-1,-1,-1,-1
10, 41780.jpg,11,818,546,56,125,-1,-1,-1,-1
10, 41780.jpg,12,1573,610,67,99,-1,-1,-1,-1
10, 41780.jpg,15,1302,627,64,145,-1,-1,-1,-1
11, 41781.jpg,3,1351,568,67,139,-1,-1,-1,-1
11, 41781.jpg,5,1048,616,87,159,-1,-1,-1,-1
11, 41781.jpg,6,622,589,69,144,-1,-1,-1,-1
11, 41781.jpg,7,1461,690,92,153,-1,-1,-1,-1
11, 41781.jpg,8,1136,539,73,137,-1,-1,-1,-1
11, 41781.jpg,9,1313,647,73,171,-1,-1,-1,-1
11, 41781.jpg,10,797,646,119,185,-1,-1,-1,-1
11, 41781.jpg,11,811,548,56,125,-1,-1,-1,-1
11, 41781.jpg,12,1569,611,67,98,-1,-1,-1,-1
12, 41782.jpg,3,1349,567,65,141,-1,-1,-1,-1
12, 41782.jpg,5,1041,619,84,156,-1,-1,-1,-1
12, 41782.jpg,6,617,587,71,145,-1,-1,-1,-1
12, 41782.jpg,7,1453,690,92,153,-1,-1,-1,-1
12, 41782.jpg,8,1123,540,76,138,-1,-1,-1,-1
12, 41782.jpg,9,1312,645,73,171,-1,-1,-1,-1
12, 41782.jpg,10,793,644,116,185,-1,-1,-1,-1
12, 41782.jpg,11,806,549,57,127,-1,-1,-1,-1
12, 41782.jpg,12,1563,611,64,93,-1,-1,-1,-1
12, 41782.jpg,15,1289,625,64,148,-1,-1,-1,-1
13, 41783.jpg,3,1345,564,65,142,-1,-1,-1,-1
13, 41783.jpg,5,1033,620,82,155,-1,-1,-1,-1
13, 41783.jpg,6,615,585,71,147,-1,-1,-1,-1
13, 41783.jpg,7,1448,688,92,153,-1,-1,-1,-1
13, 41783.jpg,8,1112,543,77,137,-1,-1,-1,-1
13, 41783.jpg,10,788,643,113,185,-1,-1,-1,-1
13, 41783.jpg,11,800,549,58,128,-1,-1,-1,-1
13, 41783.jpg,12,1553,609,67,97,-1,-1,-1,-1
13, 41783.jpg,15,1287,632,70,158,-1,-1,-1,-1
14, 41784.jpg,3,1340,564,63,141,-1,-1,-1,-1
14, 41784.jpg,5,1022,620,81,155,-1,-1,-1,-1
14, 41784.jpg,6,612,584,73,148,-1,-1,-1,-1
14, 41784.jpg,7,1439,687,92,155,-1,-1,-1,-1
14, 41784.jpg,8,1101,545,77,135,-1,-1,-1,-1
14, 41784.jpg,10,781,641,110,185,-1,-1,-1,-1
14, 41784.jpg,11,794,552,59,128,-1,-1,-1,-1
14, 41784.jpg,12,1549,610,66,95,-1,-1,-1,-1
14, 41784.jpg,15,1291,633,71,162,-1,-1,-1,-1
15, 41785.jpg,3,1336,562,64,145,-1,-1,-1,-1
15, 41785.jpg,5,1009,618,84,161,-1,-1,-1,-1
15, 41785.jpg,6,610,586,71,146,-1,-1,-1,-1
15, 41785.jpg,7,1431,689,91,154,-1,-1,-1,-1
15, 41785.jpg,8,1085,546,78,134,-1,-1,-1,-1
15, 41785.jpg,9,1267,634,59,139,-1,-1,-1,-1
15, 41785.jpg,10,775,641,110,187,-1,-1,-1,-1
15, 41785.jpg,11,790,554,58,125,-1,-1,-1,-1
15, 41785.jpg,12,1542,611,65,93,-1,-1,-1,-1
15, 41785.jpg,15,1288,635,74,165,-1,-1,-1,-1
16, 41786.jpg,3,1330,564,62,144,-1,-1,-1,-1
16, 41786.jpg,5,1001,618,81,161,-1,-1,-1,-1
16, 41786.jpg,6,607,588,70,145,-1,-1,-1,-1
16, 41786.jpg,7,1423,687,91,156,-1,-1,-1,-1
16, 41786.jpg,8,1070,549,76,130,-1,-1,-1,-1
16, 41786.jpg,9,1270,635,67,153,-1,-1,-1,-1
16, 41786.jpg,10,770,642,105,183,-1,-1,-1,-1
16, 41786.jpg,11,785,554,57,124,-1,-1,-1,-1
16, 41786.jpg,12,1531,610,67,96,-1,-1,-1,-1
17, 41787.jpg,3,1312,576,65,152,-1,-1,-1,-1
17, 41787.jpg,5,992,621,78,156,-1,-1,-1,-1
17, 41787.jpg,6,605,589,68,142,-1,-1,-1,-1
17, 41787.jpg,7,1413,687,91,158,-1,-1,-1,-1
17, 41787.jpg,8,1057,550,76,129,-1,-1,-1,-1
17, 41787.jpg,9,1267,634,68,155,-1,-1,-1,-1
17, 41787.jpg,10,761,640,106,186,-1,-1,-1,-1
17, 41787.jpg,11,782,557,53,116,-1,-1,-1,-1
17, 41787.jpg,12,1523,610,65,93,-1,-1,-1,-1
18, 41788.jpg,3,1317,574,63,148,-1,-1,-1,-1
18, 41788.jpg,5,981,621,78,157,-1,-1,-1,-1
18, 41788.jpg,6,598,589,68,143,-1,-1,-1,-1
18, 41788.jpg,7,1405,688,89,156,-1,-1,-1,-1
18, 41788.jpg,8,1040,551,76,125,-1,-1,-1,-1
18, 41788.jpg,9,1246,630,65,146,-1,-1,-1,-1
18, 41788.jpg,10,756,645,101,180,-1,-1,-1,-1
18, 41788.jpg,11,776,557,56,120,-1,-1,-1,-1
18, 41788.jpg,12,1513,610,65,92,-1,-1,-1,-1
18, 41788.jpg,15,1279,625,73,169,-1,-1,-1,-1
19, 41789.jpg,3,1315,572,62,150,-1,-1,-1,-1
19, 41789.jpg,5,971,619,78,160,-1,-1,-1,-1
19, 41789.jpg,6,594,588,69,145,-1,-1,-1,-1
19, 41789.jpg,7,1399,688,87,153,-1,-1,-1,-1
19, 41789.jpg,8,1033,554,75,122,-1,-1,-1,-1
19, 41789.jpg,9,1248,633,70,156,-1,-1,-1,-1
19, 41789.jpg,10,752,649,97,175,-1,-1,-1,-1
19, 41789.jpg,11,768,556,59,129,-1,-1,-1,-1
19, 41789.jpg,12,1505,611,65,93,-1,-1,-1,-1
19, 41789.jpg,15,1276,625,75,172,-1,-1,-1,-1
20, 41790.jpg,3,1312,570,63,152,-1,-1,-1,-1
20, 41790.jpg,5,961,622,75,154,-1,-1,-1,-1
20, 41790.jpg,6,590,590,70,144,-1,-1,-1,-1
20, 41790.jpg,7,1390,688,87,154,-1,-1,-1,-1
20, 41790.jpg,8,1017,553,74,118,-1,-1,-1,-1
20, 41790.jpg,9,1226,628,65,147,-1,-1,-1,-1
20, 41790.jpg,10,743,648,97,176,-1,-1,-1,-1
20, 41790.jpg,11,762,555,58,128,-1,-1,-1,-1
20, 41790.jpg,12,1496,612,65,93,-1,-1,-1,-1
20, 41790.jpg,15,1270,651,64,149,-1,-1,-1,-1
21, 41791.jpg,3,1292,581,66,158,-1,-1,-1,-1
21, 41791.jpg,5,950,623,74,151,-1,-1,-1,-1
21, 41791.jpg,6,584,592,72,144,-1,-1,-1,-1
21, 41791.jpg,7,1381,688,87,153,-1,-1,-1,-1
21, 41791.jpg,8,991,550,73,116,-1,-1,-1,-1
21, 41791.jpg,9,1226,627,67,150,-1,-1,-1,-1
21, 41791.jpg,10,738,652,92,171,-1,-1,-1,-1
21, 41791.jpg,11,755,555,61,136,-1,-1,-1,-1
21, 41791.jpg,12,1487,614,63,90,-1,-1,-1,-1
21, 41791.jpg,15,1267,653,64,150,-1,-1,-1,-1
22, 41792.jpg,3,1294,576,66,157,-1,-1,-1,-1
22, 41792.jpg,5,940,623,71,148,-1,-1,-1,-1
22, 41792.jpg,6,577,592,76,146,-1,-1,-1,-1
22, 41792.jpg,7,1374,686,88,154,-1,-1,-1,-1
22, 41792.jpg,8,977,548,72,116,-1,-1,-1,-1
22, 41792.jpg,9,1218,625,66,146,-1,-1,-1,-1
22, 41792.jpg,10,733,654,90,170,-1,-1,-1,-1
22, 41792.jpg,11,748,559,61,136,-1,-1,-1,-1
22, 41792.jpg,12,1478,616,63,89,-1,-1,-1,-1
23, 41793.jpg,3,1290,575,66,160,-1,-1,-1,-1
23, 41793.jpg,5,930,623,72,151,-1,-1,-1,-1
23, 41793.jpg,6,569,591,78,149,-1,-1,-1,-1
23, 41793.jpg,7,1364,686,89,155,-1,-1,-1,-1
23, 41793.jpg,8,968,547,74,118,-1,-1,-1,-1
23, 41793.jpg,9,1212,631,70,150,-1,-1,-1,-1
23, 41793.jpg,10,725,653,89,169,-1,-1,-1,-1
23, 41793.jpg,11,739,558,62,137,-1,-1,-1,-1
23, 41793.jpg,12,1467,617,62,87,-1,-1,-1,-1
23, 41793.jpg,15,1261,614,70,162,-1,-1,-1,-1
24, 41794.jpg,3,1285,575,65,158,-1,-1,-1,-1
24, 41794.jpg,5,920,621,73,155,-1,-1,-1,-1
24, 41794.jpg,6,563,592,78,149,-1,-1,-1,-1
24, 41794.jpg,7,1358,684,88,156,-1,-1,-1,-1
24, 41794.jpg,8,950,543,71,115,-1,-1,-1,-1
24, 41794.jpg,9,1223,643,68,149,-1,-1,-1,-1
24, 41794.jpg,10,719,654,87,165,-1,-1,-1,-1
24, 41794.jpg,11,731,559,63,138,-1,-1,-1,-1
24, 41794.jpg,12,1456,619,62,84,-1,-1,-1,-1
24, 41794.jpg,15,1257,612,72,163,-1,-1,-1,-1
25, 41795.jpg,3,1279,577,62,155,-1,-1,-1,-1
25, 41795.jpg,5,910,619,74,156,-1,-1,-1,-1
25, 41795.jpg,6,559,591,79,150,-1,-1,-1,-1
25, 41795.jpg,7,1351,684,88,155,-1,-1,-1,-1
25, 41795.jpg,8,932,540,71,116,-1,-1,-1,-1
25, 41795.jpg,9,1199,635,69,149,-1,-1,-1,-1
25, 41795.jpg,10,712,653,87,166,-1,-1,-1,-1
25, 41795.jpg,11,726,563,61,133,-1,-1,-1,-1
25, 41795.jpg,12,1447,620,61,83,-1,-1,-1,-1
26, 41796.jpg,3,1274,580,61,150,-1,-1,-1,-1
26, 41796.jpg,5,902,621,70,151,-1,-1,-1,-1
26, 41796.jpg,6,556,590,79,151,-1,-1,-1,-1
26, 41796.jpg,7,1344,684,87,153,-1,-1,-1,-1
26, 41796.jpg,8,914,547,67,112,-1,-1,-1,-1
26, 41796.jpg,9,1187,633,70,147,-1,-1,-1,-1
26, 41796.jpg,10,705,655,85,162,-1,-1,-1,-1
26, 41796.jpg,11,720,567,58,125,-1,-1,-1,-1
26, 41796.jpg,12,1438,624,60,81,-1,-1,-1,-1
26, 41796.jpg,15,1234,616,70,159,-1,-1,-1,-1
26, 41796.jpg,17,969,558,51,125,-1,-1,-1,-1
27, 41797.jpg,3,1266,581,61,152,-1,-1,-1,-1
27, 41797.jpg,5,891,623,69,146,-1,-1,-1,-1
27, 41797.jpg,6,552,592,76,148,-1,-1,-1,-1
27, 41797.jpg,7,1341,680,88,158,-1,-1,-1,-1
27, 41797.jpg,8,903,549,66,111,-1,-1,-1,-1
27, 41797.jpg,9,1199,640,67,146,-1,-1,-1,-1
27, 41797.jpg,10,700,651,85,165,-1,-1,-1,-1
27, 41797.jpg,11,715,570,56,120,-1,-1,-1,-1
27, 41797.jpg,12,1429,627,59,77,-1,-1,-1,-1
27, 41797.jpg,15,1229,614,71,160,-1,-1,-1,-1
27, 41797.jpg,17,967,562,52,127,-1,-1,-1,-1
28, 41798.jpg,3,1246,590,61,150,-1,-1,-1,-1
28, 41798.jpg,5,883,592,67,141,-1,-1,-1,-1
28, 41798.jpg,6,550,594,73,146,-1,-1,-1,-1
28, 41798.jpg,7,1336,680,86,155,-1,-1,-1,-1
28, 41798.jpg,8,889,549,66,110,-1,-1,-1,-1
28, 41798.jpg,9,1202,644,67,146,-1,-1,-1,-1
28, 41798.jpg,10,693,645,85,168,-1,-1,-1,-1
28, 41798.jpg,11,710,571,57,121,-1,-1,-1,-1
28, 41798.jpg,12,1422,630,57,74,-1,-1,-1,-1
28, 41798.jpg,17,960,564,52,128,-1,-1,-1,-1
29, 41799.jpg,3,1250,586,58,145,-1,-1,-1,-1
29, 41799.jpg,5,870,612,66,139,-1,-1,-1,-1
29, 41799.jpg,6,549,593,71,146,-1,-1,-1,-1
29, 41799.jpg,7,1330,681,83,152,-1,-1,-1,-1
29, 41799.jpg,9,1198,644,67,146,-1,-1,-1,-1
29, 41799.jpg,10,687,642,84,170,-1,-1,-1,-1
29, 41799.jpg,11,706,570,58,121,-1,-1,-1,-1
29, 41799.jpg,12,1414,633,56,72,-1,-1,-1,-1
29, 41799.jpg,15,1193,615,60,139,-1,-1,-1,-1
29, 41799.jpg,17,949,566,52,127,-1,-1,-1,-1
29, 41799.jpg,20,1121,635,59,140,-1,-1,-1,-1
30, 41800.jpg,3,1246,583,59,149,-1,-1,-1,-1
30, 41800.jpg,5,861,621,66,138,-1,-1,-1,-1
30, 41800.jpg,6,546,594,70,147,-1,-1,-1,-1
30, 41800.jpg,7,1325,677,85,158,-1,-1,-1,-1
30, 41800.jpg,8,844,547,82,138,-1,-1,-1,-1
30, 41800.jpg,9,1187,638,66,148,-1,-1,-1,-1
30, 41800.jpg,10,680,644,81,166,-1,-1,-1,-1
30, 41800.jpg,11,696,570,60,121,-1,-1,-1,-1
30, 41800.jpg,12,1404,634,57,70,-1,-1,-1,-1
30, 41800.jpg,15,1177,612,57,136,-1,-1,-1,-1
30, 41800.jpg,17,939,567,53,129,-1,-1,-1,-1
30, 41800.jpg,20,1112,635,61,143,-1,-1,-1,-1
31, 41801.jpg,3,1239,583,60,149,-1,-1,-1,-1
31, 41801.jpg,5,851,621,65,137,-1,-1,-1,-1
31, 41801.jpg,6,543,595,68,147,-1,-1,-1,-1
31, 41801.jpg,7,1321,678,81,155,-1,-1,-1,-1
31, 41801.jpg,8,835,561,78,133,-1,-1,-1,-1
31, 41801.jpg,9,1185,636,64,147,-1,-1,-1,-1
31, 41801.jpg,10,681,618,80,164,-1,-1,-1,-1
31, 41801.jpg,11,691,571,59,120,-1,-1,-1,-1
31, 41801.jpg,12,1394,633,57,71,-1,-1,-1,-1
31, 41801.jpg,15,1164,611,48,120,-1,-1,-1,-1
31, 41801.jpg,17,926,567,55,133,-1,-1,-1,-1
31, 41801.jpg,20,1115,627,64,149,-1,-1,-1,-1
32, 41802.jpg,3,1219,591,63,153,-1,-1,-1,-1
32, 41802.jpg,5,838,600,72,150,-1,-1,-1,-1
32, 41802.jpg,6,539,596,69,147,-1,-1,-1,-1
32, 41802.jpg,7,1316,679,78,153,-1,-1,-1,-1
32, 41802.jpg,8,822,560,74,124,-1,-1,-1,-1
32, 41802.jpg,9,1186,637,60,144,-1,-1,-1,-1
32, 41802.jpg,10,673,635,77,163,-1,-1,-1,-1
32, 41802.jpg,11,687,570,63,124,-1,-1,-1,-1
32, 41802.jpg,12,1386,634,57,69,-1,-1,-1,-1
32, 41802.jpg,15,1162,612,49,127,-1,-1,-1,-1
32, 41802.jpg,17,915,567,55,132,-1,-1,-1,-1
32, 41802.jpg,20,1110,626,66,148,-1,-1,-1,-1
33, 41803.jpg,3,1226,589,62,150,-1,-1,-1,-1
33, 41803.jpg,5,844,580,67,129,-1,-1,-1,-1
33, 41803.jpg,6,535,598,68,145,-1,-1,-1,-1
33, 41803.jpg,7,1311,679,77,152,-1,-1,-1,-1
33, 41803.jpg,8,807,561,74,125,-1,-1,-1,-1
33, 41803.jpg,9,1164,624,67,159,-1,-1,-1,-1
33, 41803.jpg,10,666,641,76,164,-1,-1,-1,-1
33, 41803.jpg,11,681,572,65,125,-1,-1,-1,-1
33, 41803.jpg,12,1377,635,58,69,-1,-1,-1,-1
33, 41803.jpg,15,1153,611,49,125,-1,-1,-1,-1
33, 41803.jpg,17,906,568,55,133,-1,-1,-1,-1
33, 41803.jpg,20,1101,624,67,151,-1,-1,-1,-1
34, 41804.jpg,3,1202,601,66,157,-1,-1,-1,-1
34, 41804.jpg,5,820,589,76,148,-1,-1,-1,-1
34, 41804.jpg,6,532,598,71,147,-1,-1,-1,-1
34, 41804.jpg,7,1308,680,74,150,-1,-1,-1,-1
34, 41804.jpg,8,801,566,69,115,-1,-1,-1,-1
34, 41804.jpg,9,1158,623,67,160,-1,-1,-1,-1
34, 41804.jpg,10,662,644,74,164,-1,-1,-1,-1
34, 41804.jpg,11,676,573,63,120,-1,-1,-1,-1
34, 41804.jpg,12,1366,633,61,72,-1,-1,-1,-1
34, 41804.jpg,17,893,570,55,132,-1,-1,-1,-1
34, 41804.jpg,20,1099,626,67,147,-1,-1,-1,-1
35, 41805.jpg,3,1192,609,68,153,-1,-1,-1,-1
35, 41805.jpg,5,807,592,79,153,-1,-1,-1,-1
35, 41805.jpg,6,531,599,73,145,-1,-1,-1,-1
35, 41805.jpg,7,1304,677,74,152,-1,-1,-1,-1
35, 41805.jpg,8,787,567,71,118,-1,-1,-1,-1
35, 41805.jpg,10,657,650,72,160,-1,-1,-1,-1
35, 41805.jpg,11,670,573,64,120,-1,-1,-1,-1
35, 41805.jpg,12,1360,631,60,72,-1,-1,-1,-1
35, 41805.jpg,15,1139,607,50,126,-1,-1,-1,-1
35, 41805.jpg,17,884,571,55,132,-1,-1,-1,-1
35, 41805.jpg,20,1095,624,67,149,-1,-1,-1,-1
36, 41806.jpg,3,1184,607,72,155,-1,-1,-1,-1
36, 41806.jpg,5,796,597,79,151,-1,-1,-1,-1
36, 41806.jpg,6,525,600,76,146,-1,-1,-1,-1
36, 41806.jpg,7,1300,678,70,149,-1,-1,-1,-1
36, 41806.jpg,8,782,570,69,113,-1,-1,-1,-1
36, 41806.jpg,10,653,653,70,158,-1,-1,-1,-1
36, 41806.jpg,11,665,574,65,120,-1,-1,-1,-1
36, 41806.jpg,12,1353,634,59,68,-1,-1,-1,-1
36, 41806.jpg,15,1139,608,50,128,-1,-1,-1,-1
36, 41806.jpg,17,872,573,56,133,-1,-1,-1,-1
36, 41806.jpg,20,1066,635,65,145,-1,-1,-1,-1
36, 41806.jpg,24,1185,923,73,156,-1,-1,-1,-1
37, 41807.jpg,3,1177,610,72,152,-1,-1,-1,-1
37, 41807.jpg,5,804,595,79,146,-1,-1,-1,-1
37, 41807.jpg,6,519,600,78,146,-1,-1,-1,-1
37, 41807.jpg,7,1295,678,68,147,-1,-1,-1,-1
37, 41807.jpg,8,768,567,71,116,-1,-1,-1,-1
37, 41807.jpg,10,653,630,73,163,-1,-1,-1,-1
37, 41807.jpg,11,660,574,64,121,-1,-1,-1,-1
37, 41807.jpg,12,1345,631,62,72,-1,-1,-1,-1
37, 41807.jpg,15,1127,608,50,128,-1,-1,-1,-1
37, 41807.jpg,17,862,574,56,134,-1,-1,-1,-1
37, 41807.jpg,20,1051,638,66,146,-1,-1,-1,-1
37, 41807.jpg,24,1181,913,76,166,-1,-1,-1,-1
38, 41808.jpg,3,1148,616,72,150,-1,-1,-1,-1
38, 41808.jpg,5,799,593,81,148,-1,-1,-1,-1
38, 41808.jpg,6,514,601,77,144,-1,-1,-1,-1
38, 41808.jpg,7,1292,678,67,145,-1,-1,-1,-1
38, 41808.jpg,8,762,569,70,114,-1,-1,-1,-1
38, 41808.jpg,9,1189,597,68,157,-1,-1,-1,-1
38, 41808.jpg,10,652,623,69,153,-1,-1,-1,-1
38, 41808.jpg,12,1340,630,62,72,-1,-1,-1,-1
38, 41808.jpg,15,1119,607,50,127,-1,-1,-1,-1
38, 41808.jpg,20,1043,640,65,145,-1,-1,-1,-1
38, 41808.jpg,24,1177,911,77,168,-1,-1,-1,-1
39, 41809.jpg,3,1129,619,67,138,-1,-1,-1,-1
39, 41809.jpg,5,796,590,83,151,-1,-1,-1,-1
39, 41809.jpg,6,510,601,79,145,-1,-1,-1,-1
39, 41809.jpg,7,1286,679,67,145,-1,-1,-1,-1
39, 41809.jpg,8,751,573,77,128,-1,-1,-1,-1
39, 41809.jpg,9,1193,593,68,154,-1,-1,-1,-1
39, 41809.jpg,10,646,626,71,157,-1,-1,-1,-1
39, 41809.jpg,11,649,580,66,124,-1,-1,-1,-1
39, 41809.jpg,12,1332,627,65,74,-1,-1,-1,-1
39, 41809.jpg,20,1036,641,65,146,-1,-1,-1,-1
39, 41809.jpg,24,1170,907,78,171,-1,-1,-1,-1
40, 41810.jpg,3,1114,618,68,137,-1,-1,-1,-1
40, 41810.jpg,5,794,589,82,146,-1,-1,-1,-1
40, 41810.jpg,6,508,600,78,146,-1,-1,-1,-1
40, 41810.jpg,7,1282,679,67,144,-1,-1,-1,-1
40, 41810.jpg,8,744,584,79,131,-1,-1,-1,-1
40, 41810.jpg,9,1195,591,67,153,-1,-1,-1,-1
40, 41810.jpg,10,642,628,71,158,-1,-1,-1,-1
40, 41810.jpg,11,646,580,67,124,-1,-1,-1,-1
40, 41810.jpg,12,1324,625,68,79,-1,-1,-1,-1
40, 41810.jpg,20,1029,641,65,147,-1,-1,-1,-1
40, 41810.jpg,24,1166,897,78,173,-1,-1,-1,-1
