2, 18812.jpg,2,456,473,85,64,-1,-1,-1,-1
2, 18812.jpg,3,911,350,32,75,-1,-1,-1,-1
2, 18812.jpg,4,717,385,30,105,-1,-1,-1,-1
2, 18812.jpg,5,734,336,39,105,-1,-1,-1,-1
2, 18812.jpg,6,587,393,80,141,-1,-1,-1,-1
2, 18812.jpg,7,262,387,56,107,-1,-1,-1,-1
2, 18812.jpg,8,561,300,49,108,-1,-1,-1,-1
2, 18812.jpg,9,891,405,48,104,-1,-1,-1,-1
2, 18812.jpg,10,835,306,65,94,-1,-1,-1,-1
2, 18812.jpg,11,432,334,62,84,-1,-1,-1,-1
3, 18813.jpg,2,463,471,83,62,-1,-1,-1,-1
3, 18813.jpg,3,913,351,33,78,-1,-1,-1,-1
3, 18813.jpg,4,718,378,28,96,-1,-1,-1,-1
3, 18813.jpg,5,734,333,39,105,-1,-1,-1,-1
3, 18813.jpg,6,588,397,74,132,-1,-1,-1,-1
3, 18813.jpg,7,260,385,57,109,-1,-1,-1,-1
3, 18813.jpg,8,559,299,47,103,-1,-1,-1,-1
3, 18813.jpg,9,893,403,50,108,-1,-1,-1,-1
3, 18813.jpg,10,839,303,65,95,-1,-1,-1,-1
3, 18813.jpg,11,434,332,63,85,-1,-1,-1,-1
4, 18814.jpg,2,461,470,86,63,-1,-1,-1,-1
4, 18814.jpg,3,913,352,35,81,-1,-1,-1,-1
4, 18814.jpg,4,717,395,32,111,-1,-1,-1,-1
4, 18814.jpg,5,731,329,39,103,-1,-1,-1,-1
4, 18814.jpg,6,587,392,74,132,-1,-1,-1,-1
4, 18814.jpg,7,257,382,59,112,-1,-1,-1,-1
4, 18814.jpg,8,556,296,45,101,-1,-1,-1,-1
4, 18814.jpg,9,894,402,50,109,-1,-1,-1,-1
4, 18814.jpg,10,843,303,64,94,-1,-1,-1,-1
4, 18814.jpg,11,436,330,63,87,-1,-1,-1,-1
5, 18815.jpg,2,462,470,86,64,-1,-1,-1,-1
5, 18815.jpg,3,911,349,36,84,-1,-1,-1,-1
5, 18815.jpg,4,717,398,33,113,-1,-1,-1,-1
5, 18815.jpg,5,723,338,37,99,-1,-1,-1,-1
5, 18815.jpg,6,589,395,72,128,-1,-1,-1,-1
5, 18815.jpg,7,255,380,60,112,-1,-1,-1,-1
5, 18815.jpg,8,553,293,45,102,-1,-1,-1,-1
5, 18815.jpg,9,895,406,49,105,-1,-1,-1,-1
5, 18815.jpg,10,850,301,63,94,-1,-1,-1,-1
5, 18815.jpg,11,436,328,64,89,-1,-1,-1,-1
6, 18816.jpg,2,463,468,86,64,-1,-1,-1,-1
6, 18816.jpg,3,913,352,34,80,-1,-1,-1,-1
6, 18816.jpg,4,716,381,37,125,-1,-1,-1,-1
6, 18816.jpg,5,716,345,36,96,-1,-1,-1,-1
6, 18816.jpg,6,589,393,71,126,-1,-1,-1,-1
6, 18816.jpg,7,252,379,61,114,-1,-1,-1,-1
6, 18816.jpg,8,549,293,45,101,-1,-1,-1,-1
6, 18816.jpg,9,899,409,46,101,-1,-1,-1,-1
6, 18816.jpg,10,854,298,64,97,-1,-1,-1,-1
6, 18816.jpg,11,436,326,64,88,-1,-1,-1,-1
7, 18817.jpg,2,460,468,86,66,-1,-1,-1,-1
7, 18817.jpg,3,909,350,38,90,-1,-1,-1,-1
7, 18817.jpg,4,716,378,38,128,-1,-1,-1,-1
7, 18817.jpg,5,711,337,41,111,-1,-1,-1,-1
7, 18817.jpg,6,583,390,69,123,-1,-1,-1,-1
7, 18817.jpg,7,253,379,61,113,-1,-1,-1,-1
7, 18817.jpg,8,547,295,43,96,-1,-1,-1,-1
7, 18817.jpg,9,901,411,45,98,-1,-1,-1,-1
7, 18817.jpg,10,858,297,63,97,-1,-1,-1,-1
7, 18817.jpg,11,435,325,63,89,-1,-1,-1,-1
8, 18818.jpg,2,458,460,94,73,-1,-1,-1,-1
8, 18818.jpg,3,913,344,35,82,-1,-1,-1,-1
8, 18818.jpg,4,712,374,37,127,-1,-1,-1,-1
8, 18818.jpg,5,713,323,43,116,-1,-1,-1,-1
8, 18818.jpg,6,566,388,63,115,-1,-1,-1,-1
8, 18818.jpg,7,252,379,62,111,-1,-1,-1,-1
8, 18818.jpg,8,544,294,42,94,-1,-1,-1,-1
8, 18818.jpg,9,903,406,49,106,-1,-1,-1,-1
8, 18818.jpg,10,861,297,62,97,-1,-1,-1,-1
8, 18818.jpg,11,435,325,62,89,-1,-1,-1,-1
9, 18819.jpg,2,456,456,98,77,-1,-1,-1,-1
9, 18819.jpg,3,912,348,38,90,-1,-1,-1,-1
9, 18819.jpg,4,713,392,34,111,-1,-1,-1,-1
9, 18819.jpg,5,713,318,44,118,-1,-1,-1,-1
9, 18819.jpg,6,560,390,57,107,-1,-1,-1,-1
9, 18819.jpg,7,252,379,63,110,-1,-1,-1,-1
9, 18819.jpg,8,540,294,41,91,-1,-1,-1,-1
9, 18819.jpg,9,908,405,47,104,-1,-1,-1,-1
9, 18819.jpg,10,865,297,60,96,-1,-1,-1,-1
9, 18819.jpg,11,434,324,62,90,-1,-1,-1,-1
10, 18820.jpg,2,453,452,102,82,-1,-1,-1,-1
10, 18820.jpg,3,911,348,40,95,-1,-1,-1,-1
10, 18820.jpg,4,712,381,37,123,-1,-1,-1,-1
10, 18820.jpg,5,712,321,44,115,-1,-1,-1,-1
10, 18820.jpg,6,556,390,55,104,-1,-1,-1,-1
10, 18820.jpg,7,251,378,64,110,-1,-1,-1,-1
10, 18820.jpg,8,537,294,40,87,-1,-1,-1,-1
10, 18820.jpg,9,911,406,45,103,-1,-1,-1,-1
10, 18820.jpg,10,870,296,59,96,-1,-1,-1,-1
10, 18820.jpg,11,433,323,62,90,-1,-1,-1,-1
10, 18820.jpg,14,625,392,37,125,-1,-1,-1,-1
11, 18821.jpg,2,452,449,103,86,-1,-1,-1,-1
11, 18821.jpg,3,914,352,38,93,-1,-1,-1,-1
11, 18821.jpg,4,712,396,33,106,-1,-1,-1,-1
11, 18821.jpg,5,713,321,42,112,-1,-1,-1,-1
11, 18821.jpg,6,554,392,52,101,-1,-1,-1,-1
11, 18821.jpg,7,250,377,65,110,-1,-1,-1,-1
11, 18821.jpg,8,532,294,41,87,-1,-1,-1,-1
11, 18821.jpg,9,915,408,44,101,-1,-1,-1,-1
11, 18821.jpg,10,875,291,61,103,-1,-1,-1,-1
11, 18821.jpg,11,433,322,60,90,-1,-1,-1,-1
11, 18821.jpg,14,625,389,38,127,-1,-1,-1,-1
12, 18822.jpg,2,453,447,102,90,-1,-1,-1,-1
12, 18822.jpg,3,914,352,40,95,-1,-1,-1,-1
12, 18822.jpg,4,710,393,34,110,-1,-1,-1,-1
12, 18822.jpg,5,712,322,41,108,-1,-1,-1,-1
12, 18822.jpg,6,548,394,52,100,-1,-1,-1,-1
12, 18822.jpg,7,252,376,66,107,-1,-1,-1,-1
12, 18822.jpg,8,530,293,41,86,-1,-1,-1,-1
12, 18822.jpg,9,916,406,45,103,-1,-1,-1,-1
12, 18822.jpg,10,877,290,62,105,-1,-1,-1,-1
12, 18822.jpg,11,432,321,59,90,-1,-1,-1,-1
12, 18822.jpg,14,624,385,39,131,-1,-1,-1,-1
13, 18823.jpg,2,452,446,101,93,-1,-1,-1,-1
13, 18823.jpg,4,709,393,33,111,-1,-1,-1,-1
13, 18823.jpg,5,715,318,34,91,-1,-1,-1,-1
13, 18823.jpg,6,543,395,51,98,-1,-1,-1,-1
13, 18823.jpg,7,251,375,69,106,-1,-1,-1,-1
13, 18823.jpg,8,525,291,41,85,-1,-1,-1,-1
13, 18823.jpg,9,919,402,45,103,-1,-1,-1,-1
13, 18823.jpg,10,887,308,63,111,-1,-1,-1,-1
13, 18823.jpg,11,431,322,57,88,-1,-1,-1,-1
13, 18823.jpg,14,624,382,39,132,-1,-1,-1,-1
14, 18824.jpg,2,452,444,100,96,-1,-1,-1,-1
14, 18824.jpg,3,919,356,38,92,-1,-1,-1,-1
14, 18824.jpg,4,709,400,31,101,-1,-1,-1,-1
14, 18824.jpg,5,708,334,38,99,-1,-1,-1,-1
14, 18824.jpg,6,539,395,50,98,-1,-1,-1,-1
14, 18824.jpg,7,252,374,70,105,-1,-1,-1,-1
14, 18824.jpg,8,520,288,43,86,-1,-1,-1,-1
14, 18824.jpg,9,920,401,47,107,-1,-1,-1,-1
14, 18824.jpg,10,886,297,59,106,-1,-1,-1,-1
14, 18824.jpg,11,429,321,56,89,-1,-1,-1,-1
14, 18824.jpg,14,623,379,39,131,-1,-1,-1,-1
15, 18825.jpg,2,452,442,99,100,-1,-1,-1,-1
15, 18825.jpg,3,919,355,39,92,-1,-1,-1,-1
15, 18825.jpg,4,709,400,30,101,-1,-1,-1,-1
15, 18825.jpg,5,705,345,41,109,-1,-1,-1,-1
15, 18825.jpg,6,535,396,51,99,-1,-1,-1,-1
15, 18825.jpg,7,253,373,72,105,-1,-1,-1,-1
15, 18825.jpg,8,515,286,43,83,-1,-1,-1,-1
15, 18825.jpg,9,923,402,48,107,-1,-1,-1,-1
15, 18825.jpg,10,890,293,54,99,-1,-1,-1,-1
15, 18825.jpg,11,428,321,54,89,-1,-1,-1,-1
15, 18825.jpg,14,622,377,40,131,-1,-1,-1,-1
16, 18826.jpg,2,452,440,95,101,-1,-1,-1,-1
16, 18826.jpg,3,917,354,41,93,-1,-1,-1,-1
16, 18826.jpg,5,701,350,38,99,-1,-1,-1,-1
16, 18826.jpg,6,531,397,52,99,-1,-1,-1,-1
16, 18826.jpg,7,250,373,74,105,-1,-1,-1,-1
16, 18826.jpg,8,512,283,43,85,-1,-1,-1,-1
16, 18826.jpg,9,922,403,50,106,-1,-1,-1,-1
16, 18826.jpg,10,893,289,52,100,-1,-1,-1,-1
16, 18826.jpg,11,426,321,54,89,-1,-1,-1,-1
16, 18826.jpg,14,621,376,39,129,-1,-1,-1,-1
17, 18827.jpg,2,450,439,92,102,-1,-1,-1,-1
17, 18827.jpg,3,916,347,45,99,-1,-1,-1,-1
17, 18827.jpg,4,703,368,39,126,-1,-1,-1,-1
17, 18827.jpg,5,697,352,35,96,-1,-1,-1,-1
17, 18827.jpg,6,527,396,53,100,-1,-1,-1,-1
17, 18827.jpg,7,249,373,76,107,-1,-1,-1,-1
17, 18827.jpg,8,509,278,45,89,-1,-1,-1,-1
17, 18827.jpg,9,924,409,48,100,-1,-1,-1,-1
17, 18827.jpg,10,897,290,49,95,-1,-1,-1,-1
17, 18827.jpg,11,424,320,54,91,-1,-1,-1,-1
17, 18827.jpg,14,618,376,40,127,-1,-1,-1,-1
18, 18828.jpg,2,450,436,90,105,-1,-1,-1,-1
18, 18828.jpg,3,917,346,46,99,-1,-1,-1,-1
18, 18828.jpg,4,702,364,39,129,-1,-1,-1,-1
18, 18828.jpg,5,699,344,35,95,-1,-1,-1,-1
18, 18828.jpg,6,524,395,54,102,-1,-1,-1,-1
18, 18828.jpg,7,250,372,75,103,-1,-1,-1,-1
18, 18828.jpg,8,503,275,48,93,-1,-1,-1,-1
18, 18828.jpg,9,925,410,49,98,-1,-1,-1,-1
18, 18828.jpg,10,900,289,49,97,-1,-1,-1,-1
18, 18828.jpg,11,423,318,53,93,-1,-1,-1,-1
18, 18828.jpg,14,618,372,41,129,-1,-1,-1,-1
19, 18829.jpg,2,449,434,88,107,-1,-1,-1,-1
19, 18829.jpg,3,913,324,47,104,-1,-1,-1,-1
19, 18829.jpg,4,702,359,38,123,-1,-1,-1,-1
19, 18829.jpg,5,694,335,37,101,-1,-1,-1,-1
19, 18829.jpg,6,518,393,56,105,-1,-1,-1,-1
19, 18829.jpg,7,252,370,76,104,-1,-1,-1,-1
19, 18829.jpg,8,495,274,52,106,-1,-1,-1,-1
19, 18829.jpg,9,926,411,49,99,-1,-1,-1,-1
19, 18829.jpg,10,903,288,49,97,-1,-1,-1,-1
19, 18829.jpg,11,422,317,52,94,-1,-1,-1,-1
19, 18829.jpg,14,617,370,41,130,-1,-1,-1,-1
20, 18830.jpg,2,447,431,86,110,-1,-1,-1,-1
20, 18830.jpg,3,914,312,48,105,-1,-1,-1,-1
20, 18830.jpg,4,699,353,38,124,-1,-1,-1,-1
20, 18830.jpg,5,692,335,37,101,-1,-1,-1,-1
20, 18830.jpg,6,514,392,55,106,-1,-1,-1,-1
20, 18830.jpg,7,255,368,76,105,-1,-1,-1,-1
20, 18830.jpg,8,494,270,49,101,-1,-1,-1,-1
20, 18830.jpg,9,929,410,48,100,-1,-1,-1,-1
20, 18830.jpg,11,421,316,51,95,-1,-1,-1,-1
20, 18830.jpg,14,616,368,42,129,-1,-1,-1,-1
21, 18831.jpg,2,445,426,86,115,-1,-1,-1,-1
21, 18831.jpg,3,925,330,45,101,-1,-1,-1,-1
21, 18831.jpg,4,697,349,33,109,-1,-1,-1,-1
21, 18831.jpg,5,697,314,39,106,-1,-1,-1,-1
21, 18831.jpg,6,511,392,54,105,-1,-1,-1,-1
21, 18831.jpg,7,261,367,75,107,-1,-1,-1,-1
21, 18831.jpg,8,491,268,47,95,-1,-1,-1,-1
21, 18831.jpg,9,931,411,48,100,-1,-1,-1,-1
21, 18831.jpg,10,910,288,47,94,-1,-1,-1,-1
21, 18831.jpg,11,421,316,49,94,-1,-1,-1,-1
21, 18831.jpg,14,613,365,42,130,-1,-1,-1,-1
21, 18831.jpg,18,709,305,25,77,-1,-1,-1,-1
22, 18832.jpg,2,462,414,83,112,-1,-1,-1,-1
22, 18832.jpg,3,930,335,43,96,-1,-1,-1,-1
22, 18832.jpg,4,697,366,33,105,-1,-1,-1,-1
22, 18832.jpg,5,693,329,36,100,-1,-1,-1,-1
22, 18832.jpg,6,507,392,53,104,-1,-1,-1,-1
22, 18832.jpg,7,265,365,75,108,-1,-1,-1,-1
22, 18832.jpg,8,485,267,47,94,-1,-1,-1,-1
22, 18832.jpg,9,933,409,49,103,-1,-1,-1,-1
22, 18832.jpg,10,916,292,43,86,-1,-1,-1,-1
22, 18832.jpg,11,420,315,49,95,-1,-1,-1,-1
22, 18832.jpg,14,610,363,41,126,-1,-1,-1,-1
22, 18832.jpg,18,702,304,33,98,-1,-1,-1,-1
23, 18833.jpg,2,462,409,84,118,-1,-1,-1,-1
23, 18833.jpg,3,932,337,43,96,-1,-1,-1,-1
23, 18833.jpg,4,697,375,32,102,-1,-1,-1,-1
23, 18833.jpg,5,692,322,36,98,-1,-1,-1,-1
23, 18833.jpg,7,268,363,73,107,-1,-1,-1,-1
23, 18833.jpg,8,482,268,45,88,-1,-1,-1,-1
23, 18833.jpg,9,935,406,50,108,-1,-1,-1,-1
23, 18833.jpg,10,922,294,39,79,-1,-1,-1,-1
23, 18833.jpg,11,419,315,47,94,-1,-1,-1,-1
23, 18833.jpg,14,608,362,41,122,-1,-1,-1,-1
23, 18833.jpg,18,700,304,33,99,-1,-1,-1,-1
24, 18834.jpg,2,465,406,80,116,-1,-1,-1,-1
24, 18834.jpg,3,931,326,48,109,-1,-1,-1,-1
24, 18834.jpg,4,695,376,33,103,-1,-1,-1,-1
24, 18834.jpg,5,690,321,36,98,-1,-1,-1,-1
24, 18834.jpg,7,271,361,73,109,-1,-1,-1,-1
24, 18834.jpg,8,478,270,44,84,-1,-1,-1,-1
24, 18834.jpg,9,938,407,50,108,-1,-1,-1,-1
24, 18834.jpg,10,926,294,38,77,-1,-1,-1,-1
24, 18834.jpg,11,417,315,47,93,-1,-1,-1,-1
24, 18834.jpg,14,606,361,40,118,-1,-1,-1,-1
24, 18834.jpg,18,699,301,30,90,-1,-1,-1,-1
25, 18835.jpg,2,465,402,82,119,-1,-1,-1,-1
25, 18835.jpg,3,933,323,45,100,-1,-1,-1,-1
25, 18835.jpg,4,692,377,32,99,-1,-1,-1,-1
25, 18835.jpg,5,685,325,34,96,-1,-1,-1,-1
25, 18835.jpg,6,489,402,47,91,-1,-1,-1,-1
25, 18835.jpg,7,272,358,75,111,-1,-1,-1,-1
25, 18835.jpg,8,471,270,45,82,-1,-1,-1,-1
25, 18835.jpg,9,940,407,52,112,-1,-1,-1,-1
25, 18835.jpg,11,415,316,46,92,-1,-1,-1,-1
25, 18835.jpg,14,604,359,40,119,-1,-1,-1,-1
25, 18835.jpg,18,694,306,35,100,-1,-1,-1,-1
26, 18836.jpg,3,940,344,45,101,-1,-1,-1,-1
26, 18836.jpg,4,689,379,32,95,-1,-1,-1,-1
26, 18836.jpg,5,682,325,34,95,-1,-1,-1,-1
26, 18836.jpg,6,486,401,45,88,-1,-1,-1,-1
26, 18836.jpg,7,274,355,76,113,-1,-1,-1,-1
26, 18836.jpg,8,468,267,46,84,-1,-1,-1,-1
26, 18836.jpg,9,941,407,54,114,-1,-1,-1,-1
26, 18836.jpg,10,930,296,42,86,-1,-1,-1,-1
26, 18836.jpg,11,412,316,46,93,-1,-1,-1,-1
26, 18836.jpg,14,601,357,41,119,-1,-1,-1,-1
26, 18836.jpg,18,692,306,37,104,-1,-1,-1,-1
26, 18836.jpg,19,448,414,54,129,-1,-1,-1,-1
27, 18837.jpg,3,942,344,45,102,-1,-1,-1,-1
27, 18837.jpg,4,688,379,31,94,-1,-1,-1,-1
27, 18837.jpg,5,681,337,39,108,-1,-1,-1,-1
27, 18837.jpg,6,484,403,43,85,-1,-1,-1,-1
27, 18837.jpg,7,273,354,78,116,-1,-1,-1,-1
27, 18837.jpg,8,466,272,44,80,-1,-1,-1,-1
27, 18837.jpg,9,941,406,54,115,-1,-1,-1,-1
27, 18837.jpg,10,932,297,43,86,-1,-1,-1,-1
27, 18837.jpg,11,410,316,46,94,-1,-1,-1,-1
27, 18837.jpg,14,598,356,41,118,-1,-1,-1,-1
27, 18837.jpg,18,690,306,37,106,-1,-1,-1,-1
27, 18837.jpg,19,441,413,55,132,-1,-1,-1,-1
28, 18838.jpg,3,938,355,47,100,-1,-1,-1,-1
28, 18838.jpg,5,679,341,37,103,-1,-1,-1,-1
28, 18838.jpg,6,483,406,39,80,-1,-1,-1,-1
28, 18838.jpg,7,273,354,79,117,-1,-1,-1,-1
28, 18838.jpg,8,464,274,44,79,-1,-1,-1,-1
28, 18838.jpg,9,940,408,54,112,-1,-1,-1,-1
28, 18838.jpg,10,932,297,43,84,-1,-1,-1,-1
28, 18838.jpg,11,407,316,47,94,-1,-1,-1,-1
28, 18838.jpg,14,594,352,41,120,-1,-1,-1,-1
28, 18838.jpg,19,438,414,56,134,-1,-1,-1,-1
29, 18839.jpg,3,940,357,46,100,-1,-1,-1,-1
29, 18839.jpg,4,680,378,32,92,-1,-1,-1,-1
29, 18839.jpg,5,677,342,37,104,-1,-1,-1,-1
29, 18839.jpg,6,481,411,36,74,-1,-1,-1,-1
29, 18839.jpg,7,278,355,76,114,-1,-1,-1,-1
29, 18839.jpg,8,462,275,44,78,-1,-1,-1,-1
29, 18839.jpg,9,938,406,55,114,-1,-1,-1,-1
29, 18839.jpg,10,932,297,43,82,-1,-1,-1,-1
29, 18839.jpg,11,404,315,46,95,-1,-1,-1,-1
29, 18839.jpg,14,591,348,42,121,-1,-1,-1,-1
29, 18839.jpg,19,436,415,54,132,-1,-1,-1,-1
30, 18840.jpg,3,939,341,49,102,-1,-1,-1,-1
30, 18840.jpg,4,676,375,33,94,-1,-1,-1,-1
30, 18840.jpg,6,476,410,37,75,-1,-1,-1,-1
30, 18840.jpg,7,282,354,74,114,-1,-1,-1,-1
30, 18840.jpg,8,459,277,43,74,-1,-1,-1,-1
30, 18840.jpg,9,939,409,53,110,-1,-1,-1,-1
30, 18840.jpg,10,932,299,43,79,-1,-1,-1,-1
30, 18840.jpg,11,403,317,44,93,-1,-1,-1,-1
30, 18840.jpg,14,587,347,43,120,-1,-1,-1,-1
30, 18840.jpg,18,688,312,34,93,-1,-1,-1,-1
30, 18840.jpg,19,433,415,55,131,-1,-1,-1,-1
31, 18841.jpg,3,940,341,49,103,-1,-1,-1,-1
31, 18841.jpg,4,674,375,33,93,-1,-1,-1,-1
31, 18841.jpg,5,675,345,34,94,-1,-1,-1,-1
31, 18841.jpg,6,472,412,36,73,-1,-1,-1,-1
31, 18841.jpg,7,284,354,71,111,-1,-1,-1,-1
31, 18841.jpg,8,456,277,43,73,-1,-1,-1,-1
31, 18841.jpg,9,940,410,52,108,-1,-1,-1,-1
31, 18841.jpg,10,933,300,44,78,-1,-1,-1,-1
31, 18841.jpg,11,399,319,45,92,-1,-1,-1,-1
31, 18841.jpg,14,582,347,41,115,-1,-1,-1,-1
31, 18841.jpg,18,679,310,35,94,-1,-1,-1,-1
31, 18841.jpg,19,442,420,49,114,-1,-1,-1,-1
32, 18842.jpg,3,946,342,48,100,-1,-1,-1,-1
32, 18842.jpg,5,673,359,36,95,-1,-1,-1,-1
32, 18842.jpg,6,473,416,33,68,-1,-1,-1,-1
32, 18842.jpg,7,285,354,68,109,-1,-1,-1,-1
32, 18842.jpg,8,454,277,43,72,-1,-1,-1,-1
32, 18842.jpg,9,942,411,51,107,-1,-1,-1,-1
32, 18842.jpg,10,932,302,43,75,-1,-1,-1,-1
32, 18842.jpg,11,396,320,44,92,-1,-1,-1,-1
32, 18842.jpg,14,576,347,42,111,-1,-1,-1,-1
32, 18842.jpg,18,674,314,37,92,-1,-1,-1,-1
32, 18842.jpg,19,431,419,53,122,-1,-1,-1,-1
33, 18843.jpg,3,951,344,47,98,-1,-1,-1,-1
33, 18843.jpg,5,669,357,40,104,-1,-1,-1,-1
33, 18843.jpg,6,469,416,32,64,-1,-1,-1,-1
33, 18843.jpg,7,285,353,66,111,-1,-1,-1,-1
33, 18843.jpg,8,451,276,44,73,-1,-1,-1,-1
33, 18843.jpg,9,944,411,51,108,-1,-1,-1,-1
33, 18843.jpg,10,934,304,46,75,-1,-1,-1,-1
33, 18843.jpg,11,393,321,44,92,-1,-1,-1,-1
33, 18843.jpg,14,570,347,42,109,-1,-1,-1,-1
33, 18843.jpg,18,669,308,40,98,-1,-1,-1,-1
33, 18843.jpg,19,426,421,53,124,-1,-1,-1,-1
34, 18844.jpg,3,952,334,51,108,-1,-1,-1,-1
34, 18844.jpg,5,667,360,40,104,-1,-1,-1,-1
34, 18844.jpg,6,465,416,33,65,-1,-1,-1,-1
34, 18844.jpg,7,286,351,64,111,-1,-1,-1,-1
34, 18844.jpg,8,449,275,44,75,-1,-1,-1,-1
34, 18844.jpg,9,945,412,50,106,-1,-1,-1,-1
34, 18844.jpg,10,929,304,49,77,-1,-1,-1,-1
34, 18844.jpg,11,390,321,45,93,-1,-1,-1,-1
34, 18844.jpg,14,566,346,42,107,-1,-1,-1,-1
34, 18844.jpg,18,668,317,41,99,-1,-1,-1,-1
34, 18844.jpg,19,423,421,53,125,-1,-1,-1,-1
35, 18845.jpg,3,953,332,52,109,-1,-1,-1,-1
35, 18845.jpg,5,663,362,40,100,-1,-1,-1,-1
35, 18845.jpg,6,462,416,33,67,-1,-1,-1,-1
35, 18845.jpg,7,286,350,64,113,-1,-1,-1,-1
35, 18845.jpg,8,446,275,45,74,-1,-1,-1,-1
35, 18845.jpg,9,945,413,49,105,-1,-1,-1,-1
35, 18845.jpg,10,927,304,50,77,-1,-1,-1,-1
35, 18845.jpg,11,387,321,44,92,-1,-1,-1,-1
35, 18845.jpg,14,561,345,42,106,-1,-1,-1,-1
35, 18845.jpg,18,664,311,41,97,-1,-1,-1,-1
35, 18845.jpg,19,422,421,53,125,-1,-1,-1,-1
36, 18846.jpg,3,955,330,52,112,-1,-1,-1,-1
36, 18846.jpg,5,663,365,42,101,-1,-1,-1,-1
36, 18846.jpg,6,455,415,35,67,-1,-1,-1,-1
36, 18846.jpg,7,286,349,62,113,-1,-1,-1,-1
36, 18846.jpg,8,442,274,45,76,-1,-1,-1,-1
36, 18846.jpg,9,945,413,48,105,-1,-1,-1,-1
36, 18846.jpg,10,934,309,51,77,-1,-1,-1,-1
36, 18846.jpg,11,383,319,45,96,-1,-1,-1,-1
36, 18846.jpg,14,560,343,41,105,-1,-1,-1,-1
36, 18846.jpg,18,662,312,41,96,-1,-1,-1,-1
36, 18846.jpg,19,422,422,52,124,-1,-1,-1,-1
37, 18847.jpg,3,957,330,50,109,-1,-1,-1,-1
37, 18847.jpg,5,661,368,45,100,-1,-1,-1,-1
37, 18847.jpg,6,452,416,33,66,-1,-1,-1,-1
37, 18847.jpg,7,284,348,61,113,-1,-1,-1,-1
37, 18847.jpg,8,438,275,46,76,-1,-1,-1,-1
37, 18847.jpg,9,944,413,48,104,-1,-1,-1,-1
37, 18847.jpg,10,928,308,50,74,-1,-1,-1,-1
37, 18847.jpg,11,381,321,43,93,-1,-1,-1,-1
37, 18847.jpg,14,557,341,41,107,-1,-1,-1,-1
37, 18847.jpg,18,660,308,42,94,-1,-1,-1,-1
37, 18847.jpg,19,424,423,51,120,-1,-1,-1,-1
38, 18848.jpg,3,960,333,48,104,-1,-1,-1,-1
38, 18848.jpg,5,658,369,46,97,-1,-1,-1,-1
38, 18848.jpg,7,282,348,60,113,-1,-1,-1,-1
38, 18848.jpg,8,434,275,48,78,-1,-1,-1,-1
38, 18848.jpg,9,943,413,47,105,-1,-1,-1,-1
38, 18848.jpg,10,921,308,51,76,-1,-1,-1,-1
38, 18848.jpg,11,379,322,42,92,-1,-1,-1,-1
38, 18848.jpg,14,552,340,42,107,-1,-1,-1,-1
38, 18848.jpg,18,656,306,40,88,-1,-1,-1,-1
38, 18848.jpg,19,423,424,51,119,-1,-1,-1,-1
39, 18849.jpg,3,964,336,47,100,-1,-1,-1,-1
39, 18849.jpg,5,654,371,50,97,-1,-1,-1,-1
39, 18849.jpg,7,281,348,58,112,-1,-1,-1,-1
39, 18849.jpg,8,429,276,49,79,-1,-1,-1,-1
39, 18849.jpg,9,942,413,47,105,-1,-1,-1,-1
39, 18849.jpg,10,918,308,52,78,-1,-1,-1,-1
39, 18849.jpg,11,374,320,42,95,-1,-1,-1,-1
39, 18849.jpg,14,549,341,42,105,-1,-1,-1,-1
39, 18849.jpg,18,650,304,37,80,-1,-1,-1,-1
39, 18849.jpg,19,421,423,52,120,-1,-1,-1,-1
40, 18850.jpg,3,966,336,48,100,-1,-1,-1,-1
40, 18850.jpg,5,650,369,53,100,-1,-1,-1,-1
40, 18850.jpg,7,280,349,56,111,-1,-1,-1,-1
40, 18850.jpg,8,423,274,54,85,-1,-1,-1,-1
40, 18850.jpg,9,940,414,47,105,-1,-1,-1,-1
40, 18850.jpg,10,916,307,52,79,-1,-1,-1,-1
40, 18850.jpg,11,371,319,43,98,-1,-1,-1,-1
40, 18850.jpg,14,547,343,40,99,-1,-1,-1,-1
40, 18850.jpg,18,644,302,37,81,-1,-1,-1,-1
40, 18850.jpg,19,420,423,54,120,-1,-1,-1,-1
