2, 26832.jpg,1,477,349,44,107,-1,-1,-1,-1
2, 26832.jpg,2,209,351,43,96,-1,-1,-1,-1
2, 26832.jpg,3,298,305,33,83,-1,-1,-1,-1
2, 26832.jpg,4,353,339,40,78,-1,-1,-1,-1
2, 26832.jpg,5,183,434,46,80,-1,-1,-1,-1
2, 26832.jpg,6,431,389,34,95,-1,-1,-1,-1
2, 26832.jpg,7,622,377,41,83,-1,-1,-1,-1
3, 26833.jpg,1,478,343,47,112,-1,-1,-1,-1
3, 26833.jpg,2,214,345,48,105,-1,-1,-1,-1
3, 26833.jpg,3,307,305,31,77,-1,-1,-1,-1
3, 26833.jpg,4,362,340,40,78,-1,-1,-1,-1
3, 26833.jpg,5,189,431,47,82,-1,-1,-1,-1
3, 26833.jpg,6,440,388,35,97,-1,-1,-1,-1
3, 26833.jpg,7,625,380,38,77,-1,-1,-1,-1
3, 26833.jpg,9,504,369,36,93,-1,-1,-1,-1
4, 26834.jpg,1,495,327,40,97,-1,-1,-1,-1
4, 26834.jpg,2,225,356,44,97,-1,-1,-1,-1
4, 26834.jpg,3,313,304,30,75,-1,-1,-1,-1
4, 26834.jpg,4,372,341,39,76,-1,-1,-1,-1
4, 26834.jpg,5,198,427,48,83,-1,-1,-1,-1
4, 26834.jpg,6,448,387,37,101,-1,-1,-1,-1
4, 26834.jpg,7,638,379,39,78,-1,-1,-1,-1
4, 26834.jpg,9,515,368,36,92,-1,-1,-1,-1
5, 26835.jpg,1,500,318,41,97,-1,-1,-1,-1
5, 26835.jpg,2,236,346,38,83,-1,-1,-1,-1
5, 26835.jpg,4,380,341,39,75,-1,-1,-1,-1
5, 26835.jpg,5,205,424,48,83,-1,-1,-1,-1
5, 26835.jpg,6,457,387,36,102,-1,-1,-1,-1
5, 26835.jpg,7,651,379,40,80,-1,-1,-1,-1
5, 26835.jpg,9,518,361,40,100,-1,-1,-1,-1
6, 26836.jpg,1,517,328,37,88,-1,-1,-1,-1
6, 26836.jpg,2,243,344,44,96,-1,-1,-1,-1
6, 26836.jpg,3,333,297,32,77,-1,-1,-1,-1
6, 26836.jpg,4,389,342,39,74,-1,-1,-1,-1
6, 26836.jpg,5,215,422,46,81,-1,-1,-1,-1
6, 26836.jpg,6,468,387,37,102,-1,-1,-1,-1
6, 26836.jpg,7,652,377,39,78,-1,-1,-1,-1
6, 26836.jpg,9,533,364,38,97,-1,-1,-1,-1
6, 26836.jpg,10,1100,360,70,86,-1,-1,-1,-1
7, 26837.jpg,1,525,332,39,93,-1,-1,-1,-1
7, 26837.jpg,2,251,340,46,101,-1,-1,-1,-1
7, 26837.jpg,3,340,295,32,76,-1,-1,-1,-1
7, 26837.jpg,4,397,341,39,74,-1,-1,-1,-1
7, 26837.jpg,5,222,417,44,80,-1,-1,-1,-1
7, 26837.jpg,6,480,388,37,101,-1,-1,-1,-1
7, 26837.jpg,7,666,376,43,84,-1,-1,-1,-1
7, 26837.jpg,9,539,363,40,99,-1,-1,-1,-1
7, 26837.jpg,10,1113,360,69,86,-1,-1,-1,-1
8, 26838.jpg,1,535,331,38,90,-1,-1,-1,-1
8, 26838.jpg,2,259,342,46,100,-1,-1,-1,-1
8, 26838.jpg,3,351,296,31,74,-1,-1,-1,-1
8, 26838.jpg,4,406,341,39,74,-1,-1,-1,-1
8, 26838.jpg,5,228,414,45,80,-1,-1,-1,-1
8, 26838.jpg,6,488,387,37,102,-1,-1,-1,-1
8, 26838.jpg,7,675,375,45,87,-1,-1,-1,-1
8, 26838.jpg,9,549,360,42,102,-1,-1,-1,-1
8, 26838.jpg,10,1122,359,63,79,-1,-1,-1,-1
9, 26839.jpg,1,548,332,39,90,-1,-1,-1,-1
9, 26839.jpg,2,270,335,39,87,-1,-1,-1,-1
9, 26839.jpg,3,360,294,31,74,-1,-1,-1,-1
9, 26839.jpg,4,412,340,39,73,-1,-1,-1,-1
9, 26839.jpg,5,237,412,44,79,-1,-1,-1,-1
9, 26839.jpg,6,498,387,38,103,-1,-1,-1,-1
9, 26839.jpg,7,684,374,47,88,-1,-1,-1,-1
9, 26839.jpg,9,556,358,42,104,-1,-1,-1,-1
9, 26839.jpg,10,1131,360,69,83,-1,-1,-1,-1
10, 26840.jpg,1,557,329,38,90,-1,-1,-1,-1
10, 26840.jpg,2,274,334,45,102,-1,-1,-1,-1
10, 26840.jpg,3,368,293,32,75,-1,-1,-1,-1
10, 26840.jpg,4,418,340,39,73,-1,-1,-1,-1
10, 26840.jpg,5,245,410,43,77,-1,-1,-1,-1
10, 26840.jpg,6,508,389,36,99,-1,-1,-1,-1
10, 26840.jpg,7,694,372,49,90,-1,-1,-1,-1
10, 26840.jpg,9,566,360,42,101,-1,-1,-1,-1
10, 26840.jpg,10,1141,361,66,81,-1,-1,-1,-1
11, 26841.jpg,1,568,333,37,85,-1,-1,-1,-1
11, 26841.jpg,2,284,347,41,93,-1,-1,-1,-1
11, 26841.jpg,3,376,293,32,74,-1,-1,-1,-1
11, 26841.jpg,4,424,339,39,75,-1,-1,-1,-1
11, 26841.jpg,5,254,410,40,72,-1,-1,-1,-1
11, 26841.jpg,6,517,389,37,101,-1,-1,-1,-1
11, 26841.jpg,7,716,375,47,91,-1,-1,-1,-1
11, 26841.jpg,9,574,363,41,97,-1,-1,-1,-1
11, 26841.jpg,10,1145,362,70,85,-1,-1,-1,-1
12, 26842.jpg,1,577,332,36,83,-1,-1,-1,-1
12, 26842.jpg,2,293,349,38,87,-1,-1,-1,-1
12, 26842.jpg,3,384,292,32,75,-1,-1,-1,-1
12, 26842.jpg,4,429,340,39,76,-1,-1,-1,-1
12, 26842.jpg,5,260,409,40,72,-1,-1,-1,-1
12, 26842.jpg,6,528,390,37,99,-1,-1,-1,-1
12, 26842.jpg,7,712,369,47,88,-1,-1,-1,-1
12, 26842.jpg,9,583,363,42,97,-1,-1,-1,-1
12, 26842.jpg,10,1154,362,70,85,-1,-1,-1,-1
13, 26843.jpg,1,587,330,34,79,-1,-1,-1,-1
13, 26843.jpg,2,305,368,34,76,-1,-1,-1,-1
13, 26843.jpg,3,393,291,33,75,-1,-1,-1,-1
13, 26843.jpg,4,435,340,39,78,-1,-1,-1,-1
13, 26843.jpg,5,267,410,38,68,-1,-1,-1,-1
13, 26843.jpg,6,535,390,37,99,-1,-1,-1,-1
13, 26843.jpg,7,734,374,45,87,-1,-1,-1,-1
13, 26843.jpg,9,593,367,40,92,-1,-1,-1,-1
13, 26843.jpg,10,1163,360,72,89,-1,-1,-1,-1
14, 26844.jpg,1,594,339,36,83,-1,-1,-1,-1
14, 26844.jpg,2,313,371,33,74,-1,-1,-1,-1
14, 26844.jpg,3,400,291,33,75,-1,-1,-1,-1
14, 26844.jpg,4,440,341,41,79,-1,-1,-1,-1
14, 26844.jpg,5,285,404,40,69,-1,-1,-1,-1
14, 26844.jpg,6,545,391,37,99,-1,-1,-1,-1
14, 26844.jpg,7,745,376,46,88,-1,-1,-1,-1
14, 26844.jpg,9,601,367,40,92,-1,-1,-1,-1
14, 26844.jpg,10,1170,360,73,89,-1,-1,-1,-1
15, 26845.jpg,1,602,336,35,79,-1,-1,-1,-1
15, 26845.jpg,2,321,383,30,65,-1,-1,-1,-1
15, 26845.jpg,3,407,290,33,75,-1,-1,-1,-1
15, 26845.jpg,4,443,342,40,80,-1,-1,-1,-1
15, 26845.jpg,5,283,406,40,69,-1,-1,-1,-1
15, 26845.jpg,6,552,393,37,96,-1,-1,-1,-1
15, 26845.jpg,7,758,378,46,90,-1,-1,-1,-1
15, 26845.jpg,9,607,367,43,100,-1,-1,-1,-1
15, 26845.jpg,10,1175,360,72,90,-1,-1,-1,-1
15, 26845.jpg,12,313,328,32,71,-1,-1,-1,-1
16, 26846.jpg,1,611,341,37,84,-1,-1,-1,-1
16, 26846.jpg,2,331,387,29,63,-1,-1,-1,-1
16, 26846.jpg,3,414,289,33,74,-1,-1,-1,-1
16, 26846.jpg,4,446,344,40,77,-1,-1,-1,-1
16, 26846.jpg,5,284,407,41,67,-1,-1,-1,-1
16, 26846.jpg,6,560,394,38,96,-1,-1,-1,-1
16, 26846.jpg,7,761,376,48,91,-1,-1,-1,-1
16, 26846.jpg,9,615,367,43,101,-1,-1,-1,-1
16, 26846.jpg,10,1180,359,71,91,-1,-1,-1,-1
16, 26846.jpg,12,318,329,31,69,-1,-1,-1,-1
16, 26846.jpg,13,740,365,43,76,-1,-1,-1,-1
17, 26847.jpg,1,618,334,35,82,-1,-1,-1,-1
17, 26847.jpg,2,334,386,30,64,-1,-1,-1,-1
17, 26847.jpg,3,420,287,33,75,-1,-1,-1,-1
17, 26847.jpg,4,450,346,39,76,-1,-1,-1,-1
17, 26847.jpg,5,288,406,41,69,-1,-1,-1,-1
17, 26847.jpg,6,567,397,36,91,-1,-1,-1,-1
17, 26847.jpg,7,777,379,46,91,-1,-1,-1,-1
17, 26847.jpg,9,621,369,43,102,-1,-1,-1,-1
17, 26847.jpg,10,1185,360,69,90,-1,-1,-1,-1
17, 26847.jpg,12,321,328,33,71,-1,-1,-1,-1
17, 26847.jpg,13,751,366,42,74,-1,-1,-1,-1
18, 26848.jpg,1,627,328,33,76,-1,-1,-1,-1
18, 26848.jpg,2,341,388,31,63,-1,-1,-1,-1
18, 26848.jpg,3,426,284,33,76,-1,-1,-1,-1
18, 26848.jpg,4,455,347,39,77,-1,-1,-1,-1
18, 26848.jpg,5,291,405,42,69,-1,-1,-1,-1
18, 26848.jpg,6,573,399,36,91,-1,-1,-1,-1
18, 26848.jpg,7,788,381,46,93,-1,-1,-1,-1
18, 26848.jpg,9,626,370,41,101,-1,-1,-1,-1
18, 26848.jpg,10,1193,362,66,87,-1,-1,-1,-1
18, 26848.jpg,12,324,328,33,69,-1,-1,-1,-1
18, 26848.jpg,13,757,364,41,73,-1,-1,-1,-1
19, 26849.jpg,1,633,325,32,73,-1,-1,-1,-1
19, 26849.jpg,2,350,389,32,64,-1,-1,-1,-1
19, 26849.jpg,3,431,282,34,76,-1,-1,-1,-1
19, 26849.jpg,4,459,347,39,76,-1,-1,-1,-1
19, 26849.jpg,5,294,402,43,72,-1,-1,-1,-1
19, 26849.jpg,6,579,401,36,90,-1,-1,-1,-1
19, 26849.jpg,7,796,383,46,94,-1,-1,-1,-1
19, 26849.jpg,9,634,375,40,101,-1,-1,-1,-1
19, 26849.jpg,10,1196,363,64,86,-1,-1,-1,-1
19, 26849.jpg,12,328,327,34,72,-1,-1,-1,-1
19, 26849.jpg,13,764,364,41,74,-1,-1,-1,-1
20, 26850.jpg,1,641,324,31,71,-1,-1,-1,-1
20, 26850.jpg,2,353,388,35,66,-1,-1,-1,-1
20, 26850.jpg,3,436,280,33,75,-1,-1,-1,-1
20, 26850.jpg,4,463,348,38,75,-1,-1,-1,-1
20, 26850.jpg,5,296,401,45,74,-1,-1,-1,-1
20, 26850.jpg,6,582,402,37,91,-1,-1,-1,-1
20, 26850.jpg,7,804,385,46,95,-1,-1,-1,-1
20, 26850.jpg,9,638,373,41,103,-1,-1,-1,-1
20, 26850.jpg,10,1200,363,63,88,-1,-1,-1,-1
20, 26850.jpg,12,331,327,35,71,-1,-1,-1,-1
20, 26850.jpg,13,769,364,40,72,-1,-1,-1,-1
21, 26851.jpg,1,638,328,35,80,-1,-1,-1,-1
21, 26851.jpg,2,361,388,36,68,-1,-1,-1,-1
21, 26851.jpg,3,440,279,33,75,-1,-1,-1,-1
21, 26851.jpg,4,468,348,39,77,-1,-1,-1,-1
21, 26851.jpg,5,299,399,45,75,-1,-1,-1,-1
21, 26851.jpg,6,587,402,38,92,-1,-1,-1,-1
21, 26851.jpg,7,810,386,46,97,-1,-1,-1,-1
21, 26851.jpg,9,642,370,41,106,-1,-1,-1,-1
21, 26851.jpg,10,1201,361,64,91,-1,-1,-1,-1
21, 26851.jpg,12,334,327,36,71,-1,-1,-1,-1
21, 26851.jpg,13,776,364,40,72,-1,-1,-1,-1
22, 26852.jpg,1,642,325,37,87,-1,-1,-1,-1
22, 26852.jpg,2,365,387,38,72,-1,-1,-1,-1
22, 26852.jpg,3,443,279,33,73,-1,-1,-1,-1
22, 26852.jpg,4,471,348,40,78,-1,-1,-1,-1
22, 26852.jpg,5,300,397,46,78,-1,-1,-1,-1
22, 26852.jpg,6,592,402,38,92,-1,-1,-1,-1
22, 26852.jpg,7,817,388,45,95,-1,-1,-1,-1
22, 26852.jpg,9,645,370,41,107,-1,-1,-1,-1
22, 26852.jpg,10,1203,362,61,90,-1,-1,-1,-1
22, 26852.jpg,12,335,326,37,72,-1,-1,-1,-1
22, 26852.jpg,13,782,365,39,73,-1,-1,-1,-1
23, 26853.jpg,1,646,325,37,88,-1,-1,-1,-1
23, 26853.jpg,2,369,391,37,68,-1,-1,-1,-1
23, 26853.jpg,3,446,280,31,69,-1,-1,-1,-1
23, 26853.jpg,4,473,349,40,76,-1,-1,-1,-1
23, 26853.jpg,5,302,395,46,79,-1,-1,-1,-1
23, 26853.jpg,6,595,400,39,94,-1,-1,-1,-1
23, 26853.jpg,7,823,388,45,97,-1,-1,-1,-1
23, 26853.jpg,9,649,374,39,102,-1,-1,-1,-1
23, 26853.jpg,10,1204,362,61,92,-1,-1,-1,-1
23, 26853.jpg,12,336,324,38,75,-1,-1,-1,-1
23, 26853.jpg,13,786,366,38,69,-1,-1,-1,-1
24, 26854.jpg,1,655,321,33,78,-1,-1,-1,-1
24, 26854.jpg,2,373,392,37,68,-1,-1,-1,-1
24, 26854.jpg,3,446,279,33,73,-1,-1,-1,-1
24, 26854.jpg,4,475,349,41,78,-1,-1,-1,-1
24, 26854.jpg,5,302,393,47,81,-1,-1,-1,-1
24, 26854.jpg,6,598,400,38,91,-1,-1,-1,-1
24, 26854.jpg,7,827,391,43,95,-1,-1,-1,-1
24, 26854.jpg,9,654,378,37,96,-1,-1,-1,-1
24, 26854.jpg,10,1202,359,64,96,-1,-1,-1,-1
24, 26854.jpg,12,337,323,39,76,-1,-1,-1,-1
24, 26854.jpg,13,791,366,38,70,-1,-1,-1,-1
25, 26855.jpg,1,655,323,34,82,-1,-1,-1,-1
25, 26855.jpg,2,378,398,35,61,-1,-1,-1,-1
25, 26855.jpg,3,447,278,34,77,-1,-1,-1,-1
25, 26855.jpg,4,475,349,44,82,-1,-1,-1,-1
25, 26855.jpg,5,303,392,47,82,-1,-1,-1,-1
25, 26855.jpg,6,600,397,40,92,-1,-1,-1,-1
25, 26855.jpg,7,831,392,43,94,-1,-1,-1,-1
25, 26855.jpg,9,657,381,35,92,-1,-1,-1,-1
25, 26855.jpg,10,1203,358,64,97,-1,-1,-1,-1
25, 26855.jpg,12,338,321,40,78,-1,-1,-1,-1
25, 26855.jpg,13,794,366,38,70,-1,-1,-1,-1
26, 26856.jpg,1,655,320,38,92,-1,-1,-1,-1
26, 26856.jpg,2,382,403,33,56,-1,-1,-1,-1
26, 26856.jpg,3,448,277,34,75,-1,-1,-1,-1
26, 26856.jpg,4,477,351,45,82,-1,-1,-1,-1
26, 26856.jpg,5,305,391,46,84,-1,-1,-1,-1
26, 26856.jpg,6,602,396,41,92,-1,-1,-1,-1
26, 26856.jpg,7,836,392,42,93,-1,-1,-1,-1
26, 26856.jpg,9,656,367,34,90,-1,-1,-1,-1
26, 26856.jpg,10,1202,361,60,93,-1,-1,-1,-1
26, 26856.jpg,12,339,320,41,80,-1,-1,-1,-1
26, 26856.jpg,13,797,367,38,69,-1,-1,-1,-1
27, 26857.jpg,1,657,321,37,91,-1,-1,-1,-1
27, 26857.jpg,2,383,406,32,51,-1,-1,-1,-1
27, 26857.jpg,3,453,276,33,75,-1,-1,-1,-1
27, 26857.jpg,4,477,350,46,83,-1,-1,-1,-1
27, 26857.jpg,5,306,392,45,83,-1,-1,-1,-1
27, 26857.jpg,6,603,394,42,94,-1,-1,-1,-1
27, 26857.jpg,7,840,391,42,97,-1,-1,-1,-1
27, 26857.jpg,9,659,378,33,89,-1,-1,-1,-1
27, 26857.jpg,10,1199,361,59,93,-1,-1,-1,-1
27, 26857.jpg,12,341,319,40,81,-1,-1,-1,-1
27, 26857.jpg,13,798,366,38,70,-1,-1,-1,-1
28, 26858.jpg,1,656,327,40,97,-1,-1,-1,-1
28, 26858.jpg,2,385,415,30,44,-1,-1,-1,-1
28, 26858.jpg,4,477,350,47,84,-1,-1,-1,-1
28, 26858.jpg,5,306,393,45,83,-1,-1,-1,-1
28, 26858.jpg,6,603,392,44,95,-1,-1,-1,-1
28, 26858.jpg,7,841,391,44,101,-1,-1,-1,-1
28, 26858.jpg,9,664,379,32,88,-1,-1,-1,-1
28, 26858.jpg,10,1201,361,59,94,-1,-1,-1,-1
28, 26858.jpg,12,341,318,41,82,-1,-1,-1,-1
28, 26858.jpg,13,801,366,38,70,-1,-1,-1,-1
29, 26859.jpg,1,660,328,35,87,-1,-1,-1,-1
29, 26859.jpg,2,391,418,28,42,-1,-1,-1,-1
29, 26859.jpg,3,453,278,30,66,-1,-1,-1,-1
29, 26859.jpg,4,478,352,47,81,-1,-1,-1,-1
29, 26859.jpg,5,306,394,45,83,-1,-1,-1,-1
29, 26859.jpg,6,604,390,44,97,-1,-1,-1,-1
29, 26859.jpg,7,843,392,43,102,-1,-1,-1,-1
29, 26859.jpg,9,660,378,35,97,-1,-1,-1,-1
29, 26859.jpg,10,1191,358,59,96,-1,-1,-1,-1
29, 26859.jpg,12,341,318,40,82,-1,-1,-1,-1
29, 26859.jpg,13,804,366,37,70,-1,-1,-1,-1
30, 26860.jpg,1,661,326,34,84,-1,-1,-1,-1
30, 26860.jpg,3,452,277,30,65,-1,-1,-1,-1
30, 26860.jpg,4,478,351,49,83,-1,-1,-1,-1
30, 26860.jpg,5,306,394,44,84,-1,-1,-1,-1
30, 26860.jpg,6,605,387,45,100,-1,-1,-1,-1
30, 26860.jpg,7,845,394,43,104,-1,-1,-1,-1
30, 26860.jpg,9,659,377,36,100,-1,-1,-1,-1
30, 26860.jpg,10,1187,359,56,96,-1,-1,-1,-1
30, 26860.jpg,12,341,319,39,80,-1,-1,-1,-1
30, 26860.jpg,13,806,365,37,71,-1,-1,-1,-1
31, 26861.jpg,1,661,325,34,86,-1,-1,-1,-1
31, 26861.jpg,3,451,275,31,66,-1,-1,-1,-1
31, 26861.jpg,4,478,351,52,87,-1,-1,-1,-1
31, 26861.jpg,5,306,394,44,83,-1,-1,-1,-1
31, 26861.jpg,6,606,386,46,99,-1,-1,-1,-1
31, 26861.jpg,7,847,395,43,107,-1,-1,-1,-1
31, 26861.jpg,9,659,378,35,101,-1,-1,-1,-1
31, 26861.jpg,10,1183,358,56,98,-1,-1,-1,-1
31, 26861.jpg,12,340,318,39,82,-1,-1,-1,-1
31, 26861.jpg,13,808,365,36,69,-1,-1,-1,-1
32, 26862.jpg,1,660,338,33,82,-1,-1,-1,-1
32, 26862.jpg,3,454,274,31,65,-1,-1,-1,-1
32, 26862.jpg,4,481,353,51,86,-1,-1,-1,-1
32, 26862.jpg,5,305,391,45,87,-1,-1,-1,-1
32, 26862.jpg,6,607,385,45,99,-1,-1,-1,-1
32, 26862.jpg,7,849,397,42,108,-1,-1,-1,-1
32, 26862.jpg,9,660,387,32,94,-1,-1,-1,-1
32, 26862.jpg,10,1177,359,56,99,-1,-1,-1,-1
32, 26862.jpg,12,339,319,39,80,-1,-1,-1,-1
32, 26862.jpg,13,808,363,36,69,-1,-1,-1,-1
33, 26863.jpg,1,658,339,39,102,-1,-1,-1,-1
33, 26863.jpg,3,450,276,31,63,-1,-1,-1,-1
33, 26863.jpg,4,486,358,46,80,-1,-1,-1,-1
33, 26863.jpg,5,304,389,45,87,-1,-1,-1,-1
33, 26863.jpg,6,608,383,45,100,-1,-1,-1,-1
33, 26863.jpg,7,850,400,42,106,-1,-1,-1,-1
33, 26863.jpg,9,662,389,32,94,-1,-1,-1,-1
33, 26863.jpg,10,1171,358,56,99,-1,-1,-1,-1
33, 26863.jpg,12,337,321,39,79,-1,-1,-1,-1
33, 26863.jpg,13,806,360,38,71,-1,-1,-1,-1
34, 26864.jpg,1,656,348,37,97,-1,-1,-1,-1
34, 26864.jpg,3,449,276,33,63,-1,-1,-1,-1
34, 26864.jpg,4,490,360,43,78,-1,-1,-1,-1
34, 26864.jpg,5,303,385,45,88,-1,-1,-1,-1
34, 26864.jpg,6,608,382,45,102,-1,-1,-1,-1
34, 26864.jpg,7,851,401,42,107,-1,-1,-1,-1
34, 26864.jpg,9,659,392,31,94,-1,-1,-1,-1
34, 26864.jpg,10,1164,357,54,98,-1,-1,-1,-1
34, 26864.jpg,12,336,323,39,78,-1,-1,-1,-1
34, 26864.jpg,13,807,359,36,69,-1,-1,-1,-1
34, 26864.jpg,16,356,419,89,63,-1,-1,-1,-1
35, 26865.jpg,1,656,332,37,101,-1,-1,-1,-1
35, 26865.jpg,3,447,275,35,63,-1,-1,-1,-1
35, 26865.jpg,4,492,363,42,76,-1,-1,-1,-1
35, 26865.jpg,5,302,384,45,86,-1,-1,-1,-1
35, 26865.jpg,6,608,381,44,102,-1,-1,-1,-1
35, 26865.jpg,7,852,403,41,106,-1,-1,-1,-1
35, 26865.jpg,9,661,393,31,95,-1,-1,-1,-1
35, 26865.jpg,10,1156,359,53,98,-1,-1,-1,-1
35, 26865.jpg,12,336,326,38,75,-1,-1,-1,-1
35, 26865.jpg,13,807,358,36,69,-1,-1,-1,-1
35, 26865.jpg,16,352,413,98,69,-1,-1,-1,-1
36, 26866.jpg,1,654,331,43,120,-1,-1,-1,-1
36, 26866.jpg,3,447,276,35,62,-1,-1,-1,-1
36, 26866.jpg,4,493,365,41,75,-1,-1,-1,-1
36, 26866.jpg,5,301,383,44,84,-1,-1,-1,-1
36, 26866.jpg,6,608,380,42,102,-1,-1,-1,-1
36, 26866.jpg,7,852,405,41,105,-1,-1,-1,-1
36, 26866.jpg,10,1148,359,50,96,-1,-1,-1,-1
36, 26866.jpg,12,337,329,37,73,-1,-1,-1,-1
36, 26866.jpg,13,807,358,37,68,-1,-1,-1,-1
36, 26866.jpg,16,350,409,100,73,-1,-1,-1,-1
37, 26867.jpg,1,657,325,35,99,-1,-1,-1,-1
37, 26867.jpg,3,447,276,36,61,-1,-1,-1,-1
37, 26867.jpg,4,495,364,45,83,-1,-1,-1,-1
37, 26867.jpg,5,302,383,42,80,-1,-1,-1,-1
37, 26867.jpg,6,608,380,40,97,-1,-1,-1,-1
37, 26867.jpg,7,853,407,40,103,-1,-1,-1,-1
37, 26867.jpg,10,1140,359,50,96,-1,-1,-1,-1
37, 26867.jpg,12,337,332,37,72,-1,-1,-1,-1
37, 26867.jpg,13,807,359,37,66,-1,-1,-1,-1
37, 26867.jpg,16,350,410,94,70,-1,-1,-1,-1
38, 26868.jpg,1,658,322,32,91,-1,-1,-1,-1
38, 26868.jpg,3,448,274,37,62,-1,-1,-1,-1
38, 26868.jpg,4,497,364,48,91,-1,-1,-1,-1
38, 26868.jpg,5,302,382,42,79,-1,-1,-1,-1
38, 26868.jpg,6,622,380,42,97,-1,-1,-1,-1
38, 26868.jpg,7,854,408,40,101,-1,-1,-1,-1
38, 26868.jpg,10,1132,358,50,98,-1,-1,-1,-1
38, 26868.jpg,12,337,334,39,73,-1,-1,-1,-1
38, 26868.jpg,13,808,359,36,66,-1,-1,-1,-1
38, 26868.jpg,16,349,410,91,70,-1,-1,-1,-1
39, 26869.jpg,1,658,319,31,89,-1,-1,-1,-1
39, 26869.jpg,3,450,272,39,63,-1,-1,-1,-1
39, 26869.jpg,4,500,366,50,93,-1,-1,-1,-1
39, 26869.jpg,5,301,383,44,80,-1,-1,-1,-1
39, 26869.jpg,6,612,378,40,93,-1,-1,-1,-1
39, 26869.jpg,7,855,409,40,99,-1,-1,-1,-1
39, 26869.jpg,9,656,380,33,104,-1,-1,-1,-1
39, 26869.jpg,10,1125,357,51,100,-1,-1,-1,-1
39, 26869.jpg,12,340,335,38,72,-1,-1,-1,-1
39, 26869.jpg,13,808,359,37,66,-1,-1,-1,-1
39, 26869.jpg,16,347,409,91,73,-1,-1,-1,-1
40, 26870.jpg,1,659,318,32,89,-1,-1,-1,-1
40, 26870.jpg,3,453,271,39,65,-1,-1,-1,-1
40, 26870.jpg,4,503,370,48,90,-1,-1,-1,-1
40, 26870.jpg,5,301,383,45,80,-1,-1,-1,-1
40, 26870.jpg,6,606,377,40,90,-1,-1,-1,-1
40, 26870.jpg,7,857,410,40,98,-1,-1,-1,-1
40, 26870.jpg,9,657,356,34,106,-1,-1,-1,-1
40, 26870.jpg,10,1115,355,53,103,-1,-1,-1,-1
40, 26870.jpg,12,344,338,36,68,-1,-1,-1,-1
40, 26870.jpg,13,809,359,35,64,-1,-1,-1,-1
40, 26870.jpg,16,348,410,87,73,-1,-1,-1,-1
