2, 21732.jpg,4,259,406,40,96,-1,-1,-1,-1
2, 21732.jpg,5,476,263,40,75,-1,-1,-1,-1
2, 21732.jpg,6,365,378,45,83,-1,-1,-1,-1
2, 21732.jpg,7,639,367,41,104,-1,-1,-1,-1
2, 21732.jpg,8,226,344,74,96,-1,-1,-1,-1
2, 21732.jpg,9,884,379,37,97,-1,-1,-1,-1
2, 21732.jpg,10,488,350,48,96,-1,-1,-1,-1
3, 21733.jpg,4,257,407,41,96,-1,-1,-1,-1
3, 21733.jpg,5,478,263,40,76,-1,-1,-1,-1
3, 21733.jpg,6,364,377,46,85,-1,-1,-1,-1
3, 21733.jpg,7,637,367,43,109,-1,-1,-1,-1
3, 21733.jpg,8,232,367,79,103,-1,-1,-1,-1
3, 21733.jpg,9,886,380,37,96,-1,-1,-1,-1
3, 21733.jpg,10,488,353,46,92,-1,-1,-1,-1
3, 21733.jpg,11,958,335,58,93,-1,-1,-1,-1
3, 21733.jpg,12,697,341,41,108,-1,-1,-1,-1
4, 21734.jpg,4,255,413,39,91,-1,-1,-1,-1
4, 21734.jpg,5,481,263,39,74,-1,-1,-1,-1
4, 21734.jpg,6,362,375,47,87,-1,-1,-1,-1
4, 21734.jpg,7,635,368,44,110,-1,-1,-1,-1
4, 21734.jpg,8,238,356,72,95,-1,-1,-1,-1
4, 21734.jpg,9,887,380,38,97,-1,-1,-1,-1
4, 21734.jpg,10,487,355,46,90,-1,-1,-1,-1
4, 21734.jpg,11,946,332,51,83,-1,-1,-1,-1
4, 21734.jpg,12,699,345,42,112,-1,-1,-1,-1
5, 21735.jpg,4,252,413,42,95,-1,-1,-1,-1
5, 21735.jpg,5,482,264,39,72,-1,-1,-1,-1
5, 21735.jpg,6,361,373,47,89,-1,-1,-1,-1
5, 21735.jpg,7,634,370,43,108,-1,-1,-1,-1
5, 21735.jpg,8,243,353,68,89,-1,-1,-1,-1
5, 21735.jpg,9,888,382,38,96,-1,-1,-1,-1
5, 21735.jpg,10,487,358,44,88,-1,-1,-1,-1
5, 21735.jpg,11,938,332,49,79,-1,-1,-1,-1
5, 21735.jpg,12,700,343,39,104,-1,-1,-1,-1
6, 21736.jpg,4,251,412,42,96,-1,-1,-1,-1
6, 21736.jpg,5,485,266,37,68,-1,-1,-1,-1
6, 21736.jpg,6,359,372,48,90,-1,-1,-1,-1
6, 21736.jpg,7,631,372,42,105,-1,-1,-1,-1
6, 21736.jpg,8,251,353,65,85,-1,-1,-1,-1
6, 21736.jpg,9,888,385,38,94,-1,-1,-1,-1
6, 21736.jpg,10,486,359,45,91,-1,-1,-1,-1
6, 21736.jpg,11,931,331,48,79,-1,-1,-1,-1
6, 21736.jpg,12,699,329,38,98,-1,-1,-1,-1
6, 21736.jpg,14,985,345,44,111,-1,-1,-1,-1
7, 21737.jpg,4,247,414,43,95,-1,-1,-1,-1
7, 21737.jpg,5,486,268,36,66,-1,-1,-1,-1
7, 21737.jpg,6,357,371,47,89,-1,-1,-1,-1
7, 21737.jpg,7,630,375,41,105,-1,-1,-1,-1
7, 21737.jpg,8,251,350,72,94,-1,-1,-1,-1
7, 21737.jpg,9,887,386,39,94,-1,-1,-1,-1
7, 21737.jpg,10,485,360,45,92,-1,-1,-1,-1
7, 21737.jpg,11,926,332,48,79,-1,-1,-1,-1
7, 21737.jpg,12,698,330,38,98,-1,-1,-1,-1
7, 21737.jpg,14,986,346,44,110,-1,-1,-1,-1
8, 21738.jpg,4,244,415,43,93,-1,-1,-1,-1
8, 21738.jpg,5,487,268,37,66,-1,-1,-1,-1
8, 21738.jpg,6,354,372,47,90,-1,-1,-1,-1
8, 21738.jpg,7,627,375,41,105,-1,-1,-1,-1
8, 21738.jpg,8,249,351,76,100,-1,-1,-1,-1
8, 21738.jpg,9,886,388,39,92,-1,-1,-1,-1
8, 21738.jpg,10,482,363,46,93,-1,-1,-1,-1
8, 21738.jpg,11,919,332,48,79,-1,-1,-1,-1
8, 21738.jpg,12,695,333,32,82,-1,-1,-1,-1
8, 21738.jpg,14,988,348,43,108,-1,-1,-1,-1
8, 21738.jpg,16,697,378,39,107,-1,-1,-1,-1
9, 21739.jpg,4,239,414,46,95,-1,-1,-1,-1
9, 21739.jpg,5,488,266,38,68,-1,-1,-1,-1
9, 21739.jpg,6,351,372,47,92,-1,-1,-1,-1
9, 21739.jpg,7,622,374,41,103,-1,-1,-1,-1
9, 21739.jpg,8,256,354,71,93,-1,-1,-1,-1
9, 21739.jpg,9,886,389,40,92,-1,-1,-1,-1
9, 21739.jpg,10,481,366,45,92,-1,-1,-1,-1
9, 21739.jpg,11,914,332,47,78,-1,-1,-1,-1
9, 21739.jpg,12,691,343,32,83,-1,-1,-1,-1
9, 21739.jpg,14,987,347,41,106,-1,-1,-1,-1
9, 21739.jpg,16,693,380,39,108,-1,-1,-1,-1
10, 21740.jpg,4,234,415,50,98,-1,-1,-1,-1
10, 21740.jpg,5,486,267,39,67,-1,-1,-1,-1
10, 21740.jpg,6,347,373,46,93,-1,-1,-1,-1
10, 21740.jpg,7,617,373,42,104,-1,-1,-1,-1
10, 21740.jpg,8,258,355,70,91,-1,-1,-1,-1
10, 21740.jpg,9,886,389,40,91,-1,-1,-1,-1
10, 21740.jpg,10,481,370,42,87,-1,-1,-1,-1
10, 21740.jpg,11,909,334,46,76,-1,-1,-1,-1
10, 21740.jpg,12,689,342,31,80,-1,-1,-1,-1
10, 21740.jpg,14,986,347,41,106,-1,-1,-1,-1
10, 21740.jpg,16,690,384,40,110,-1,-1,-1,-1
11, 21741.jpg,4,227,418,52,101,-1,-1,-1,-1
11, 21741.jpg,5,485,268,38,65,-1,-1,-1,-1
11, 21741.jpg,6,345,374,46,95,-1,-1,-1,-1
11, 21741.jpg,7,612,371,42,106,-1,-1,-1,-1
11, 21741.jpg,8,258,354,71,91,-1,-1,-1,-1
11, 21741.jpg,9,885,390,42,94,-1,-1,-1,-1
11, 21741.jpg,10,480,374,43,85,-1,-1,-1,-1
11, 21741.jpg,11,899,332,48,78,-1,-1,-1,-1
11, 21741.jpg,12,685,316,34,87,-1,-1,-1,-1
11, 21741.jpg,14,986,348,41,106,-1,-1,-1,-1
11, 21741.jpg,16,687,386,41,113,-1,-1,-1,-1
12, 21742.jpg,4,221,423,54,99,-1,-1,-1,-1
12, 21742.jpg,5,482,267,40,66,-1,-1,-1,-1
12, 21742.jpg,6,342,374,46,97,-1,-1,-1,-1
12, 21742.jpg,7,606,368,43,108,-1,-1,-1,-1
12, 21742.jpg,8,259,354,71,90,-1,-1,-1,-1
12, 21742.jpg,9,885,391,43,95,-1,-1,-1,-1
12, 21742.jpg,10,478,376,45,86,-1,-1,-1,-1
12, 21742.jpg,11,894,334,47,76,-1,-1,-1,-1
12, 21742.jpg,12,683,330,36,93,-1,-1,-1,-1
12, 21742.jpg,14,985,349,41,105,-1,-1,-1,-1
12, 21742.jpg,16,681,373,47,132,-1,-1,-1,-1
13, 21743.jpg,4,217,428,55,96,-1,-1,-1,-1
13, 21743.jpg,5,480,266,41,66,-1,-1,-1,-1
13, 21743.jpg,6,340,375,46,98,-1,-1,-1,-1
13, 21743.jpg,7,599,366,44,108,-1,-1,-1,-1
13, 21743.jpg,8,261,351,71,89,-1,-1,-1,-1
13, 21743.jpg,9,886,393,42,94,-1,-1,-1,-1
13, 21743.jpg,10,474,376,50,91,-1,-1,-1,-1
13, 21743.jpg,11,889,334,47,76,-1,-1,-1,-1
13, 21743.jpg,12,683,320,35,90,-1,-1,-1,-1
13, 21743.jpg,14,982,349,42,105,-1,-1,-1,-1
13, 21743.jpg,16,680,385,43,118,-1,-1,-1,-1
14, 21744.jpg,4,214,432,56,92,-1,-1,-1,-1
14, 21744.jpg,5,476,262,43,69,-1,-1,-1,-1
14, 21744.jpg,6,335,376,46,98,-1,-1,-1,-1
14, 21744.jpg,7,592,365,43,107,-1,-1,-1,-1
14, 21744.jpg,8,264,349,69,86,-1,-1,-1,-1
14, 21744.jpg,9,887,395,40,89,-1,-1,-1,-1
14, 21744.jpg,10,469,377,56,100,-1,-1,-1,-1
14, 21744.jpg,11,883,334,45,71,-1,-1,-1,-1
14, 21744.jpg,12,682,312,34,88,-1,-1,-1,-1
14, 21744.jpg,14,979,349,42,105,-1,-1,-1,-1
14, 21744.jpg,16,679,392,38,108,-1,-1,-1,-1
15, 21745.jpg,4,211,432,59,93,-1,-1,-1,-1
15, 21745.jpg,5,473,262,43,70,-1,-1,-1,-1
15, 21745.jpg,6,332,375,46,101,-1,-1,-1,-1
15, 21745.jpg,7,583,360,45,111,-1,-1,-1,-1
15, 21745.jpg,8,269,348,67,85,-1,-1,-1,-1
15, 21745.jpg,9,886,395,41,91,-1,-1,-1,-1
15, 21745.jpg,10,465,379,61,108,-1,-1,-1,-1
15, 21745.jpg,11,877,334,45,71,-1,-1,-1,-1
15, 21745.jpg,12,679,310,34,86,-1,-1,-1,-1
15, 21745.jpg,14,977,349,42,105,-1,-1,-1,-1
15, 21745.jpg,16,675,393,38,108,-1,-1,-1,-1
16, 21746.jpg,4,212,436,58,86,-1,-1,-1,-1
16, 21746.jpg,5,471,261,42,70,-1,-1,-1,-1
16, 21746.jpg,6,330,375,44,101,-1,-1,-1,-1
16, 21746.jpg,7,574,352,48,119,-1,-1,-1,-1
16, 21746.jpg,8,273,346,67,86,-1,-1,-1,-1
16, 21746.jpg,9,886,395,41,92,-1,-1,-1,-1
16, 21746.jpg,10,469,384,59,107,-1,-1,-1,-1
16, 21746.jpg,11,871,334,46,70,-1,-1,-1,-1
16, 21746.jpg,12,671,320,42,105,-1,-1,-1,-1
16, 21746.jpg,14,974,348,43,105,-1,-1,-1,-1
16, 21746.jpg,16,672,393,38,109,-1,-1,-1,-1
17, 21747.jpg,4,215,438,59,84,-1,-1,-1,-1
17, 21747.jpg,5,470,261,42,70,-1,-1,-1,-1
17, 21747.jpg,6,329,377,43,98,-1,-1,-1,-1
17, 21747.jpg,7,569,348,49,121,-1,-1,-1,-1
17, 21747.jpg,8,276,345,67,89,-1,-1,-1,-1
17, 21747.jpg,9,885,395,42,94,-1,-1,-1,-1
17, 21747.jpg,10,471,387,58,106,-1,-1,-1,-1
17, 21747.jpg,11,867,334,45,70,-1,-1,-1,-1
17, 21747.jpg,12,670,315,37,92,-1,-1,-1,-1
17, 21747.jpg,14,972,348,43,104,-1,-1,-1,-1
17, 21747.jpg,16,670,398,36,103,-1,-1,-1,-1
18, 21748.jpg,4,220,441,59,83,-1,-1,-1,-1
18, 21748.jpg,5,467,260,43,72,-1,-1,-1,-1
18, 21748.jpg,6,326,380,42,94,-1,-1,-1,-1
18, 21748.jpg,7,562,347,48,119,-1,-1,-1,-1
18, 21748.jpg,8,276,343,68,91,-1,-1,-1,-1
18, 21748.jpg,9,885,397,41,94,-1,-1,-1,-1
18, 21748.jpg,10,475,392,53,99,-1,-1,-1,-1
18, 21748.jpg,11,863,332,46,70,-1,-1,-1,-1
18, 21748.jpg,12,666,322,42,106,-1,-1,-1,-1
18, 21748.jpg,14,971,348,42,101,-1,-1,-1,-1
18, 21748.jpg,16,668,400,34,97,-1,-1,-1,-1
19, 21749.jpg,4,219,442,61,85,-1,-1,-1,-1
19, 21749.jpg,5,466,259,42,73,-1,-1,-1,-1
19, 21749.jpg,6,324,380,42,95,-1,-1,-1,-1
19, 21749.jpg,7,557,350,46,113,-1,-1,-1,-1
19, 21749.jpg,8,287,353,71,98,-1,-1,-1,-1
19, 21749.jpg,9,883,396,43,97,-1,-1,-1,-1
19, 21749.jpg,10,475,395,54,102,-1,-1,-1,-1
19, 21749.jpg,11,861,330,47,72,-1,-1,-1,-1
19, 21749.jpg,12,664,314,38,95,-1,-1,-1,-1
19, 21749.jpg,14,969,349,42,99,-1,-1,-1,-1
19, 21749.jpg,16,664,403,33,93,-1,-1,-1,-1
20, 21750.jpg,4,220,443,63,87,-1,-1,-1,-1
20, 21750.jpg,5,464,260,41,72,-1,-1,-1,-1
20, 21750.jpg,6,316,383,41,95,-1,-1,-1,-1
20, 21750.jpg,7,551,347,47,114,-1,-1,-1,-1
20, 21750.jpg,8,289,355,73,102,-1,-1,-1,-1
20, 21750.jpg,9,882,397,43,98,-1,-1,-1,-1
20, 21750.jpg,10,475,400,54,101,-1,-1,-1,-1
20, 21750.jpg,11,859,329,49,73,-1,-1,-1,-1
20, 21750.jpg,12,655,322,42,102,-1,-1,-1,-1
20, 21750.jpg,14,965,350,43,98,-1,-1,-1,-1
20, 21750.jpg,16,660,411,32,89,-1,-1,-1,-1
21, 21751.jpg,4,223,444,64,88,-1,-1,-1,-1
21, 21751.jpg,5,461,260,41,73,-1,-1,-1,-1
21, 21751.jpg,6,312,384,42,95,-1,-1,-1,-1
21, 21751.jpg,7,545,349,46,114,-1,-1,-1,-1
21, 21751.jpg,8,287,349,76,108,-1,-1,-1,-1
21, 21751.jpg,9,881,398,43,97,-1,-1,-1,-1
21, 21751.jpg,10,475,401,57,106,-1,-1,-1,-1
21, 21751.jpg,11,856,327,50,75,-1,-1,-1,-1
21, 21751.jpg,12,654,313,38,93,-1,-1,-1,-1
21, 21751.jpg,14,963,350,42,98,-1,-1,-1,-1
21, 21751.jpg,16,657,410,34,95,-1,-1,-1,-1
22, 21752.jpg,4,223,442,70,95,-1,-1,-1,-1
22, 21752.jpg,5,461,261,40,73,-1,-1,-1,-1
22, 21752.jpg,6,307,391,39,87,-1,-1,-1,-1
22, 21752.jpg,7,541,355,45,113,-1,-1,-1,-1
22, 21752.jpg,8,294,343,67,97,-1,-1,-1,-1
22, 21752.jpg,9,880,399,43,96,-1,-1,-1,-1
22, 21752.jpg,10,474,404,60,108,-1,-1,-1,-1
22, 21752.jpg,11,854,326,52,77,-1,-1,-1,-1
22, 21752.jpg,12,653,309,36,88,-1,-1,-1,-1
22, 21752.jpg,14,961,351,42,97,-1,-1,-1,-1
22, 21752.jpg,16,651,405,36,99,-1,-1,-1,-1
23, 21753.jpg,4,225,443,72,98,-1,-1,-1,-1
23, 21753.jpg,5,459,260,43,77,-1,-1,-1,-1
23, 21753.jpg,6,303,392,40,87,-1,-1,-1,-1
23, 21753.jpg,7,536,359,46,112,-1,-1,-1,-1
23, 21753.jpg,8,300,340,64,95,-1,-1,-1,-1
23, 21753.jpg,9,881,398,44,98,-1,-1,-1,-1
23, 21753.jpg,10,478,404,63,116,-1,-1,-1,-1
23, 21753.jpg,11,850,324,54,79,-1,-1,-1,-1
23, 21753.jpg,12,651,310,35,85,-1,-1,-1,-1
23, 21753.jpg,14,960,352,41,96,-1,-1,-1,-1
23, 21753.jpg,16,647,408,37,100,-1,-1,-1,-1
24, 21754.jpg,4,231,445,73,99,-1,-1,-1,-1
24, 21754.jpg,5,458,260,44,79,-1,-1,-1,-1
24, 21754.jpg,6,304,392,42,89,-1,-1,-1,-1
24, 21754.jpg,7,531,359,45,114,-1,-1,-1,-1
24, 21754.jpg,8,310,342,57,86,-1,-1,-1,-1
24, 21754.jpg,9,882,401,44,96,-1,-1,-1,-1
24, 21754.jpg,10,482,405,62,117,-1,-1,-1,-1
24, 21754.jpg,11,850,324,53,77,-1,-1,-1,-1
24, 21754.jpg,12,648,311,34,82,-1,-1,-1,-1
24, 21754.jpg,14,959,354,40,94,-1,-1,-1,-1
24, 21754.jpg,16,644,408,38,102,-1,-1,-1,-1
25, 21755.jpg,4,237,447,72,100,-1,-1,-1,-1
25, 21755.jpg,5,457,260,44,79,-1,-1,-1,-1
25, 21755.jpg,6,305,392,43,90,-1,-1,-1,-1
25, 21755.jpg,7,528,362,43,110,-1,-1,-1,-1
25, 21755.jpg,8,317,341,52,82,-1,-1,-1,-1
25, 21755.jpg,9,884,404,43,96,-1,-1,-1,-1
25, 21755.jpg,10,487,409,59,115,-1,-1,-1,-1
25, 21755.jpg,11,851,325,52,74,-1,-1,-1,-1
25, 21755.jpg,12,643,311,36,82,-1,-1,-1,-1
25, 21755.jpg,14,957,357,40,92,-1,-1,-1,-1
25, 21755.jpg,16,642,412,36,96,-1,-1,-1,-1
26, 21756.jpg,4,242,451,70,99,-1,-1,-1,-1
26, 21756.jpg,5,457,260,43,79,-1,-1,-1,-1
26, 21756.jpg,6,305,393,44,91,-1,-1,-1,-1
26, 21756.jpg,7,521,361,44,112,-1,-1,-1,-1
26, 21756.jpg,8,323,342,51,82,-1,-1,-1,-1
26, 21756.jpg,9,885,407,44,97,-1,-1,-1,-1
26, 21756.jpg,10,494,415,55,110,-1,-1,-1,-1
26, 21756.jpg,11,854,327,48,69,-1,-1,-1,-1
26, 21756.jpg,12,640,311,35,81,-1,-1,-1,-1
26, 21756.jpg,14,955,359,39,91,-1,-1,-1,-1
26, 21756.jpg,16,636,383,41,111,-1,-1,-1,-1
27, 21757.jpg,4,248,453,68,96,-1,-1,-1,-1
27, 21757.jpg,5,457,261,43,81,-1,-1,-1,-1
27, 21757.jpg,6,297,393,48,94,-1,-1,-1,-1
27, 21757.jpg,7,516,362,44,112,-1,-1,-1,-1
27, 21757.jpg,8,323,339,56,92,-1,-1,-1,-1
27, 21757.jpg,9,887,411,44,95,-1,-1,-1,-1
27, 21757.jpg,10,494,406,58,121,-1,-1,-1,-1
27, 21757.jpg,11,856,329,45,64,-1,-1,-1,-1
27, 21757.jpg,12,638,311,34,78,-1,-1,-1,-1
27, 21757.jpg,14,951,360,39,89,-1,-1,-1,-1
27, 21757.jpg,16,631,373,39,107,-1,-1,-1,-1
28, 21758.jpg,4,251,455,70,98,-1,-1,-1,-1
28, 21758.jpg,5,455,264,43,81,-1,-1,-1,-1
28, 21758.jpg,6,297,393,50,95,-1,-1,-1,-1
28, 21758.jpg,7,505,371,39,96,-1,-1,-1,-1
28, 21758.jpg,8,329,338,58,97,-1,-1,-1,-1
28, 21758.jpg,9,888,412,44,95,-1,-1,-1,-1
28, 21758.jpg,10,495,408,59,123,-1,-1,-1,-1
28, 21758.jpg,11,858,330,42,62,-1,-1,-1,-1
28, 21758.jpg,12,635,311,33,76,-1,-1,-1,-1
28, 21758.jpg,14,947,360,39,89,-1,-1,-1,-1
28, 21758.jpg,16,626,366,39,105,-1,-1,-1,-1
29, 21759.jpg,4,255,453,72,100,-1,-1,-1,-1
29, 21759.jpg,5,455,265,43,81,-1,-1,-1,-1
29, 21759.jpg,6,295,394,50,95,-1,-1,-1,-1
29, 21759.jpg,7,500,372,38,94,-1,-1,-1,-1
29, 21759.jpg,8,323,350,64,106,-1,-1,-1,-1
29, 21759.jpg,9,888,414,45,93,-1,-1,-1,-1
29, 21759.jpg,10,491,394,60,126,-1,-1,-1,-1
29, 21759.jpg,11,858,332,42,60,-1,-1,-1,-1
29, 21759.jpg,12,632,312,31,70,-1,-1,-1,-1
29, 21759.jpg,14,944,359,40,90,-1,-1,-1,-1
29, 21759.jpg,16,626,361,32,85,-1,-1,-1,-1
30, 21760.jpg,4,260,454,75,99,-1,-1,-1,-1
30, 21760.jpg,5,457,268,40,76,-1,-1,-1,-1
30, 21760.jpg,6,292,390,54,99,-1,-1,-1,-1
30, 21760.jpg,8,333,344,64,106,-1,-1,-1,-1
30, 21760.jpg,9,890,417,45,92,-1,-1,-1,-1
30, 21760.jpg,10,490,382,60,123,-1,-1,-1,-1
30, 21760.jpg,11,858,334,42,60,-1,-1,-1,-1
30, 21760.jpg,12,629,311,31,68,-1,-1,-1,-1
30, 21760.jpg,14,941,360,40,87,-1,-1,-1,-1
30, 21760.jpg,16,624,332,38,106,-1,-1,-1,-1
31, 21761.jpg,4,267,454,79,103,-1,-1,-1,-1
31, 21761.jpg,5,457,269,40,77,-1,-1,-1,-1
31, 21761.jpg,6,289,389,57,100,-1,-1,-1,-1
31, 21761.jpg,8,339,342,63,105,-1,-1,-1,-1
31, 21761.jpg,9,890,420,45,89,-1,-1,-1,-1
31, 21761.jpg,10,488,376,57,114,-1,-1,-1,-1
31, 21761.jpg,11,858,335,41,57,-1,-1,-1,-1
31, 21761.jpg,12,624,308,34,77,-1,-1,-1,-1
31, 21761.jpg,14,936,356,41,91,-1,-1,-1,-1
31, 21761.jpg,16,620,326,40,106,-1,-1,-1,-1
31, 21761.jpg,20,617,406,40,103,-1,-1,-1,-1
32, 21762.jpg,4,275,455,79,101,-1,-1,-1,-1
32, 21762.jpg,5,454,271,42,78,-1,-1,-1,-1
32, 21762.jpg,6,287,389,57,98,-1,-1,-1,-1
32, 21762.jpg,8,344,343,60,102,-1,-1,-1,-1
32, 21762.jpg,9,890,420,46,90,-1,-1,-1,-1
32, 21762.jpg,10,486,375,59,115,-1,-1,-1,-1
32, 21762.jpg,11,857,333,44,59,-1,-1,-1,-1
32, 21762.jpg,12,620,307,35,79,-1,-1,-1,-1
32, 21762.jpg,14,932,354,42,92,-1,-1,-1,-1
32, 21762.jpg,20,612,375,38,102,-1,-1,-1,-1
33, 21763.jpg,4,282,457,76,97,-1,-1,-1,-1
33, 21763.jpg,5,450,271,45,81,-1,-1,-1,-1
33, 21763.jpg,6,288,389,58,94,-1,-1,-1,-1
33, 21763.jpg,8,347,344,56,96,-1,-1,-1,-1
33, 21763.jpg,9,891,421,47,91,-1,-1,-1,-1
33, 21763.jpg,10,482,375,58,113,-1,-1,-1,-1
33, 21763.jpg,11,854,330,48,64,-1,-1,-1,-1
33, 21763.jpg,12,617,306,35,79,-1,-1,-1,-1
33, 21763.jpg,14,927,351,43,94,-1,-1,-1,-1
33, 21763.jpg,20,612,345,37,98,-1,-1,-1,-1
34, 21764.jpg,4,289,459,73,95,-1,-1,-1,-1
34, 21764.jpg,5,447,271,46,81,-1,-1,-1,-1
34, 21764.jpg,6,289,387,60,98,-1,-1,-1,-1
34, 21764.jpg,8,350,346,53,93,-1,-1,-1,-1
34, 21764.jpg,9,893,422,47,92,-1,-1,-1,-1
34, 21764.jpg,10,476,373,52,101,-1,-1,-1,-1
34, 21764.jpg,11,849,328,52,67,-1,-1,-1,-1
34, 21764.jpg,12,611,307,37,84,-1,-1,-1,-1
34, 21764.jpg,14,925,349,42,92,-1,-1,-1,-1
34, 21764.jpg,20,609,326,37,100,-1,-1,-1,-1
35, 21765.jpg,4,296,460,74,98,-1,-1,-1,-1
35, 21765.jpg,5,444,270,48,83,-1,-1,-1,-1
35, 21765.jpg,6,288,385,60,100,-1,-1,-1,-1
35, 21765.jpg,8,353,346,52,94,-1,-1,-1,-1
35, 21765.jpg,9,895,422,48,96,-1,-1,-1,-1
35, 21765.jpg,10,482,375,63,119,-1,-1,-1,-1
35, 21765.jpg,11,845,326,56,70,-1,-1,-1,-1
35, 21765.jpg,12,605,309,38,86,-1,-1,-1,-1
35, 21765.jpg,14,923,346,41,91,-1,-1,-1,-1
35, 21765.jpg,21,609,363,27,108,-1,-1,-1,-1
36, 21766.jpg,4,303,458,74,101,-1,-1,-1,-1
36, 21766.jpg,5,441,270,49,84,-1,-1,-1,-1
36, 21766.jpg,6,289,384,60,100,-1,-1,-1,-1
36, 21766.jpg,7,467,369,40,98,-1,-1,-1,-1
36, 21766.jpg,8,354,345,53,95,-1,-1,-1,-1
36, 21766.jpg,9,896,423,48,95,-1,-1,-1,-1
36, 21766.jpg,10,488,374,68,131,-1,-1,-1,-1
36, 21766.jpg,11,842,326,56,70,-1,-1,-1,-1
36, 21766.jpg,12,601,309,38,86,-1,-1,-1,-1
36, 21766.jpg,14,918,343,41,91,-1,-1,-1,-1
36, 21766.jpg,21,608,344,24,94,-1,-1,-1,-1
37, 21767.jpg,4,309,454,76,105,-1,-1,-1,-1
37, 21767.jpg,5,437,270,50,86,-1,-1,-1,-1
37, 21767.jpg,6,290,383,59,102,-1,-1,-1,-1
37, 21767.jpg,7,458,367,43,101,-1,-1,-1,-1
37, 21767.jpg,8,355,341,53,98,-1,-1,-1,-1
37, 21767.jpg,9,899,424,47,95,-1,-1,-1,-1
37, 21767.jpg,10,492,378,66,129,-1,-1,-1,-1
37, 21767.jpg,11,837,325,56,70,-1,-1,-1,-1
37, 21767.jpg,12,600,309,37,83,-1,-1,-1,-1
37, 21767.jpg,14,915,341,42,92,-1,-1,-1,-1
37, 21767.jpg,21,607,334,20,81,-1,-1,-1,-1
38, 21768.jpg,4,314,451,78,109,-1,-1,-1,-1
38, 21768.jpg,5,434,269,52,87,-1,-1,-1,-1
38, 21768.jpg,6,290,383,60,105,-1,-1,-1,-1
38, 21768.jpg,7,451,365,43,103,-1,-1,-1,-1
38, 21768.jpg,8,357,338,56,102,-1,-1,-1,-1
38, 21768.jpg,9,903,427,48,95,-1,-1,-1,-1
38, 21768.jpg,10,495,383,64,126,-1,-1,-1,-1
38, 21768.jpg,11,831,324,58,71,-1,-1,-1,-1
38, 21768.jpg,12,595,310,39,87,-1,-1,-1,-1
38, 21768.jpg,14,912,341,42,91,-1,-1,-1,-1
38, 21768.jpg,22,596,366,32,145,-1,-1,-1,-1
39, 21769.jpg,4,320,451,78,108,-1,-1,-1,-1
39, 21769.jpg,5,432,267,53,88,-1,-1,-1,-1
39, 21769.jpg,6,291,385,58,105,-1,-1,-1,-1
39, 21769.jpg,7,444,364,45,106,-1,-1,-1,-1
39, 21769.jpg,8,356,335,58,105,-1,-1,-1,-1
39, 21769.jpg,9,904,430,47,95,-1,-1,-1,-1
39, 21769.jpg,10,494,385,63,125,-1,-1,-1,-1
39, 21769.jpg,11,827,325,59,72,-1,-1,-1,-1
39, 21769.jpg,12,591,310,40,87,-1,-1,-1,-1
39, 21769.jpg,14,908,340,43,91,-1,-1,-1,-1
39, 21769.jpg,16,594,343,37,93,-1,-1,-1,-1
39, 21769.jpg,22,595,369,31,141,-1,-1,-1,-1
40, 21770.jpg,4,327,451,77,108,-1,-1,-1,-1
40, 21770.jpg,5,431,266,53,92,-1,-1,-1,-1
40, 21770.jpg,6,291,387,56,106,-1,-1,-1,-1
40, 21770.jpg,7,437,364,46,105,-1,-1,-1,-1
40, 21770.jpg,8,354,333,59,106,-1,-1,-1,-1
40, 21770.jpg,9,903,433,48,97,-1,-1,-1,-1
40, 21770.jpg,10,494,391,61,122,-1,-1,-1,-1
40, 21770.jpg,11,821,324,60,75,-1,-1,-1,-1
40, 21770.jpg,12,592,314,38,82,-1,-1,-1,-1
40, 21770.jpg,14,905,341,43,87,-1,-1,-1,-1
40, 21770.jpg,16,591,341,37,93,-1,-1,-1,-1
40, 21770.jpg,22,588,362,33,152,-1,-1,-1,-1
