2, 25352.jpg,1,1827,703,76,150,-1,-1,-1,-1
2, 25352.jpg,2,157,515,62,119,-1,-1,-1,-1
2, 25352.jpg,3,666,544,93,126,-1,-1,-1,-1
2, 25352.jpg,4,961,591,44,130,-1,-1,-1,-1
2, 25352.jpg,5,1265,581,73,149,-1,-1,-1,-1
2, 25352.jpg,6,559,550,51,133,-1,-1,-1,-1
2, 25352.jpg,7,976,647,63,150,-1,-1,-1,-1
2, 25352.jpg,8,1204,659,65,115,-1,-1,-1,-1
2, 25352.jpg,9,406,636,104,124,-1,-1,-1,-1
2, 25352.jpg,10,1155,548,64,129,-1,-1,-1,-1
2, 25352.jpg,11,609,682,87,167,-1,-1,-1,-1
2, 25352.jpg,12,833,636,77,149,-1,-1,-1,-1
3, 25353.jpg,1,1827,703,76,150,-1,-1,-1,-1
3, 25353.jpg,2,157,514,62,119,-1,-1,-1,-1
3, 25353.jpg,3,685,571,86,116,-1,-1,-1,-1
3, 25353.jpg,4,951,577,46,134,-1,-1,-1,-1
3, 25353.jpg,5,1269,580,75,151,-1,-1,-1,-1
3, 25353.jpg,6,562,549,51,135,-1,-1,-1,-1
3, 25353.jpg,7,974,648,63,151,-1,-1,-1,-1
3, 25353.jpg,8,1206,654,70,123,-1,-1,-1,-1
3, 25353.jpg,9,408,635,106,125,-1,-1,-1,-1
3, 25353.jpg,10,1160,550,62,126,-1,-1,-1,-1
3, 25353.jpg,11,600,684,88,169,-1,-1,-1,-1
3, 25353.jpg,12,834,633,76,147,-1,-1,-1,-1
4, 25354.jpg,1,1827,703,75,149,-1,-1,-1,-1
4, 25354.jpg,2,157,514,62,120,-1,-1,-1,-1
4, 25354.jpg,3,693,583,82,112,-1,-1,-1,-1
4, 25354.jpg,4,947,570,43,126,-1,-1,-1,-1
4, 25354.jpg,5,1272,582,75,151,-1,-1,-1,-1
4, 25354.jpg,6,563,550,52,134,-1,-1,-1,-1
4, 25354.jpg,7,972,649,64,153,-1,-1,-1,-1
4, 25354.jpg,8,1211,659,68,121,-1,-1,-1,-1
4, 25354.jpg,9,409,632,107,127,-1,-1,-1,-1
4, 25354.jpg,10,1163,551,62,125,-1,-1,-1,-1
4, 25354.jpg,11,591,693,86,166,-1,-1,-1,-1
4, 25354.jpg,12,834,629,75,146,-1,-1,-1,-1
5, 25355.jpg,1,1827,703,75,150,-1,-1,-1,-1
5, 25355.jpg,2,155,514,63,121,-1,-1,-1,-1
5, 25355.jpg,3,694,583,83,113,-1,-1,-1,-1
5, 25355.jpg,4,951,592,43,127,-1,-1,-1,-1
5, 25355.jpg,5,1275,583,73,148,-1,-1,-1,-1
5, 25355.jpg,6,565,549,52,134,-1,-1,-1,-1
5, 25355.jpg,7,970,652,64,151,-1,-1,-1,-1
5, 25355.jpg,8,1214,662,69,124,-1,-1,-1,-1
5, 25355.jpg,9,407,629,111,132,-1,-1,-1,-1
5, 25355.jpg,10,1167,554,61,121,-1,-1,-1,-1
5, 25355.jpg,11,582,700,87,165,-1,-1,-1,-1
5, 25355.jpg,12,834,625,74,145,-1,-1,-1,-1
5, 25355.jpg,14,648,532,76,107,-1,-1,-1,-1
6, 25356.jpg,1,1826,703,76,150,-1,-1,-1,-1
6, 25356.jpg,2,154,514,61,121,-1,-1,-1,-1
6, 25356.jpg,3,696,587,84,113,-1,-1,-1,-1
6, 25356.jpg,4,957,604,43,122,-1,-1,-1,-1
6, 25356.jpg,5,1278,585,73,146,-1,-1,-1,-1
6, 25356.jpg,6,565,549,52,133,-1,-1,-1,-1
6, 25356.jpg,7,965,653,64,151,-1,-1,-1,-1
6, 25356.jpg,8,1215,663,70,125,-1,-1,-1,-1
6, 25356.jpg,9,411,628,111,133,-1,-1,-1,-1
6, 25356.jpg,10,1171,557,59,115,-1,-1,-1,-1
6, 25356.jpg,11,576,708,85,162,-1,-1,-1,-1
6, 25356.jpg,12,835,623,71,140,-1,-1,-1,-1
6, 25356.jpg,14,646,533,75,105,-1,-1,-1,-1
7, 25357.jpg,1,1826,703,76,149,-1,-1,-1,-1
7, 25357.jpg,2,152,510,63,126,-1,-1,-1,-1
7, 25357.jpg,3,679,569,89,120,-1,-1,-1,-1
7, 25357.jpg,4,958,609,42,119,-1,-1,-1,-1
7, 25357.jpg,5,1279,587,72,143,-1,-1,-1,-1
7, 25357.jpg,6,566,549,53,131,-1,-1,-1,-1
7, 25357.jpg,7,964,653,64,153,-1,-1,-1,-1
7, 25357.jpg,8,1219,664,72,130,-1,-1,-1,-1
7, 25357.jpg,9,413,628,111,134,-1,-1,-1,-1
7, 25357.jpg,10,1176,558,61,119,-1,-1,-1,-1
7, 25357.jpg,11,569,715,83,160,-1,-1,-1,-1
7, 25357.jpg,12,836,621,68,136,-1,-1,-1,-1
7, 25357.jpg,14,639,530,78,109,-1,-1,-1,-1
7, 25357.jpg,15,936,548,63,132,-1,-1,-1,-1
8, 25358.jpg,2,152,510,62,125,-1,-1,-1,-1
8, 25358.jpg,3,691,575,89,120,-1,-1,-1,-1
8, 25358.jpg,5,1281,587,71,141,-1,-1,-1,-1
8, 25358.jpg,6,566,548,55,133,-1,-1,-1,-1
8, 25358.jpg,7,961,657,62,149,-1,-1,-1,-1
8, 25358.jpg,8,1220,665,74,135,-1,-1,-1,-1
8, 25358.jpg,9,418,628,109,131,-1,-1,-1,-1
8, 25358.jpg,10,1180,557,64,122,-1,-1,-1,-1
8, 25358.jpg,11,561,726,82,157,-1,-1,-1,-1
8, 25358.jpg,12,836,621,66,132,-1,-1,-1,-1
8, 25358.jpg,14,639,527,79,109,-1,-1,-1,-1
8, 25358.jpg,15,931,552,70,147,-1,-1,-1,-1
9, 25359.jpg,2,151,509,63,126,-1,-1,-1,-1
9, 25359.jpg,3,700,576,92,125,-1,-1,-1,-1
9, 25359.jpg,5,1283,590,70,138,-1,-1,-1,-1
9, 25359.jpg,6,564,548,59,138,-1,-1,-1,-1
9, 25359.jpg,7,960,659,63,151,-1,-1,-1,-1
9, 25359.jpg,8,1221,664,73,136,-1,-1,-1,-1
9, 25359.jpg,9,423,628,107,129,-1,-1,-1,-1
9, 25359.jpg,10,1185,557,63,120,-1,-1,-1,-1
9, 25359.jpg,11,554,733,83,157,-1,-1,-1,-1
9, 25359.jpg,12,835,621,65,131,-1,-1,-1,-1
9, 25359.jpg,14,641,523,79,107,-1,-1,-1,-1
9, 25359.jpg,15,930,556,72,155,-1,-1,-1,-1
10, 25360.jpg,2,151,509,62,127,-1,-1,-1,-1
10, 25360.jpg,3,708,574,96,130,-1,-1,-1,-1
10, 25360.jpg,5,1289,591,68,136,-1,-1,-1,-1
10, 25360.jpg,6,567,546,59,138,-1,-1,-1,-1
10, 25360.jpg,7,960,662,63,152,-1,-1,-1,-1
10, 25360.jpg,8,1219,662,73,136,-1,-1,-1,-1
10, 25360.jpg,9,427,628,109,129,-1,-1,-1,-1
10, 25360.jpg,10,1188,558,61,117,-1,-1,-1,-1
10, 25360.jpg,11,543,738,86,163,-1,-1,-1,-1
10, 25360.jpg,12,833,621,64,130,-1,-1,-1,-1
10, 25360.jpg,14,637,522,78,104,-1,-1,-1,-1
10, 25360.jpg,15,935,569,70,151,-1,-1,-1,-1
11, 25361.jpg,2,150,509,62,127,-1,-1,-1,-1
11, 25361.jpg,3,718,575,93,130,-1,-1,-1,-1
11, 25361.jpg,5,1294,591,66,135,-1,-1,-1,-1
11, 25361.jpg,6,569,544,60,139,-1,-1,-1,-1
11, 25361.jpg,7,959,660,64,157,-1,-1,-1,-1
11, 25361.jpg,8,1219,662,73,136,-1,-1,-1,-1
11, 25361.jpg,9,430,627,111,131,-1,-1,-1,-1
11, 25361.jpg,10,1190,557,63,120,-1,-1,-1,-1
11, 25361.jpg,11,535,741,88,164,-1,-1,-1,-1
11, 25361.jpg,12,833,620,64,130,-1,-1,-1,-1
11, 25361.jpg,14,637,525,73,97,-1,-1,-1,-1
11, 25361.jpg,15,931,553,71,157,-1,-1,-1,-1
12, 25362.jpg,2,150,508,63,129,-1,-1,-1,-1
12, 25362.jpg,3,730,581,87,125,-1,-1,-1,-1
12, 25362.jpg,5,1297,591,66,136,-1,-1,-1,-1
12, 25362.jpg,6,571,544,60,138,-1,-1,-1,-1
12, 25362.jpg,7,960,663,63,155,-1,-1,-1,-1
12, 25362.jpg,8,1222,667,69,131,-1,-1,-1,-1
12, 25362.jpg,9,429,625,116,134,-1,-1,-1,-1
12, 25362.jpg,10,1195,555,62,121,-1,-1,-1,-1
12, 25362.jpg,11,530,751,86,159,-1,-1,-1,-1
12, 25362.jpg,12,830,615,65,135,-1,-1,-1,-1
12, 25362.jpg,14,637,524,73,96,-1,-1,-1,-1
12, 25362.jpg,15,928,556,75,166,-1,-1,-1,-1
13, 25363.jpg,2,149,507,63,130,-1,-1,-1,-1
13, 25363.jpg,3,738,585,82,121,-1,-1,-1,-1
13, 25363.jpg,5,1300,590,64,135,-1,-1,-1,-1
13, 25363.jpg,6,573,543,59,138,-1,-1,-1,-1
13, 25363.jpg,7,959,665,61,152,-1,-1,-1,-1
13, 25363.jpg,8,1222,669,69,130,-1,-1,-1,-1
13, 25363.jpg,9,434,624,118,135,-1,-1,-1,-1
13, 25363.jpg,10,1198,557,61,116,-1,-1,-1,-1
13, 25363.jpg,11,530,755,85,155,-1,-1,-1,-1
13, 25363.jpg,12,832,614,65,137,-1,-1,-1,-1
13, 25363.jpg,14,641,522,69,92,-1,-1,-1,-1
13, 25363.jpg,15,930,548,66,151,-1,-1,-1,-1
13, 25363.jpg,16,942,531,37,110,-1,-1,-1,-1
14, 25364.jpg,3,745,585,82,123,-1,-1,-1,-1
14, 25364.jpg,5,1303,591,63,134,-1,-1,-1,-1
14, 25364.jpg,6,575,545,58,136,-1,-1,-1,-1
14, 25364.jpg,7,959,667,60,151,-1,-1,-1,-1
14, 25364.jpg,8,1222,668,70,132,-1,-1,-1,-1
14, 25364.jpg,9,439,627,116,131,-1,-1,-1,-1
14, 25364.jpg,10,1201,558,60,113,-1,-1,-1,-1
14, 25364.jpg,11,527,755,89,160,-1,-1,-1,-1
14, 25364.jpg,12,830,610,67,141,-1,-1,-1,-1
14, 25364.jpg,14,642,522,68,89,-1,-1,-1,-1
14, 25364.jpg,15,929,546,65,150,-1,-1,-1,-1
14, 25364.jpg,16,935,533,37,111,-1,-1,-1,-1
15, 25365.jpg,3,753,583,81,125,-1,-1,-1,-1
15, 25365.jpg,5,1307,592,61,132,-1,-1,-1,-1
15, 25365.jpg,6,580,542,57,137,-1,-1,-1,-1
15, 25365.jpg,7,959,667,60,153,-1,-1,-1,-1
15, 25365.jpg,8,1223,670,67,129,-1,-1,-1,-1
15, 25365.jpg,9,452,630,115,130,-1,-1,-1,-1
15, 25365.jpg,10,1203,558,63,115,-1,-1,-1,-1
15, 25365.jpg,11,531,756,90,157,-1,-1,-1,-1
15, 25365.jpg,12,831,608,65,142,-1,-1,-1,-1
15, 25365.jpg,14,645,520,67,90,-1,-1,-1,-1
15, 25365.jpg,15,930,548,64,153,-1,-1,-1,-1
15, 25365.jpg,16,933,534,37,111,-1,-1,-1,-1
16, 25366.jpg,3,755,579,81,129,-1,-1,-1,-1
16, 25366.jpg,5,1310,593,61,131,-1,-1,-1,-1
16, 25366.jpg,6,583,542,57,138,-1,-1,-1,-1
16, 25366.jpg,7,958,665,62,157,-1,-1,-1,-1
16, 25366.jpg,8,1223,673,65,124,-1,-1,-1,-1
16, 25366.jpg,9,463,631,112,130,-1,-1,-1,-1
16, 25366.jpg,10,1206,559,61,112,-1,-1,-1,-1
16, 25366.jpg,11,527,752,92,156,-1,-1,-1,-1
16, 25366.jpg,12,831,605,63,140,-1,-1,-1,-1
16, 25366.jpg,14,648,520,65,88,-1,-1,-1,-1
16, 25366.jpg,15,928,549,67,158,-1,-1,-1,-1
16, 25366.jpg,16,935,539,35,103,-1,-1,-1,-1
17, 25367.jpg,3,758,572,84,137,-1,-1,-1,-1
17, 25367.jpg,5,1312,593,61,131,-1,-1,-1,-1
17, 25367.jpg,6,585,541,56,140,-1,-1,-1,-1
17, 25367.jpg,7,957,663,62,160,-1,-1,-1,-1
17, 25367.jpg,8,1222,675,64,123,-1,-1,-1,-1
17, 25367.jpg,9,473,632,107,127,-1,-1,-1,-1
17, 25367.jpg,10,1207,557,64,114,-1,-1,-1,-1
17, 25367.jpg,11,526,750,95,158,-1,-1,-1,-1
17, 25367.jpg,12,831,603,64,142,-1,-1,-1,-1
17, 25367.jpg,14,648,518,66,91,-1,-1,-1,-1
17, 25367.jpg,15,929,548,60,147,-1,-1,-1,-1
17, 25367.jpg,16,934,541,34,101,-1,-1,-1,-1
18, 25368.jpg,3,757,559,91,153,-1,-1,-1,-1
18, 25368.jpg,5,1313,591,61,135,-1,-1,-1,-1
18, 25368.jpg,6,588,542,56,138,-1,-1,-1,-1
18, 25368.jpg,7,956,660,64,164,-1,-1,-1,-1
18, 25368.jpg,8,1219,675,65,127,-1,-1,-1,-1
18, 25368.jpg,9,481,636,102,122,-1,-1,-1,-1
18, 25368.jpg,10,1206,554,68,118,-1,-1,-1,-1
18, 25368.jpg,11,526,747,98,160,-1,-1,-1,-1
18, 25368.jpg,12,829,601,63,143,-1,-1,-1,-1
18, 25368.jpg,14,648,518,68,93,-1,-1,-1,-1
18, 25368.jpg,15,929,549,57,140,-1,-1,-1,-1
19, 25369.jpg,3,756,549,94,162,-1,-1,-1,-1
19, 25369.jpg,5,1313,590,62,136,-1,-1,-1,-1
19, 25369.jpg,6,590,544,56,134,-1,-1,-1,-1
19, 25369.jpg,7,956,660,63,163,-1,-1,-1,-1
19, 25369.jpg,8,1214,673,69,135,-1,-1,-1,-1
19, 25369.jpg,9,484,633,104,127,-1,-1,-1,-1
19, 25369.jpg,10,1205,553,70,119,-1,-1,-1,-1
19, 25369.jpg,11,528,742,104,167,-1,-1,-1,-1
19, 25369.jpg,12,828,601,62,142,-1,-1,-1,-1
19, 25369.jpg,14,651,517,66,92,-1,-1,-1,-1
19, 25369.jpg,15,925,547,58,144,-1,-1,-1,-1
20, 25370.jpg,3,757,541,92,162,-1,-1,-1,-1
20, 25370.jpg,5,1314,589,61,137,-1,-1,-1,-1
20, 25370.jpg,6,611,540,56,124,-1,-1,-1,-1
20, 25370.jpg,7,955,659,64,164,-1,-1,-1,-1
20, 25370.jpg,8,1212,676,68,134,-1,-1,-1,-1
20, 25370.jpg,9,491,632,105,129,-1,-1,-1,-1
20, 25370.jpg,10,1206,553,68,117,-1,-1,-1,-1
20, 25370.jpg,11,529,739,108,171,-1,-1,-1,-1
20, 25370.jpg,12,826,597,63,146,-1,-1,-1,-1
20, 25370.jpg,14,651,516,68,93,-1,-1,-1,-1
20, 25370.jpg,15,924,545,56,146,-1,-1,-1,-1
21, 25371.jpg,3,771,543,93,166,-1,-1,-1,-1
21, 25371.jpg,5,1316,588,60,135,-1,-1,-1,-1
21, 25371.jpg,6,598,542,61,130,-1,-1,-1,-1
21, 25371.jpg,7,954,659,65,165,-1,-1,-1,-1
21, 25371.jpg,8,1211,679,68,135,-1,-1,-1,-1
21, 25371.jpg,9,495,627,110,134,-1,-1,-1,-1
21, 25371.jpg,10,1206,554,66,111,-1,-1,-1,-1
21, 25371.jpg,11,529,738,111,174,-1,-1,-1,-1
21, 25371.jpg,12,825,595,63,147,-1,-1,-1,-1
21, 25371.jpg,14,653,512,69,96,-1,-1,-1,-1
21, 25371.jpg,15,921,544,56,146,-1,-1,-1,-1
22, 25372.jpg,3,762,531,90,161,-1,-1,-1,-1
22, 25372.jpg,5,1317,587,59,136,-1,-1,-1,-1
22, 25372.jpg,6,601,542,60,130,-1,-1,-1,-1
22, 25372.jpg,7,955,662,65,165,-1,-1,-1,-1
22, 25372.jpg,8,1209,683,67,132,-1,-1,-1,-1
22, 25372.jpg,9,518,606,115,139,-1,-1,-1,-1
22, 25372.jpg,10,1207,556,66,110,-1,-1,-1,-1
22, 25372.jpg,11,531,738,112,176,-1,-1,-1,-1
22, 25372.jpg,12,819,586,68,160,-1,-1,-1,-1
22, 25372.jpg,14,654,510,70,97,-1,-1,-1,-1
22, 25372.jpg,15,919,542,57,150,-1,-1,-1,-1
23, 25373.jpg,3,763,522,86,154,-1,-1,-1,-1
23, 25373.jpg,5,1315,585,60,138,-1,-1,-1,-1
23, 25373.jpg,6,593,544,63,132,-1,-1,-1,-1
23, 25373.jpg,7,955,667,65,163,-1,-1,-1,-1
23, 25373.jpg,8,1204,684,68,135,-1,-1,-1,-1
23, 25373.jpg,9,513,610,120,146,-1,-1,-1,-1
23, 25373.jpg,10,1207,556,66,111,-1,-1,-1,-1
23, 25373.jpg,11,538,743,109,174,-1,-1,-1,-1
23, 25373.jpg,12,816,581,69,166,-1,-1,-1,-1
23, 25373.jpg,14,656,510,72,99,-1,-1,-1,-1
23, 25373.jpg,15,916,547,56,148,-1,-1,-1,-1
23, 25373.jpg,16,924,541,32,96,-1,-1,-1,-1
24, 25374.jpg,3,766,519,87,156,-1,-1,-1,-1
24, 25374.jpg,5,1316,585,60,136,-1,-1,-1,-1
24, 25374.jpg,6,592,545,63,130,-1,-1,-1,-1
24, 25374.jpg,7,956,672,66,160,-1,-1,-1,-1
24, 25374.jpg,8,1202,687,69,134,-1,-1,-1,-1
24, 25374.jpg,9,520,615,117,145,-1,-1,-1,-1
24, 25374.jpg,10,1207,558,66,111,-1,-1,-1,-1
24, 25374.jpg,11,543,748,105,169,-1,-1,-1,-1
24, 25374.jpg,12,797,559,74,170,-1,-1,-1,-1
24, 25374.jpg,14,660,510,68,95,-1,-1,-1,-1
24, 25374.jpg,15,915,550,54,146,-1,-1,-1,-1
24, 25374.jpg,16,922,542,32,94,-1,-1,-1,-1
25, 25375.jpg,3,765,512,83,146,-1,-1,-1,-1
25, 25375.jpg,5,1319,585,60,136,-1,-1,-1,-1
25, 25375.jpg,6,592,545,64,130,-1,-1,-1,-1
25, 25375.jpg,7,958,678,65,155,-1,-1,-1,-1
25, 25375.jpg,8,1201,688,69,131,-1,-1,-1,-1
25, 25375.jpg,9,527,619,115,145,-1,-1,-1,-1
25, 25375.jpg,10,1206,560,66,108,-1,-1,-1,-1
25, 25375.jpg,11,549,754,98,162,-1,-1,-1,-1
25, 25375.jpg,12,804,576,70,163,-1,-1,-1,-1
25, 25375.jpg,14,663,511,67,93,-1,-1,-1,-1
25, 25375.jpg,15,911,551,52,142,-1,-1,-1,-1
26, 25376.jpg,3,765,503,87,152,-1,-1,-1,-1
26, 25376.jpg,5,1320,586,61,134,-1,-1,-1,-1
26, 25376.jpg,6,591,546,63,126,-1,-1,-1,-1
26, 25376.jpg,7,957,683,66,149,-1,-1,-1,-1
26, 25376.jpg,8,1198,693,67,124,-1,-1,-1,-1
26, 25376.jpg,9,540,626,110,142,-1,-1,-1,-1
26, 25376.jpg,10,1206,563,63,104,-1,-1,-1,-1
26, 25376.jpg,11,549,751,101,170,-1,-1,-1,-1
26, 25376.jpg,12,803,587,69,158,-1,-1,-1,-1
26, 25376.jpg,14,668,514,66,92,-1,-1,-1,-1
26, 25376.jpg,15,911,550,48,130,-1,-1,-1,-1
27, 25377.jpg,3,767,499,88,153,-1,-1,-1,-1
27, 25377.jpg,5,1320,587,63,133,-1,-1,-1,-1
27, 25377.jpg,6,594,547,62,125,-1,-1,-1,-1
27, 25377.jpg,7,957,687,66,145,-1,-1,-1,-1
27, 25377.jpg,8,1192,694,69,125,-1,-1,-1,-1
27, 25377.jpg,9,555,633,104,138,-1,-1,-1,-1
27, 25377.jpg,10,1203,563,62,103,-1,-1,-1,-1
27, 25377.jpg,11,550,751,102,170,-1,-1,-1,-1
27, 25377.jpg,12,792,555,74,169,-1,-1,-1,-1
27, 25377.jpg,14,669,518,66,92,-1,-1,-1,-1
27, 25377.jpg,15,911,549,44,122,-1,-1,-1,-1
28, 25378.jpg,2,116,511,61,127,-1,-1,-1,-1
28, 25378.jpg,3,768,507,82,145,-1,-1,-1,-1
28, 25378.jpg,5,1319,588,65,131,-1,-1,-1,-1
28, 25378.jpg,6,593,548,58,119,-1,-1,-1,-1
28, 25378.jpg,7,956,691,68,142,-1,-1,-1,-1
28, 25378.jpg,8,1187,696,70,124,-1,-1,-1,-1
28, 25378.jpg,9,567,636,95,129,-1,-1,-1,-1
28, 25378.jpg,10,1199,563,62,102,-1,-1,-1,-1
28, 25378.jpg,11,551,753,102,168,-1,-1,-1,-1
28, 25378.jpg,12,795,582,68,156,-1,-1,-1,-1
28, 25378.jpg,14,671,518,67,96,-1,-1,-1,-1
28, 25378.jpg,15,904,550,50,137,-1,-1,-1,-1
29, 25379.jpg,2,113,511,62,127,-1,-1,-1,-1
29, 25379.jpg,3,767,510,76,139,-1,-1,-1,-1
29, 25379.jpg,5,1317,589,68,131,-1,-1,-1,-1
29, 25379.jpg,6,593,549,56,116,-1,-1,-1,-1
29, 25379.jpg,7,955,694,69,139,-1,-1,-1,-1
29, 25379.jpg,8,1185,694,72,126,-1,-1,-1,-1
29, 25379.jpg,9,571,638,96,129,-1,-1,-1,-1
29, 25379.jpg,10,1196,562,63,104,-1,-1,-1,-1
29, 25379.jpg,11,547,751,106,174,-1,-1,-1,-1
29, 25379.jpg,12,794,595,65,150,-1,-1,-1,-1
29, 25379.jpg,14,672,515,69,99,-1,-1,-1,-1
29, 25379.jpg,15,899,547,48,134,-1,-1,-1,-1
30, 25380.jpg,3,768,515,69,130,-1,-1,-1,-1
30, 25380.jpg,5,1312,590,71,131,-1,-1,-1,-1
30, 25380.jpg,6,595,551,52,110,-1,-1,-1,-1
30, 25380.jpg,7,952,694,72,140,-1,-1,-1,-1
30, 25380.jpg,8,1181,695,72,125,-1,-1,-1,-1
30, 25380.jpg,9,573,631,100,137,-1,-1,-1,-1
30, 25380.jpg,10,1191,561,64,106,-1,-1,-1,-1
30, 25380.jpg,11,543,746,110,179,-1,-1,-1,-1
30, 25380.jpg,12,791,605,62,141,-1,-1,-1,-1
30, 25380.jpg,14,671,512,74,105,-1,-1,-1,-1
30, 25380.jpg,15,894,545,49,135,-1,-1,-1,-1
31, 25381.jpg,2,99,516,59,124,-1,-1,-1,-1
31, 25381.jpg,3,769,514,69,129,-1,-1,-1,-1
31, 25381.jpg,5,1308,591,73,131,-1,-1,-1,-1
31, 25381.jpg,6,594,553,51,109,-1,-1,-1,-1
31, 25381.jpg,7,948,693,76,143,-1,-1,-1,-1
31, 25381.jpg,8,1176,697,71,120,-1,-1,-1,-1
31, 25381.jpg,9,579,633,96,133,-1,-1,-1,-1
31, 25381.jpg,10,1187,557,65,109,-1,-1,-1,-1
31, 25381.jpg,11,539,743,115,186,-1,-1,-1,-1
31, 25381.jpg,12,780,581,61,138,-1,-1,-1,-1
31, 25381.jpg,14,676,513,73,106,-1,-1,-1,-1
31, 25381.jpg,15,885,545,52,149,-1,-1,-1,-1
32, 25382.jpg,2,95,517,60,123,-1,-1,-1,-1
32, 25382.jpg,5,1301,592,74,130,-1,-1,-1,-1
32, 25382.jpg,6,591,555,50,109,-1,-1,-1,-1
32, 25382.jpg,7,942,692,79,145,-1,-1,-1,-1
32, 25382.jpg,8,1169,696,74,124,-1,-1,-1,-1
32, 25382.jpg,9,586,634,99,137,-1,-1,-1,-1
32, 25382.jpg,10,1183,553,64,112,-1,-1,-1,-1
32, 25382.jpg,11,539,741,117,189,-1,-1,-1,-1
32, 25382.jpg,12,773,566,61,136,-1,-1,-1,-1
32, 25382.jpg,14,679,518,74,106,-1,-1,-1,-1
32, 25382.jpg,15,884,546,49,138,-1,-1,-1,-1
33, 25383.jpg,5,1296,593,76,132,-1,-1,-1,-1
33, 25383.jpg,6,586,559,50,109,-1,-1,-1,-1
33, 25383.jpg,7,936,691,84,148,-1,-1,-1,-1
33, 25383.jpg,8,1161,693,77,127,-1,-1,-1,-1
33, 25383.jpg,9,583,639,97,132,-1,-1,-1,-1
33, 25383.jpg,10,1176,552,64,111,-1,-1,-1,-1
33, 25383.jpg,11,541,742,115,187,-1,-1,-1,-1
33, 25383.jpg,12,763,545,59,133,-1,-1,-1,-1
33, 25383.jpg,14,681,524,70,103,-1,-1,-1,-1
33, 25383.jpg,15,882,548,46,127,-1,-1,-1,-1
34, 25384.jpg,2,81,530,56,115,-1,-1,-1,-1
34, 25384.jpg,5,1291,593,77,135,-1,-1,-1,-1
34, 25384.jpg,6,579,560,51,113,-1,-1,-1,-1
34, 25384.jpg,7,937,690,84,148,-1,-1,-1,-1
34, 25384.jpg,8,1156,693,76,126,-1,-1,-1,-1
34, 25384.jpg,9,582,639,97,134,-1,-1,-1,-1
34, 25384.jpg,10,1171,551,62,109,-1,-1,-1,-1
34, 25384.jpg,11,541,739,114,188,-1,-1,-1,-1
34, 25384.jpg,12,758,544,56,126,-1,-1,-1,-1
34, 25384.jpg,14,682,528,69,103,-1,-1,-1,-1
34, 25384.jpg,15,876,548,45,123,-1,-1,-1,-1
35, 25385.jpg,2,77,532,56,114,-1,-1,-1,-1
35, 25385.jpg,5,1291,595,76,135,-1,-1,-1,-1
35, 25385.jpg,6,573,562,53,115,-1,-1,-1,-1
35, 25385.jpg,7,940,690,82,145,-1,-1,-1,-1
35, 25385.jpg,8,1154,690,77,127,-1,-1,-1,-1
35, 25385.jpg,9,579,638,100,138,-1,-1,-1,-1
35, 25385.jpg,10,1165,550,59,104,-1,-1,-1,-1
35, 25385.jpg,11,544,736,111,188,-1,-1,-1,-1
35, 25385.jpg,12,750,552,54,120,-1,-1,-1,-1
35, 25385.jpg,14,684,531,67,101,-1,-1,-1,-1
35, 25385.jpg,15,866,544,48,131,-1,-1,-1,-1
35, 25385.jpg,18,750,619,61,136,-1,-1,-1,-1
36, 25386.jpg,5,1290,597,75,135,-1,-1,-1,-1
36, 25386.jpg,6,569,564,55,118,-1,-1,-1,-1
36, 25386.jpg,7,942,691,80,142,-1,-1,-1,-1
36, 25386.jpg,8,1153,691,74,120,-1,-1,-1,-1
36, 25386.jpg,9,575,635,101,142,-1,-1,-1,-1
36, 25386.jpg,10,1160,548,59,103,-1,-1,-1,-1
36, 25386.jpg,11,545,734,113,196,-1,-1,-1,-1
36, 25386.jpg,12,745,560,58,130,-1,-1,-1,-1
36, 25386.jpg,14,684,529,68,105,-1,-1,-1,-1
36, 25386.jpg,15,860,540,50,136,-1,-1,-1,-1
36, 25386.jpg,18,747,624,60,134,-1,-1,-1,-1
37, 25387.jpg,5,1292,599,73,134,-1,-1,-1,-1
37, 25387.jpg,6,563,564,57,122,-1,-1,-1,-1
37, 25387.jpg,7,944,692,78,139,-1,-1,-1,-1
37, 25387.jpg,8,1151,691,73,117,-1,-1,-1,-1
37, 25387.jpg,9,576,628,104,150,-1,-1,-1,-1
37, 25387.jpg,10,1155,547,61,104,-1,-1,-1,-1
37, 25387.jpg,11,544,732,111,196,-1,-1,-1,-1
37, 25387.jpg,12,742,571,61,136,-1,-1,-1,-1
37, 25387.jpg,14,681,527,69,108,-1,-1,-1,-1
37, 25387.jpg,15,848,535,51,141,-1,-1,-1,-1
38, 25388.jpg,1,1715,725,68,134,-1,-1,-1,-1
38, 25388.jpg,5,1292,603,68,127,-1,-1,-1,-1
38, 25388.jpg,6,556,563,57,125,-1,-1,-1,-1
38, 25388.jpg,7,945,691,79,137,-1,-1,-1,-1
38, 25388.jpg,8,1146,688,78,120,-1,-1,-1,-1
38, 25388.jpg,9,567,626,102,151,-1,-1,-1,-1
38, 25388.jpg,10,1147,542,62,105,-1,-1,-1,-1
38, 25388.jpg,11,545,732,106,189,-1,-1,-1,-1
38, 25388.jpg,12,738,570,60,136,-1,-1,-1,-1
38, 25388.jpg,14,679,521,70,113,-1,-1,-1,-1
38, 25388.jpg,15,838,519,56,154,-1,-1,-1,-1
38, 25388.jpg,18,712,611,66,149,-1,-1,-1,-1
39, 25389.jpg,1,1711,726,68,133,-1,-1,-1,-1
39, 25389.jpg,2,41,548,53,105,-1,-1,-1,-1
39, 25389.jpg,5,1292,606,64,121,-1,-1,-1,-1
39, 25389.jpg,6,553,565,57,124,-1,-1,-1,-1
39, 25389.jpg,7,948,692,80,134,-1,-1,-1,-1
39, 25389.jpg,8,1142,687,82,122,-1,-1,-1,-1
39, 25389.jpg,9,557,606,99,149,-1,-1,-1,-1
39, 25389.jpg,10,1141,540,62,105,-1,-1,-1,-1
39, 25389.jpg,11,551,739,101,183,-1,-1,-1,-1
39, 25389.jpg,14,675,515,71,119,-1,-1,-1,-1
39, 25389.jpg,15,832,504,58,164,-1,-1,-1,-1
39, 25389.jpg,18,716,616,64,138,-1,-1,-1,-1
40, 25390.jpg,2,35,550,52,104,-1,-1,-1,-1
40, 25390.jpg,5,1289,606,64,121,-1,-1,-1,-1
40, 25390.jpg,6,543,560,59,129,-1,-1,-1,-1
40, 25390.jpg,7,948,692,82,131,-1,-1,-1,-1
40, 25390.jpg,8,1136,686,85,122,-1,-1,-1,-1
40, 25390.jpg,9,565,615,99,153,-1,-1,-1,-1
40, 25390.jpg,10,1135,541,62,102,-1,-1,-1,-1
40, 25390.jpg,11,551,743,98,181,-1,-1,-1,-1
40, 25390.jpg,14,675,507,72,125,-1,-1,-1,-1
40, 25390.jpg,15,826,505,55,160,-1,-1,-1,-1
40, 25390.jpg,18,711,604,68,147,-1,-1,-1,-1
