2, 31212.jpg,1,665,555,54,120,-1,-1,-1,-1
2, 31212.jpg,2,1141,554,55,127,-1,-1,-1,-1
2, 31212.jpg,4,1485,564,67,150,-1,-1,-1,-1
2, 31212.jpg,5,827,540,80,144,-1,-1,-1,-1
2, 31212.jpg,6,642,597,69,129,-1,-1,-1,-1
2, 31212.jpg,7,1436,524,70,121,-1,-1,-1,-1
2, 31212.jpg,8,1171,622,57,140,-1,-1,-1,-1
2, 31212.jpg,9,1409,643,68,142,-1,-1,-1,-1
2, 31212.jpg,10,484,634,89,151,-1,-1,-1,-1
2, 31212.jpg,11,973,622,105,140,-1,-1,-1,-1
3, 31213.jpg,1,643,558,58,126,-1,-1,-1,-1
3, 31213.jpg,2,1134,572,63,146,-1,-1,-1,-1
3, 31213.jpg,4,1475,561,68,154,-1,-1,-1,-1
3, 31213.jpg,5,815,542,80,143,-1,-1,-1,-1
3, 31213.jpg,6,638,604,65,120,-1,-1,-1,-1
3, 31213.jpg,7,1427,523,71,123,-1,-1,-1,-1
3, 31213.jpg,8,1169,624,57,139,-1,-1,-1,-1
3, 31213.jpg,9,1400,639,69,145,-1,-1,-1,-1
3, 31213.jpg,10,473,628,96,162,-1,-1,-1,-1
3, 31213.jpg,11,957,616,110,146,-1,-1,-1,-1
4, 31214.jpg,1,626,559,60,132,-1,-1,-1,-1
4, 31214.jpg,2,1128,575,65,150,-1,-1,-1,-1
4, 31214.jpg,4,1465,558,71,160,-1,-1,-1,-1
4, 31214.jpg,5,803,544,82,146,-1,-1,-1,-1
4, 31214.jpg,6,631,575,80,149,-1,-1,-1,-1
4, 31214.jpg,7,1418,524,70,121,-1,-1,-1,-1
4, 31214.jpg,8,1149,623,58,142,-1,-1,-1,-1
4, 31214.jpg,9,1390,637,70,146,-1,-1,-1,-1
4, 31214.jpg,10,467,628,94,158,-1,-1,-1,-1
4, 31214.jpg,11,945,614,110,147,-1,-1,-1,-1
5, 31215.jpg,1,611,559,59,130,-1,-1,-1,-1
5, 31215.jpg,4,1458,557,73,164,-1,-1,-1,-1
5, 31215.jpg,5,794,548,81,143,-1,-1,-1,-1
5, 31215.jpg,6,626,572,82,150,-1,-1,-1,-1
5, 31215.jpg,7,1421,540,76,131,-1,-1,-1,-1
5, 31215.jpg,8,1141,623,59,144,-1,-1,-1,-1
5, 31215.jpg,9,1381,633,71,150,-1,-1,-1,-1
5, 31215.jpg,10,462,627,93,158,-1,-1,-1,-1
5, 31215.jpg,11,931,611,111,149,-1,-1,-1,-1
5, 31215.jpg,14,658,560,41,113,-1,-1,-1,-1
6, 31216.jpg,1,602,565,57,127,-1,-1,-1,-1
6, 31216.jpg,2,1111,578,62,140,-1,-1,-1,-1
6, 31216.jpg,5,785,551,79,140,-1,-1,-1,-1
6, 31216.jpg,7,1409,538,80,137,-1,-1,-1,-1
6, 31216.jpg,8,1134,625,59,143,-1,-1,-1,-1
6, 31216.jpg,9,1370,630,71,151,-1,-1,-1,-1
6, 31216.jpg,10,453,624,97,165,-1,-1,-1,-1
6, 31216.jpg,11,914,608,112,150,-1,-1,-1,-1
6, 31216.jpg,14,655,549,40,110,-1,-1,-1,-1
7, 31217.jpg,1,591,568,58,127,-1,-1,-1,-1
7, 31217.jpg,2,1105,580,62,141,-1,-1,-1,-1
7, 31217.jpg,5,773,553,80,141,-1,-1,-1,-1
7, 31217.jpg,6,625,562,78,147,-1,-1,-1,-1
7, 31217.jpg,7,1397,533,82,141,-1,-1,-1,-1
7, 31217.jpg,8,1122,627,58,142,-1,-1,-1,-1
7, 31217.jpg,9,1360,626,72,153,-1,-1,-1,-1
7, 31217.jpg,10,447,624,94,163,-1,-1,-1,-1
7, 31217.jpg,11,897,606,109,148,-1,-1,-1,-1
7, 31217.jpg,14,650,543,38,104,-1,-1,-1,-1
8, 31218.jpg,5,764,553,81,143,-1,-1,-1,-1
8, 31218.jpg,6,606,559,69,129,-1,-1,-1,-1
8, 31218.jpg,7,1391,538,86,147,-1,-1,-1,-1
8, 31218.jpg,8,1113,625,60,147,-1,-1,-1,-1
8, 31218.jpg,9,1352,626,67,147,-1,-1,-1,-1
8, 31218.jpg,10,440,624,93,162,-1,-1,-1,-1
8, 31218.jpg,11,886,607,104,145,-1,-1,-1,-1
9, 31219.jpg,2,1073,552,57,131,-1,-1,-1,-1
9, 31219.jpg,5,757,557,80,138,-1,-1,-1,-1
9, 31219.jpg,6,599,565,78,144,-1,-1,-1,-1
9, 31219.jpg,7,1389,545,88,155,-1,-1,-1,-1
9, 31219.jpg,8,1102,626,60,148,-1,-1,-1,-1
9, 31219.jpg,9,1342,623,67,147,-1,-1,-1,-1
9, 31219.jpg,10,438,625,90,160,-1,-1,-1,-1
9, 31219.jpg,11,873,607,102,144,-1,-1,-1,-1
10, 31220.jpg,1,594,562,55,116,-1,-1,-1,-1
10, 31220.jpg,2,1059,548,56,129,-1,-1,-1,-1
10, 31220.jpg,5,745,555,82,143,-1,-1,-1,-1
10, 31220.jpg,6,606,586,72,138,-1,-1,-1,-1
10, 31220.jpg,7,1381,545,88,159,-1,-1,-1,-1
10, 31220.jpg,8,1096,626,59,147,-1,-1,-1,-1
10, 31220.jpg,9,1336,626,63,139,-1,-1,-1,-1
10, 31220.jpg,10,435,625,87,159,-1,-1,-1,-1
10, 31220.jpg,11,857,607,100,147,-1,-1,-1,-1
10, 31220.jpg,14,627,552,40,106,-1,-1,-1,-1
11, 31221.jpg,1,587,563,55,116,-1,-1,-1,-1
11, 31221.jpg,2,1056,556,59,136,-1,-1,-1,-1
11, 31221.jpg,4,1356,526,56,123,-1,-1,-1,-1
11, 31221.jpg,5,736,557,81,141,-1,-1,-1,-1
11, 31221.jpg,6,584,575,71,140,-1,-1,-1,-1
11, 31221.jpg,7,1370,545,88,161,-1,-1,-1,-1
11, 31221.jpg,8,1089,625,59,150,-1,-1,-1,-1
11, 31221.jpg,9,1327,626,61,135,-1,-1,-1,-1
11, 31221.jpg,10,431,622,86,160,-1,-1,-1,-1
11, 31221.jpg,11,846,607,96,145,-1,-1,-1,-1
11, 31221.jpg,14,621,550,39,104,-1,-1,-1,-1
12, 31222.jpg,1,591,556,56,118,-1,-1,-1,-1
12, 31222.jpg,2,1044,551,59,133,-1,-1,-1,-1
12, 31222.jpg,4,1338,526,57,123,-1,-1,-1,-1
12, 31222.jpg,5,725,559,80,140,-1,-1,-1,-1
12, 31222.jpg,6,583,572,76,149,-1,-1,-1,-1
12, 31222.jpg,7,1362,547,83,156,-1,-1,-1,-1
12, 31222.jpg,8,1081,628,58,147,-1,-1,-1,-1
12, 31222.jpg,9,1323,595,61,136,-1,-1,-1,-1
12, 31222.jpg,10,428,624,82,158,-1,-1,-1,-1
12, 31222.jpg,11,833,608,94,145,-1,-1,-1,-1
13, 31223.jpg,1,586,556,55,118,-1,-1,-1,-1
13, 31223.jpg,2,1031,548,57,129,-1,-1,-1,-1
13, 31223.jpg,4,1324,523,57,121,-1,-1,-1,-1
13, 31223.jpg,5,715,558,83,145,-1,-1,-1,-1
13, 31223.jpg,6,579,570,78,154,-1,-1,-1,-1
13, 31223.jpg,7,1340,558,77,144,-1,-1,-1,-1
13, 31223.jpg,8,1077,631,56,144,-1,-1,-1,-1
13, 31223.jpg,9,1309,609,62,138,-1,-1,-1,-1
13, 31223.jpg,10,426,622,80,159,-1,-1,-1,-1
13, 31223.jpg,11,821,606,94,149,-1,-1,-1,-1
14, 31224.jpg,1,578,556,55,116,-1,-1,-1,-1
14, 31224.jpg,2,1021,548,59,134,-1,-1,-1,-1
14, 31224.jpg,5,703,560,83,145,-1,-1,-1,-1
14, 31224.jpg,6,579,573,77,153,-1,-1,-1,-1
14, 31224.jpg,7,1339,552,77,145,-1,-1,-1,-1
14, 31224.jpg,8,1069,627,57,148,-1,-1,-1,-1
14, 31224.jpg,9,1307,578,62,140,-1,-1,-1,-1
14, 31224.jpg,10,424,624,76,155,-1,-1,-1,-1
14, 31224.jpg,11,807,605,94,150,-1,-1,-1,-1
15, 31225.jpg,1,571,559,57,121,-1,-1,-1,-1
15, 31225.jpg,2,1011,546,59,135,-1,-1,-1,-1
15, 31225.jpg,5,695,561,83,146,-1,-1,-1,-1
15, 31225.jpg,6,573,572,79,155,-1,-1,-1,-1
15, 31225.jpg,7,1327,545,75,143,-1,-1,-1,-1
15, 31225.jpg,8,1060,623,57,151,-1,-1,-1,-1
15, 31225.jpg,9,1302,576,64,142,-1,-1,-1,-1
15, 31225.jpg,10,421,626,74,154,-1,-1,-1,-1
15, 31225.jpg,11,795,601,95,154,-1,-1,-1,-1
16, 31226.jpg,1,561,566,61,131,-1,-1,-1,-1
16, 31226.jpg,2,1021,557,63,141,-1,-1,-1,-1
16, 31226.jpg,5,689,563,83,146,-1,-1,-1,-1
16, 31226.jpg,7,1320,543,78,151,-1,-1,-1,-1
16, 31226.jpg,8,1051,620,59,154,-1,-1,-1,-1
16, 31226.jpg,9,1294,564,63,141,-1,-1,-1,-1
16, 31226.jpg,10,418,625,73,154,-1,-1,-1,-1
16, 31226.jpg,11,782,602,95,153,-1,-1,-1,-1
17, 31227.jpg,1,554,567,60,127,-1,-1,-1,-1
17, 31227.jpg,2,1001,551,60,136,-1,-1,-1,-1
17, 31227.jpg,5,679,566,82,146,-1,-1,-1,-1
17, 31227.jpg,7,1299,529,75,145,-1,-1,-1,-1
17, 31227.jpg,8,1046,618,60,159,-1,-1,-1,-1
17, 31227.jpg,9,1287,557,62,141,-1,-1,-1,-1
17, 31227.jpg,10,412,624,74,155,-1,-1,-1,-1
17, 31227.jpg,11,772,601,97,154,-1,-1,-1,-1
18, 31228.jpg,1,548,569,60,127,-1,-1,-1,-1
18, 31228.jpg,2,1011,558,62,138,-1,-1,-1,-1
18, 31228.jpg,5,672,570,82,144,-1,-1,-1,-1
18, 31228.jpg,6,560,575,79,150,-1,-1,-1,-1
18, 31228.jpg,7,1286,530,75,145,-1,-1,-1,-1
18, 31228.jpg,8,1041,614,63,166,-1,-1,-1,-1
18, 31228.jpg,10,409,627,72,151,-1,-1,-1,-1
18, 31228.jpg,11,761,605,95,150,-1,-1,-1,-1
19, 31229.jpg,2,993,552,58,133,-1,-1,-1,-1
19, 31229.jpg,4,1283,523,62,133,-1,-1,-1,-1
19, 31229.jpg,5,667,571,83,146,-1,-1,-1,-1
19, 31229.jpg,6,556,576,78,148,-1,-1,-1,-1
19, 31229.jpg,7,1292,537,77,152,-1,-1,-1,-1
19, 31229.jpg,8,1032,588,58,150,-1,-1,-1,-1
19, 31229.jpg,10,407,628,71,150,-1,-1,-1,-1
19, 31229.jpg,11,752,607,94,149,-1,-1,-1,-1
19, 31229.jpg,21,1260,616,60,133,-1,-1,-1,-1
20, 31230.jpg,2,996,561,60,133,-1,-1,-1,-1
20, 31230.jpg,4,1276,523,63,135,-1,-1,-1,-1
20, 31230.jpg,5,659,572,85,148,-1,-1,-1,-1
20, 31230.jpg,6,538,575,75,142,-1,-1,-1,-1
20, 31230.jpg,7,1289,538,79,155,-1,-1,-1,-1
20, 31230.jpg,8,1036,594,54,141,-1,-1,-1,-1
20, 31230.jpg,10,405,628,71,150,-1,-1,-1,-1
20, 31230.jpg,11,741,610,94,147,-1,-1,-1,-1
20, 31230.jpg,21,1252,614,61,135,-1,-1,-1,-1
21, 31231.jpg,2,997,564,61,133,-1,-1,-1,-1
21, 31231.jpg,4,1275,527,57,120,-1,-1,-1,-1
21, 31231.jpg,5,651,574,86,152,-1,-1,-1,-1
21, 31231.jpg,6,532,574,73,142,-1,-1,-1,-1
21, 31231.jpg,7,1273,549,79,156,-1,-1,-1,-1
21, 31231.jpg,8,1031,625,56,146,-1,-1,-1,-1
21, 31231.jpg,10,404,628,70,149,-1,-1,-1,-1
21, 31231.jpg,11,731,607,93,148,-1,-1,-1,-1
21, 31231.jpg,21,1249,587,66,147,-1,-1,-1,-1
21, 31231.jpg,24,385,779,73,193,-1,-1,-1,-1
22, 31232.jpg,2,985,560,64,140,-1,-1,-1,-1
22, 31232.jpg,4,1265,528,57,117,-1,-1,-1,-1
22, 31232.jpg,5,643,576,86,152,-1,-1,-1,-1
22, 31232.jpg,6,545,579,81,150,-1,-1,-1,-1
22, 31232.jpg,7,1267,544,78,156,-1,-1,-1,-1
22, 31232.jpg,8,1029,636,57,148,-1,-1,-1,-1
22, 31232.jpg,10,403,625,70,149,-1,-1,-1,-1
22, 31232.jpg,11,696,597,94,149,-1,-1,-1,-1
22, 31232.jpg,21,1239,594,64,144,-1,-1,-1,-1
22, 31232.jpg,24,379,782,72,188,-1,-1,-1,-1
23, 31233.jpg,2,968,556,62,136,-1,-1,-1,-1
23, 31233.jpg,4,1257,527,56,116,-1,-1,-1,-1
23, 31233.jpg,6,549,581,88,155,-1,-1,-1,-1
23, 31233.jpg,7,1266,540,78,159,-1,-1,-1,-1
23, 31233.jpg,8,1029,643,57,149,-1,-1,-1,-1
23, 31233.jpg,10,404,623,69,149,-1,-1,-1,-1
23, 31233.jpg,11,675,593,96,151,-1,-1,-1,-1
23, 31233.jpg,21,1242,572,65,150,-1,-1,-1,-1
23, 31233.jpg,24,377,784,71,183,-1,-1,-1,-1
23, 31233.jpg,25,1817,690,75,138,-1,-1,-1,-1
24, 31234.jpg,2,961,556,59,132,-1,-1,-1,-1
24, 31234.jpg,6,551,583,88,151,-1,-1,-1,-1
24, 31234.jpg,7,1264,539,78,160,-1,-1,-1,-1
24, 31234.jpg,8,1028,650,56,146,-1,-1,-1,-1
24, 31234.jpg,10,406,622,67,147,-1,-1,-1,-1
24, 31234.jpg,11,639,584,94,148,-1,-1,-1,-1
24, 31234.jpg,21,1240,564,64,149,-1,-1,-1,-1
24, 31234.jpg,24,377,785,72,184,-1,-1,-1,-1
24, 31234.jpg,25,1811,689,78,142,-1,-1,-1,-1
25, 31235.jpg,2,958,556,58,131,-1,-1,-1,-1
25, 31235.jpg,5,654,591,88,149,-1,-1,-1,-1
25, 31235.jpg,6,550,582,89,150,-1,-1,-1,-1
25, 31235.jpg,7,1257,539,78,162,-1,-1,-1,-1
25, 31235.jpg,8,1028,652,55,145,-1,-1,-1,-1
25, 31235.jpg,10,407,619,67,150,-1,-1,-1,-1
25, 31235.jpg,11,622,582,94,148,-1,-1,-1,-1
25, 31235.jpg,21,1242,558,67,157,-1,-1,-1,-1
25, 31235.jpg,24,376,782,77,192,-1,-1,-1,-1
25, 31235.jpg,25,1809,688,79,144,-1,-1,-1,-1
25, 31235.jpg,26,1022,586,58,142,-1,-1,-1,-1
26, 31236.jpg,2,969,559,57,134,-1,-1,-1,-1
26, 31236.jpg,4,1264,531,52,106,-1,-1,-1,-1
26, 31236.jpg,5,639,584,90,151,-1,-1,-1,-1
26, 31236.jpg,6,552,581,94,155,-1,-1,-1,-1
26, 31236.jpg,8,1031,656,55,143,-1,-1,-1,-1
26, 31236.jpg,10,411,618,66,148,-1,-1,-1,-1
26, 31236.jpg,21,1244,564,67,153,-1,-1,-1,-1
26, 31236.jpg,24,378,777,77,193,-1,-1,-1,-1
26, 31236.jpg,25,1805,687,79,145,-1,-1,-1,-1
26, 31236.jpg,26,1011,580,58,144,-1,-1,-1,-1
27, 31237.jpg,2,962,558,56,132,-1,-1,-1,-1
27, 31237.jpg,4,1267,532,51,104,-1,-1,-1,-1
27, 31237.jpg,5,620,585,92,147,-1,-1,-1,-1
27, 31237.jpg,6,552,580,96,156,-1,-1,-1,-1
27, 31237.jpg,8,1032,658,54,140,-1,-1,-1,-1
27, 31237.jpg,10,416,616,65,148,-1,-1,-1,-1
27, 31237.jpg,21,1251,553,67,155,-1,-1,-1,-1
27, 31237.jpg,24,383,776,78,194,-1,-1,-1,-1
27, 31237.jpg,26,1002,572,60,148,-1,-1,-1,-1
28, 31238.jpg,2,961,557,56,134,-1,-1,-1,-1
28, 31238.jpg,4,1269,532,49,98,-1,-1,-1,-1
28, 31238.jpg,5,615,586,96,147,-1,-1,-1,-1
28, 31238.jpg,6,554,582,94,154,-1,-1,-1,-1
28, 31238.jpg,8,1034,660,53,136,-1,-1,-1,-1
28, 31238.jpg,10,422,616,64,147,-1,-1,-1,-1
28, 31238.jpg,21,1252,553,68,155,-1,-1,-1,-1
28, 31238.jpg,24,387,774,79,193,-1,-1,-1,-1
28, 31238.jpg,26,1010,577,59,145,-1,-1,-1,-1
29, 31239.jpg,2,961,557,57,137,-1,-1,-1,-1
29, 31239.jpg,4,1266,533,47,95,-1,-1,-1,-1
29, 31239.jpg,5,596,590,97,142,-1,-1,-1,-1
29, 31239.jpg,6,553,583,95,154,-1,-1,-1,-1
29, 31239.jpg,8,1031,634,58,149,-1,-1,-1,-1
29, 31239.jpg,10,427,615,64,146,-1,-1,-1,-1
29, 31239.jpg,21,1250,567,65,147,-1,-1,-1,-1
29, 31239.jpg,24,395,779,76,187,-1,-1,-1,-1
29, 31239.jpg,26,1010,576,59,147,-1,-1,-1,-1
30, 31240.jpg,2,957,557,57,137,-1,-1,-1,-1
30, 31240.jpg,5,606,587,99,147,-1,-1,-1,-1
30, 31240.jpg,6,555,584,93,151,-1,-1,-1,-1
30, 31240.jpg,7,1267,546,68,145,-1,-1,-1,-1
30, 31240.jpg,8,1041,647,58,147,-1,-1,-1,-1
30, 31240.jpg,10,432,616,64,145,-1,-1,-1,-1
30, 31240.jpg,21,1238,578,64,146,-1,-1,-1,-1
30, 31240.jpg,24,405,787,68,168,-1,-1,-1,-1
30, 31240.jpg,26,999,575,58,142,-1,-1,-1,-1
31, 31241.jpg,2,964,561,55,134,-1,-1,-1,-1
31, 31241.jpg,5,601,584,103,148,-1,-1,-1,-1
31, 31241.jpg,6,554,585,93,151,-1,-1,-1,-1
31, 31241.jpg,7,1270,547,65,142,-1,-1,-1,-1
31, 31241.jpg,8,1049,652,57,144,-1,-1,-1,-1
31, 31241.jpg,9,1243,566,70,151,-1,-1,-1,-1
31, 31241.jpg,10,436,616,65,144,-1,-1,-1,-1
31, 31241.jpg,21,1234,581,62,145,-1,-1,-1,-1
31, 31241.jpg,24,407,788,67,164,-1,-1,-1,-1
31, 31241.jpg,26,1011,582,58,141,-1,-1,-1,-1
32, 31242.jpg,2,961,561,55,134,-1,-1,-1,-1
32, 31242.jpg,5,599,584,106,147,-1,-1,-1,-1
32, 31242.jpg,7,1270,543,65,147,-1,-1,-1,-1
32, 31242.jpg,8,1055,654,57,145,-1,-1,-1,-1
32, 31242.jpg,9,1240,565,69,151,-1,-1,-1,-1
32, 31242.jpg,10,438,615,66,144,-1,-1,-1,-1
32, 31242.jpg,21,1234,580,61,147,-1,-1,-1,-1
32, 31242.jpg,26,1001,577,60,144,-1,-1,-1,-1
33, 31243.jpg,2,967,565,56,135,-1,-1,-1,-1
33, 31243.jpg,5,622,588,107,153,-1,-1,-1,-1
33, 31243.jpg,6,560,582,95,153,-1,-1,-1,-1
33, 31243.jpg,7,1267,544,66,146,-1,-1,-1,-1
33, 31243.jpg,8,1059,655,57,144,-1,-1,-1,-1
33, 31243.jpg,10,440,614,68,143,-1,-1,-1,-1
33, 31243.jpg,21,1241,564,60,145,-1,-1,-1,-1
33, 31243.jpg,26,1013,583,60,142,-1,-1,-1,-1
34, 31244.jpg,2,966,565,55,134,-1,-1,-1,-1
34, 31244.jpg,5,631,590,104,153,-1,-1,-1,-1
34, 31244.jpg,6,563,583,93,147,-1,-1,-1,-1
34, 31244.jpg,7,1263,548,63,144,-1,-1,-1,-1
34, 31244.jpg,8,1063,657,57,141,-1,-1,-1,-1
34, 31244.jpg,10,440,612,70,144,-1,-1,-1,-1
34, 31244.jpg,21,1238,577,55,134,-1,-1,-1,-1
34, 31244.jpg,26,1019,584,60,144,-1,-1,-1,-1
35, 31245.jpg,2,964,566,55,134,-1,-1,-1,-1
35, 31245.jpg,5,609,589,101,147,-1,-1,-1,-1
35, 31245.jpg,6,563,583,93,147,-1,-1,-1,-1
35, 31245.jpg,7,1260,549,63,143,-1,-1,-1,-1
35, 31245.jpg,8,1067,659,57,138,-1,-1,-1,-1
35, 31245.jpg,10,443,610,70,145,-1,-1,-1,-1
35, 31245.jpg,21,1245,565,59,140,-1,-1,-1,-1
35, 31245.jpg,26,1006,580,63,143,-1,-1,-1,-1
36, 31246.jpg,5,626,591,99,150,-1,-1,-1,-1
36, 31246.jpg,6,560,583,88,139,-1,-1,-1,-1
36, 31246.jpg,7,1271,547,62,147,-1,-1,-1,-1
36, 31246.jpg,8,1069,659,60,144,-1,-1,-1,-1
36, 31246.jpg,10,445,607,71,146,-1,-1,-1,-1
36, 31246.jpg,21,1251,558,62,147,-1,-1,-1,-1
36, 31246.jpg,26,999,581,63,140,-1,-1,-1,-1
37, 31247.jpg,5,614,589,99,148,-1,-1,-1,-1
37, 31247.jpg,6,560,583,88,138,-1,-1,-1,-1
37, 31247.jpg,7,1265,548,62,146,-1,-1,-1,-1
37, 31247.jpg,8,1054,627,68,159,-1,-1,-1,-1
37, 31247.jpg,10,450,605,69,146,-1,-1,-1,-1
37, 31247.jpg,21,1238,571,57,136,-1,-1,-1,-1
37, 31247.jpg,24,437,781,73,175,-1,-1,-1,-1
37, 31247.jpg,26,977,572,62,138,-1,-1,-1,-1
38, 31248.jpg,5,598,588,99,147,-1,-1,-1,-1
38, 31248.jpg,7,1269,548,60,145,-1,-1,-1,-1
38, 31248.jpg,8,1046,615,69,161,-1,-1,-1,-1
38, 31248.jpg,10,454,601,69,149,-1,-1,-1,-1
38, 31248.jpg,21,1234,573,57,135,-1,-1,-1,-1
38, 31248.jpg,24,439,782,74,173,-1,-1,-1,-1
38, 31248.jpg,26,969,569,62,136,-1,-1,-1,-1
39, 31249.jpg,5,592,588,99,145,-1,-1,-1,-1
39, 31249.jpg,7,1265,550,60,146,-1,-1,-1,-1
39, 31249.jpg,8,1045,611,70,164,-1,-1,-1,-1
39, 31249.jpg,10,460,600,67,146,-1,-1,-1,-1
39, 31249.jpg,21,1232,571,58,138,-1,-1,-1,-1
39, 31249.jpg,24,443,781,74,173,-1,-1,-1,-1
39, 31249.jpg,26,965,568,61,135,-1,-1,-1,-1
40, 31250.jpg,1,646,591,68,147,-1,-1,-1,-1
40, 31250.jpg,5,580,590,94,143,-1,-1,-1,-1
40, 31250.jpg,6,569,578,75,127,-1,-1,-1,-1
40, 31250.jpg,7,1261,552,60,146,-1,-1,-1,-1
40, 31250.jpg,8,1033,594,66,154,-1,-1,-1,-1
40, 31250.jpg,10,466,598,65,146,-1,-1,-1,-1
40, 31250.jpg,21,1233,571,57,136,-1,-1,-1,-1
40, 31250.jpg,26,966,567,60,134,-1,-1,-1,-1
