2, 28782.jpg,1,1239,660,64,130,-1,-1,-1,-1
2, 28782.jpg,2,483,509,67,116,-1,-1,-1,-1
2, 28782.jpg,3,811,453,47,202,-1,-1,-1,-1
2, 28782.jpg,5,737,578,64,141,-1,-1,-1,-1
2, 28782.jpg,6,543,569,48,126,-1,-1,-1,-1
2, 28782.jpg,7,447,672,89,130,-1,-1,-1,-1
2, 28782.jpg,8,622,487,55,130,-1,-1,-1,-1
2, 28782.jpg,9,1189,523,55,118,-1,-1,-1,-1
2, 28782.jpg,10,1083,681,80,139,-1,-1,-1,-1
3, 28783.jpg,1,1232,663,63,131,-1,-1,-1,-1
3, 28783.jpg,2,484,509,65,116,-1,-1,-1,-1
3, 28783.jpg,3,806,463,46,197,-1,-1,-1,-1
3, 28783.jpg,5,730,579,61,135,-1,-1,-1,-1
3, 28783.jpg,6,540,569,49,127,-1,-1,-1,-1
3, 28783.jpg,7,441,667,87,128,-1,-1,-1,-1
3, 28783.jpg,8,616,494,55,130,-1,-1,-1,-1
3, 28783.jpg,9,1184,523,55,118,-1,-1,-1,-1
3, 28783.jpg,10,1085,683,80,140,-1,-1,-1,-1
3, 28783.jpg,11,1247,583,55,110,-1,-1,-1,-1
4, 28784.jpg,1,1228,666,62,128,-1,-1,-1,-1
4, 28784.jpg,2,481,512,67,119,-1,-1,-1,-1
4, 28784.jpg,3,808,492,41,172,-1,-1,-1,-1
4, 28784.jpg,5,726,582,60,131,-1,-1,-1,-1
4, 28784.jpg,6,535,570,49,128,-1,-1,-1,-1
4, 28784.jpg,7,441,689,87,128,-1,-1,-1,-1
4, 28784.jpg,8,608,502,56,129,-1,-1,-1,-1
4, 28784.jpg,9,1178,525,54,116,-1,-1,-1,-1
4, 28784.jpg,10,1086,685,81,140,-1,-1,-1,-1
4, 28784.jpg,11,1238,589,54,108,-1,-1,-1,-1
4, 28784.jpg,12,1682,725,77,120,-1,-1,-1,-1
5, 28785.jpg,1,1224,657,63,129,-1,-1,-1,-1
5, 28785.jpg,2,480,512,67,122,-1,-1,-1,-1
5, 28785.jpg,3,807,503,38,163,-1,-1,-1,-1
5, 28785.jpg,5,722,583,60,132,-1,-1,-1,-1
5, 28785.jpg,6,531,574,51,129,-1,-1,-1,-1
5, 28785.jpg,7,438,697,90,133,-1,-1,-1,-1
5, 28785.jpg,8,600,511,57,132,-1,-1,-1,-1
5, 28785.jpg,9,1172,526,54,119,-1,-1,-1,-1
5, 28785.jpg,10,1087,689,81,136,-1,-1,-1,-1
5, 28785.jpg,11,1231,592,53,106,-1,-1,-1,-1
5, 28785.jpg,12,1680,724,76,120,-1,-1,-1,-1
5, 28785.jpg,13,434,611,59,123,-1,-1,-1,-1
6, 28786.jpg,1,1216,667,60,124,-1,-1,-1,-1
6, 28786.jpg,2,481,510,68,127,-1,-1,-1,-1
6, 28786.jpg,3,804,510,38,156,-1,-1,-1,-1
6, 28786.jpg,5,719,584,61,133,-1,-1,-1,-1
6, 28786.jpg,6,529,578,50,126,-1,-1,-1,-1
6, 28786.jpg,7,436,697,89,134,-1,-1,-1,-1
6, 28786.jpg,8,593,519,58,137,-1,-1,-1,-1
6, 28786.jpg,9,1168,527,55,119,-1,-1,-1,-1
6, 28786.jpg,10,1089,691,79,133,-1,-1,-1,-1
6, 28786.jpg,11,1223,596,53,106,-1,-1,-1,-1
6, 28786.jpg,13,430,612,60,125,-1,-1,-1,-1
7, 28787.jpg,1,1212,674,57,119,-1,-1,-1,-1
7, 28787.jpg,2,484,513,67,125,-1,-1,-1,-1
7, 28787.jpg,3,804,514,40,156,-1,-1,-1,-1
7, 28787.jpg,5,718,585,61,134,-1,-1,-1,-1
7, 28787.jpg,6,528,583,48,121,-1,-1,-1,-1
7, 28787.jpg,7,422,668,92,139,-1,-1,-1,-1
7, 28787.jpg,8,586,526,62,146,-1,-1,-1,-1
7, 28787.jpg,9,1166,530,55,117,-1,-1,-1,-1
7, 28787.jpg,10,1087,691,80,133,-1,-1,-1,-1
7, 28787.jpg,11,1213,594,58,117,-1,-1,-1,-1
7, 28787.jpg,12,1671,728,73,114,-1,-1,-1,-1
7, 28787.jpg,13,427,612,60,126,-1,-1,-1,-1
8, 28788.jpg,1,1208,679,57,118,-1,-1,-1,-1
8, 28788.jpg,2,484,516,64,122,-1,-1,-1,-1
8, 28788.jpg,3,804,513,41,153,-1,-1,-1,-1
8, 28788.jpg,5,714,585,62,134,-1,-1,-1,-1
8, 28788.jpg,6,527,585,48,121,-1,-1,-1,-1
8, 28788.jpg,7,417,658,92,141,-1,-1,-1,-1
8, 28788.jpg,8,584,539,59,140,-1,-1,-1,-1
8, 28788.jpg,9,1165,534,53,114,-1,-1,-1,-1
8, 28788.jpg,10,1086,691,80,134,-1,-1,-1,-1
8, 28788.jpg,11,1208,594,60,121,-1,-1,-1,-1
8, 28788.jpg,12,1665,727,74,115,-1,-1,-1,-1
8, 28788.jpg,14,802,472,44,109,-1,-1,-1,-1
9, 28789.jpg,1,1208,668,57,119,-1,-1,-1,-1
9, 28789.jpg,2,487,522,60,115,-1,-1,-1,-1
9, 28789.jpg,3,802,508,47,162,-1,-1,-1,-1
9, 28789.jpg,5,712,586,61,132,-1,-1,-1,-1
9, 28789.jpg,6,518,569,51,124,-1,-1,-1,-1
9, 28789.jpg,7,423,681,92,141,-1,-1,-1,-1
9, 28789.jpg,8,582,548,55,134,-1,-1,-1,-1
9, 28789.jpg,9,1163,538,51,109,-1,-1,-1,-1
9, 28789.jpg,10,1085,690,81,136,-1,-1,-1,-1
9, 28789.jpg,11,1205,596,60,121,-1,-1,-1,-1
9, 28789.jpg,12,1661,728,74,114,-1,-1,-1,-1
9, 28789.jpg,13,424,618,53,112,-1,-1,-1,-1
9, 28789.jpg,14,801,464,51,122,-1,-1,-1,-1
10, 28790.jpg,1,1203,676,56,115,-1,-1,-1,-1
10, 28790.jpg,2,489,524,57,110,-1,-1,-1,-1
10, 28790.jpg,3,797,507,52,168,-1,-1,-1,-1
10, 28790.jpg,5,709,586,59,131,-1,-1,-1,-1
10, 28790.jpg,6,521,584,49,118,-1,-1,-1,-1
10, 28790.jpg,7,424,691,88,136,-1,-1,-1,-1
10, 28790.jpg,8,580,557,52,128,-1,-1,-1,-1
10, 28790.jpg,9,1161,541,51,107,-1,-1,-1,-1
10, 28790.jpg,10,1087,691,79,133,-1,-1,-1,-1
10, 28790.jpg,11,1203,607,57,114,-1,-1,-1,-1
10, 28790.jpg,13,423,619,55,114,-1,-1,-1,-1
10, 28790.jpg,14,802,470,49,113,-1,-1,-1,-1
11, 28791.jpg,1,1200,674,57,117,-1,-1,-1,-1
11, 28791.jpg,2,489,526,57,109,-1,-1,-1,-1
11, 28791.jpg,3,793,508,53,160,-1,-1,-1,-1
11, 28791.jpg,5,707,585,59,131,-1,-1,-1,-1
11, 28791.jpg,6,514,567,48,114,-1,-1,-1,-1
11, 28791.jpg,7,421,692,88,136,-1,-1,-1,-1
11, 28791.jpg,8,565,571,54,130,-1,-1,-1,-1
11, 28791.jpg,9,1168,557,54,110,-1,-1,-1,-1
11, 28791.jpg,10,1090,692,76,130,-1,-1,-1,-1
11, 28791.jpg,11,1199,609,56,113,-1,-1,-1,-1
11, 28791.jpg,13,419,618,57,116,-1,-1,-1,-1
11, 28791.jpg,14,804,471,48,110,-1,-1,-1,-1
12, 28792.jpg,1,1196,672,57,117,-1,-1,-1,-1
12, 28792.jpg,2,496,527,58,114,-1,-1,-1,-1
12, 28792.jpg,3,789,508,54,161,-1,-1,-1,-1
12, 28792.jpg,5,704,584,59,132,-1,-1,-1,-1
12, 28792.jpg,6,519,590,47,109,-1,-1,-1,-1
12, 28792.jpg,7,417,692,89,137,-1,-1,-1,-1
12, 28792.jpg,8,570,567,53,128,-1,-1,-1,-1
12, 28792.jpg,9,1159,546,53,106,-1,-1,-1,-1
12, 28792.jpg,10,1094,693,75,128,-1,-1,-1,-1
12, 28792.jpg,11,1196,622,46,88,-1,-1,-1,-1
12, 28792.jpg,13,414,617,57,117,-1,-1,-1,-1
13, 28793.jpg,1,1193,671,58,119,-1,-1,-1,-1
13, 28793.jpg,2,500,529,55,110,-1,-1,-1,-1
13, 28793.jpg,3,788,511,56,156,-1,-1,-1,-1
13, 28793.jpg,5,702,582,59,134,-1,-1,-1,-1
13, 28793.jpg,6,515,598,45,103,-1,-1,-1,-1
13, 28793.jpg,7,407,669,89,139,-1,-1,-1,-1
13, 28793.jpg,8,571,566,52,127,-1,-1,-1,-1
13, 28793.jpg,9,1153,541,50,98,-1,-1,-1,-1
13, 28793.jpg,10,1097,693,75,132,-1,-1,-1,-1
13, 28793.jpg,11,1188,614,51,93,-1,-1,-1,-1
13, 28793.jpg,13,411,617,57,117,-1,-1,-1,-1
14, 28794.jpg,1,1188,666,62,124,-1,-1,-1,-1
14, 28794.jpg,2,504,532,55,110,-1,-1,-1,-1
14, 28794.jpg,3,784,513,56,157,-1,-1,-1,-1
14, 28794.jpg,5,701,582,58,133,-1,-1,-1,-1
14, 28794.jpg,6,511,599,46,104,-1,-1,-1,-1
14, 28794.jpg,7,409,678,92,144,-1,-1,-1,-1
14, 28794.jpg,8,559,572,54,129,-1,-1,-1,-1
14, 28794.jpg,9,1149,538,50,97,-1,-1,-1,-1
14, 28794.jpg,10,1101,691,75,133,-1,-1,-1,-1
14, 28794.jpg,11,1180,610,57,106,-1,-1,-1,-1
14, 28794.jpg,13,407,613,60,120,-1,-1,-1,-1
15, 28795.jpg,1,1188,670,60,121,-1,-1,-1,-1
15, 28795.jpg,2,505,533,55,111,-1,-1,-1,-1
15, 28795.jpg,3,782,526,53,145,-1,-1,-1,-1
15, 28795.jpg,5,700,582,58,134,-1,-1,-1,-1
15, 28795.jpg,6,507,586,54,124,-1,-1,-1,-1
15, 28795.jpg,7,409,680,93,147,-1,-1,-1,-1
15, 28795.jpg,8,567,570,54,130,-1,-1,-1,-1
15, 28795.jpg,9,1144,534,52,101,-1,-1,-1,-1
15, 28795.jpg,10,1107,689,75,133,-1,-1,-1,-1
15, 28795.jpg,11,1176,609,57,105,-1,-1,-1,-1
15, 28795.jpg,13,402,611,62,125,-1,-1,-1,-1
16, 28796.jpg,1,1163,677,67,129,-1,-1,-1,-1
16, 28796.jpg,3,779,531,52,139,-1,-1,-1,-1
16, 28796.jpg,5,700,583,58,134,-1,-1,-1,-1
16, 28796.jpg,6,499,554,66,154,-1,-1,-1,-1
16, 28796.jpg,7,410,680,92,149,-1,-1,-1,-1
16, 28796.jpg,8,570,572,54,127,-1,-1,-1,-1
16, 28796.jpg,9,1140,531,55,104,-1,-1,-1,-1
16, 28796.jpg,10,1109,690,75,132,-1,-1,-1,-1
16, 28796.jpg,11,1170,612,59,107,-1,-1,-1,-1
16, 28796.jpg,13,398,609,62,126,-1,-1,-1,-1
17, 28797.jpg,1,1152,677,71,136,-1,-1,-1,-1
17, 28797.jpg,2,507,534,58,115,-1,-1,-1,-1
17, 28797.jpg,3,781,532,52,135,-1,-1,-1,-1
17, 28797.jpg,5,700,585,58,135,-1,-1,-1,-1
17, 28797.jpg,6,502,579,58,132,-1,-1,-1,-1
17, 28797.jpg,7,410,680,92,150,-1,-1,-1,-1
17, 28797.jpg,8,571,575,54,125,-1,-1,-1,-1
17, 28797.jpg,9,1139,527,59,112,-1,-1,-1,-1
17, 28797.jpg,11,1165,613,58,108,-1,-1,-1,-1
17, 28797.jpg,13,393,606,63,131,-1,-1,-1,-1
18, 28798.jpg,1,1134,682,74,139,-1,-1,-1,-1
18, 28798.jpg,2,513,531,56,113,-1,-1,-1,-1
18, 28798.jpg,3,780,539,50,127,-1,-1,-1,-1
18, 28798.jpg,5,700,585,58,136,-1,-1,-1,-1
18, 28798.jpg,6,500,589,56,124,-1,-1,-1,-1
18, 28798.jpg,7,410,677,93,154,-1,-1,-1,-1
18, 28798.jpg,8,553,584,56,123,-1,-1,-1,-1
18, 28798.jpg,9,1140,524,61,113,-1,-1,-1,-1
18, 28798.jpg,13,387,602,68,142,-1,-1,-1,-1
19, 28799.jpg,1,1127,684,74,140,-1,-1,-1,-1
19, 28799.jpg,2,523,531,55,113,-1,-1,-1,-1
19, 28799.jpg,3,783,542,50,125,-1,-1,-1,-1
19, 28799.jpg,5,700,585,58,136,-1,-1,-1,-1
19, 28799.jpg,6,495,591,55,121,-1,-1,-1,-1
19, 28799.jpg,7,411,676,93,155,-1,-1,-1,-1
19, 28799.jpg,8,549,590,55,122,-1,-1,-1,-1
19, 28799.jpg,9,1139,519,65,122,-1,-1,-1,-1
19, 28799.jpg,10,1151,675,78,136,-1,-1,-1,-1
19, 28799.jpg,13,385,600,66,142,-1,-1,-1,-1
20, 28800.jpg,2,530,532,53,115,-1,-1,-1,-1
20, 28800.jpg,3,786,542,50,125,-1,-1,-1,-1
20, 28800.jpg,5,702,586,56,135,-1,-1,-1,-1
20, 28800.jpg,6,487,589,55,121,-1,-1,-1,-1
20, 28800.jpg,7,411,675,94,157,-1,-1,-1,-1
20, 28800.jpg,8,571,578,56,125,-1,-1,-1,-1
20, 28800.jpg,9,1142,517,64,118,-1,-1,-1,-1
20, 28800.jpg,10,1147,675,84,146,-1,-1,-1,-1
20, 28800.jpg,13,382,597,67,145,-1,-1,-1,-1
21, 28801.jpg,2,536,536,51,110,-1,-1,-1,-1
21, 28801.jpg,3,785,542,52,129,-1,-1,-1,-1
21, 28801.jpg,5,703,585,56,136,-1,-1,-1,-1
21, 28801.jpg,6,482,586,55,121,-1,-1,-1,-1
21, 28801.jpg,7,412,674,93,158,-1,-1,-1,-1
21, 28801.jpg,8,575,577,56,126,-1,-1,-1,-1
21, 28801.jpg,9,1145,513,63,116,-1,-1,-1,-1
21, 28801.jpg,10,1159,673,83,143,-1,-1,-1,-1
21, 28801.jpg,13,379,593,68,149,-1,-1,-1,-1
22, 28802.jpg,2,540,543,50,107,-1,-1,-1,-1
22, 28802.jpg,3,786,541,54,133,-1,-1,-1,-1
22, 28802.jpg,5,704,584,56,137,-1,-1,-1,-1
22, 28802.jpg,6,475,582,57,123,-1,-1,-1,-1
22, 28802.jpg,7,413,674,92,157,-1,-1,-1,-1
22, 28802.jpg,8,580,580,56,127,-1,-1,-1,-1
22, 28802.jpg,9,1149,509,63,118,-1,-1,-1,-1
22, 28802.jpg,10,1169,672,79,135,-1,-1,-1,-1
22, 28802.jpg,11,1130,607,68,123,-1,-1,-1,-1
22, 28802.jpg,13,377,590,68,151,-1,-1,-1,-1
23, 28803.jpg,1,1140,649,82,154,-1,-1,-1,-1
23, 28803.jpg,2,541,547,50,106,-1,-1,-1,-1
23, 28803.jpg,3,792,541,52,127,-1,-1,-1,-1
23, 28803.jpg,5,704,583,56,138,-1,-1,-1,-1
23, 28803.jpg,6,468,581,60,126,-1,-1,-1,-1
23, 28803.jpg,7,414,675,92,157,-1,-1,-1,-1
23, 28803.jpg,8,581,580,58,129,-1,-1,-1,-1
23, 28803.jpg,9,1151,506,66,123,-1,-1,-1,-1
23, 28803.jpg,10,1175,671,79,135,-1,-1,-1,-1
23, 28803.jpg,11,1125,608,64,115,-1,-1,-1,-1
23, 28803.jpg,13,372,589,66,148,-1,-1,-1,-1
24, 28804.jpg,1,1156,661,70,124,-1,-1,-1,-1
24, 28804.jpg,2,550,550,50,104,-1,-1,-1,-1
24, 28804.jpg,3,793,540,57,139,-1,-1,-1,-1
24, 28804.jpg,5,705,581,55,140,-1,-1,-1,-1
24, 28804.jpg,6,461,580,61,125,-1,-1,-1,-1
24, 28804.jpg,7,416,674,92,158,-1,-1,-1,-1
24, 28804.jpg,8,575,575,61,132,-1,-1,-1,-1
24, 28804.jpg,9,1156,507,65,119,-1,-1,-1,-1
24, 28804.jpg,11,1124,611,59,102,-1,-1,-1,-1
24, 28804.jpg,13,369,590,64,145,-1,-1,-1,-1
24, 28804.jpg,14,796,531,41,94,-1,-1,-1,-1
25, 28805.jpg,1,1160,656,65,110,-1,-1,-1,-1
25, 28805.jpg,2,559,552,52,105,-1,-1,-1,-1
25, 28805.jpg,3,794,542,57,139,-1,-1,-1,-1
25, 28805.jpg,5,706,579,56,144,-1,-1,-1,-1
25, 28805.jpg,6,457,581,58,122,-1,-1,-1,-1
25, 28805.jpg,7,418,672,93,161,-1,-1,-1,-1
25, 28805.jpg,8,580,579,60,127,-1,-1,-1,-1
25, 28805.jpg,9,1160,507,64,118,-1,-1,-1,-1
25, 28805.jpg,10,1166,681,83,144,-1,-1,-1,-1
25, 28805.jpg,11,1125,611,57,97,-1,-1,-1,-1
25, 28805.jpg,13,368,591,62,142,-1,-1,-1,-1
25, 28805.jpg,14,806,530,42,94,-1,-1,-1,-1
26, 28806.jpg,1,1164,657,72,122,-1,-1,-1,-1
26, 28806.jpg,2,569,553,56,109,-1,-1,-1,-1
26, 28806.jpg,5,707,578,56,145,-1,-1,-1,-1
26, 28806.jpg,6,452,580,58,121,-1,-1,-1,-1
26, 28806.jpg,7,421,671,93,162,-1,-1,-1,-1
26, 28806.jpg,8,580,581,60,127,-1,-1,-1,-1
26, 28806.jpg,9,1164,504,65,122,-1,-1,-1,-1
26, 28806.jpg,10,1170,681,84,145,-1,-1,-1,-1
26, 28806.jpg,11,1126,608,59,100,-1,-1,-1,-1
26, 28806.jpg,13,366,591,61,142,-1,-1,-1,-1
26, 28806.jpg,14,810,529,46,97,-1,-1,-1,-1
27, 28807.jpg,1,1175,656,74,124,-1,-1,-1,-1
27, 28807.jpg,2,574,555,56,109,-1,-1,-1,-1
27, 28807.jpg,5,709,578,56,148,-1,-1,-1,-1
27, 28807.jpg,6,451,581,55,115,-1,-1,-1,-1
27, 28807.jpg,7,426,672,92,163,-1,-1,-1,-1
27, 28807.jpg,8,589,571,65,134,-1,-1,-1,-1
27, 28807.jpg,9,1168,502,64,122,-1,-1,-1,-1
27, 28807.jpg,11,1126,608,58,96,-1,-1,-1,-1
27, 28807.jpg,13,363,591,61,142,-1,-1,-1,-1
27, 28807.jpg,14,818,530,46,97,-1,-1,-1,-1
28, 28808.jpg,1,1176,655,74,124,-1,-1,-1,-1
28, 28808.jpg,5,711,579,56,149,-1,-1,-1,-1
28, 28808.jpg,6,446,579,58,121,-1,-1,-1,-1
28, 28808.jpg,7,427,669,93,165,-1,-1,-1,-1
28, 28808.jpg,8,591,566,73,144,-1,-1,-1,-1
28, 28808.jpg,9,1173,501,63,120,-1,-1,-1,-1
28, 28808.jpg,10,1190,679,92,160,-1,-1,-1,-1
28, 28808.jpg,11,1127,607,57,93,-1,-1,-1,-1
28, 28808.jpg,13,361,592,61,142,-1,-1,-1,-1
28, 28808.jpg,14,818,535,50,103,-1,-1,-1,-1
29, 28809.jpg,1,1198,661,70,120,-1,-1,-1,-1
29, 28809.jpg,3,823,549,59,141,-1,-1,-1,-1
29, 28809.jpg,5,715,581,55,148,-1,-1,-1,-1
29, 28809.jpg,6,443,576,60,122,-1,-1,-1,-1
29, 28809.jpg,7,431,669,93,165,-1,-1,-1,-1
29, 28809.jpg,8,598,567,76,143,-1,-1,-1,-1
29, 28809.jpg,9,1178,501,63,117,-1,-1,-1,-1
29, 28809.jpg,10,1197,677,95,171,-1,-1,-1,-1
29, 28809.jpg,11,1129,606,59,95,-1,-1,-1,-1
29, 28809.jpg,13,359,593,62,142,-1,-1,-1,-1
29, 28809.jpg,14,820,538,50,103,-1,-1,-1,-1
30, 28810.jpg,1,1204,659,69,120,-1,-1,-1,-1
30, 28810.jpg,3,824,566,55,129,-1,-1,-1,-1
30, 28810.jpg,5,720,583,55,149,-1,-1,-1,-1
30, 28810.jpg,6,439,574,61,125,-1,-1,-1,-1
30, 28810.jpg,7,436,670,91,163,-1,-1,-1,-1
30, 28810.jpg,8,608,573,76,134,-1,-1,-1,-1
30, 28810.jpg,9,1186,500,61,115,-1,-1,-1,-1
30, 28810.jpg,10,1211,692,90,160,-1,-1,-1,-1
30, 28810.jpg,11,1132,604,61,99,-1,-1,-1,-1
30, 28810.jpg,13,358,594,62,142,-1,-1,-1,-1
30, 28810.jpg,14,829,540,52,104,-1,-1,-1,-1
31, 28811.jpg,1,1208,659,69,119,-1,-1,-1,-1
31, 28811.jpg,3,827,569,54,128,-1,-1,-1,-1
31, 28811.jpg,5,724,584,55,151,-1,-1,-1,-1
31, 28811.jpg,6,437,574,62,124,-1,-1,-1,-1
31, 28811.jpg,7,439,667,92,165,-1,-1,-1,-1
31, 28811.jpg,8,615,572,79,134,-1,-1,-1,-1
31, 28811.jpg,9,1194,500,61,115,-1,-1,-1,-1
31, 28811.jpg,10,1212,680,87,155,-1,-1,-1,-1
31, 28811.jpg,11,1132,604,64,103,-1,-1,-1,-1
31, 28811.jpg,13,357,597,62,139,-1,-1,-1,-1
31, 28811.jpg,14,841,541,52,103,-1,-1,-1,-1
32, 28812.jpg,3,834,584,51,117,-1,-1,-1,-1
32, 28812.jpg,5,727,584,55,155,-1,-1,-1,-1
32, 28812.jpg,6,436,574,62,127,-1,-1,-1,-1
32, 28812.jpg,7,443,666,92,165,-1,-1,-1,-1
32, 28812.jpg,8,624,573,79,131,-1,-1,-1,-1
32, 28812.jpg,9,1199,499,63,118,-1,-1,-1,-1
32, 28812.jpg,10,1218,675,85,150,-1,-1,-1,-1
32, 28812.jpg,11,1136,603,67,104,-1,-1,-1,-1
32, 28812.jpg,13,356,598,61,141,-1,-1,-1,-1
32, 28812.jpg,14,846,544,55,103,-1,-1,-1,-1
33, 28813.jpg,1,1215,655,72,128,-1,-1,-1,-1
33, 28813.jpg,3,837,589,50,114,-1,-1,-1,-1
33, 28813.jpg,5,730,585,56,157,-1,-1,-1,-1
33, 28813.jpg,6,433,574,63,129,-1,-1,-1,-1
33, 28813.jpg,7,449,668,90,162,-1,-1,-1,-1
33, 28813.jpg,8,635,575,78,125,-1,-1,-1,-1
33, 28813.jpg,9,1207,498,63,120,-1,-1,-1,-1
33, 28813.jpg,10,1233,684,91,163,-1,-1,-1,-1
33, 28813.jpg,11,1138,602,66,104,-1,-1,-1,-1
33, 28813.jpg,13,355,600,62,142,-1,-1,-1,-1
33, 28813.jpg,14,851,541,58,107,-1,-1,-1,-1
34, 28814.jpg,1,1218,650,75,138,-1,-1,-1,-1
34, 28814.jpg,3,860,588,53,122,-1,-1,-1,-1
34, 28814.jpg,5,736,588,54,153,-1,-1,-1,-1
34, 28814.jpg,6,430,573,61,128,-1,-1,-1,-1
34, 28814.jpg,7,456,670,90,161,-1,-1,-1,-1
34, 28814.jpg,8,626,576,74,122,-1,-1,-1,-1
34, 28814.jpg,9,1213,498,62,119,-1,-1,-1,-1
34, 28814.jpg,10,1246,699,91,161,-1,-1,-1,-1
34, 28814.jpg,11,1143,600,66,106,-1,-1,-1,-1
34, 28814.jpg,13,353,602,61,141,-1,-1,-1,-1
34, 28814.jpg,14,867,535,58,107,-1,-1,-1,-1
35, 28815.jpg,1,1226,648,74,143,-1,-1,-1,-1
35, 28815.jpg,2,665,577,57,119,-1,-1,-1,-1
35, 28815.jpg,3,876,574,55,127,-1,-1,-1,-1
35, 28815.jpg,5,744,587,53,155,-1,-1,-1,-1
35, 28815.jpg,6,427,572,62,130,-1,-1,-1,-1
35, 28815.jpg,7,462,669,89,162,-1,-1,-1,-1
35, 28815.jpg,8,629,575,71,120,-1,-1,-1,-1
35, 28815.jpg,9,1219,496,62,120,-1,-1,-1,-1
35, 28815.jpg,10,1259,713,89,156,-1,-1,-1,-1
35, 28815.jpg,11,1148,599,65,105,-1,-1,-1,-1
35, 28815.jpg,13,351,603,63,140,-1,-1,-1,-1
35, 28815.jpg,14,872,537,58,106,-1,-1,-1,-1
36, 28816.jpg,1,1231,646,75,148,-1,-1,-1,-1
36, 28816.jpg,2,679,577,58,121,-1,-1,-1,-1
36, 28816.jpg,3,882,579,60,138,-1,-1,-1,-1
36, 28816.jpg,5,749,587,53,155,-1,-1,-1,-1
36, 28816.jpg,6,427,571,60,127,-1,-1,-1,-1
36, 28816.jpg,7,467,666,89,164,-1,-1,-1,-1
36, 28816.jpg,8,635,575,68,116,-1,-1,-1,-1
36, 28816.jpg,9,1227,493,63,123,-1,-1,-1,-1
36, 28816.jpg,10,1270,719,88,153,-1,-1,-1,-1
36, 28816.jpg,11,1151,598,67,107,-1,-1,-1,-1
36, 28816.jpg,13,345,601,66,145,-1,-1,-1,-1
36, 28816.jpg,14,888,540,64,115,-1,-1,-1,-1
37, 28817.jpg,1,1239,646,73,147,-1,-1,-1,-1
37, 28817.jpg,2,689,579,58,122,-1,-1,-1,-1
37, 28817.jpg,3,889,589,59,136,-1,-1,-1,-1
37, 28817.jpg,5,753,587,53,156,-1,-1,-1,-1
37, 28817.jpg,6,429,568,60,126,-1,-1,-1,-1
37, 28817.jpg,7,472,667,88,161,-1,-1,-1,-1
37, 28817.jpg,8,650,577,69,115,-1,-1,-1,-1
37, 28817.jpg,9,1234,489,63,125,-1,-1,-1,-1
37, 28817.jpg,10,1282,719,90,159,-1,-1,-1,-1
37, 28817.jpg,11,1154,597,68,109,-1,-1,-1,-1
37, 28817.jpg,13,340,601,69,147,-1,-1,-1,-1
37, 28817.jpg,14,902,543,62,109,-1,-1,-1,-1
38, 28818.jpg,1,1243,644,72,150,-1,-1,-1,-1
38, 28818.jpg,2,704,575,54,120,-1,-1,-1,-1
38, 28818.jpg,3,895,594,58,136,-1,-1,-1,-1
38, 28818.jpg,5,757,591,52,152,-1,-1,-1,-1
38, 28818.jpg,6,428,566,63,128,-1,-1,-1,-1
38, 28818.jpg,7,476,668,88,161,-1,-1,-1,-1
38, 28818.jpg,8,651,580,68,114,-1,-1,-1,-1
38, 28818.jpg,9,1241,489,62,124,-1,-1,-1,-1
38, 28818.jpg,10,1291,715,90,165,-1,-1,-1,-1
38, 28818.jpg,11,1157,597,68,109,-1,-1,-1,-1
38, 28818.jpg,13,337,602,72,148,-1,-1,-1,-1
38, 28818.jpg,14,918,541,65,106,-1,-1,-1,-1
39, 28819.jpg,1,1248,644,72,152,-1,-1,-1,-1
39, 28819.jpg,2,713,577,55,120,-1,-1,-1,-1
39, 28819.jpg,3,904,596,59,141,-1,-1,-1,-1
39, 28819.jpg,5,762,591,51,151,-1,-1,-1,-1
39, 28819.jpg,6,426,565,66,131,-1,-1,-1,-1
39, 28819.jpg,7,483,669,87,161,-1,-1,-1,-1
39, 28819.jpg,8,673,580,68,118,-1,-1,-1,-1
39, 28819.jpg,9,1248,487,61,124,-1,-1,-1,-1
39, 28819.jpg,10,1301,716,89,170,-1,-1,-1,-1
39, 28819.jpg,11,1162,597,68,110,-1,-1,-1,-1
39, 28819.jpg,13,337,603,73,149,-1,-1,-1,-1
39, 28819.jpg,14,931,539,65,105,-1,-1,-1,-1
40, 28820.jpg,1,1252,643,71,154,-1,-1,-1,-1
40, 28820.jpg,3,912,593,63,154,-1,-1,-1,-1
40, 28820.jpg,5,767,594,51,150,-1,-1,-1,-1
40, 28820.jpg,6,425,566,68,131,-1,-1,-1,-1
40, 28820.jpg,7,487,668,88,163,-1,-1,-1,-1
40, 28820.jpg,8,681,580,69,116,-1,-1,-1,-1
40, 28820.jpg,9,1258,488,59,120,-1,-1,-1,-1
40, 28820.jpg,10,1310,713,89,175,-1,-1,-1,-1
40, 28820.jpg,11,1165,597,69,111,-1,-1,-1,-1
40, 28820.jpg,13,339,605,74,147,-1,-1,-1,-1
40, 28820.jpg,14,945,538,70,111,-1,-1,-1,-1
