2, 36222.jpg,1,825,314,53,89,-1,-1,-1,-1
2, 36222.jpg,2,986,346,41,105,-1,-1,-1,-1
2, 36222.jpg,3,847,366,53,120,-1,-1,-1,-1
2, 36222.jpg,4,990,421,42,108,-1,-1,-1,-1
2, 36222.jpg,5,645,294,39,96,-1,-1,-1,-1
2, 36222.jpg,6,615,364,36,121,-1,-1,-1,-1
2, 36222.jpg,7,410,347,48,107,-1,-1,-1,-1
2, 36222.jpg,8,726,370,45,120,-1,-1,-1,-1
2, 36222.jpg,9,930,380,40,102,-1,-1,-1,-1
2, 36222.jpg,10,521,326,42,89,-1,-1,-1,-1
3, 36223.jpg,1,824,312,53,92,-1,-1,-1,-1
3, 36223.jpg,2,987,347,40,101,-1,-1,-1,-1
3, 36223.jpg,3,849,368,52,116,-1,-1,-1,-1
3, 36223.jpg,4,987,419,43,110,-1,-1,-1,-1
3, 36223.jpg,5,644,297,39,95,-1,-1,-1,-1
3, 36223.jpg,6,613,367,36,118,-1,-1,-1,-1
3, 36223.jpg,7,408,346,48,109,-1,-1,-1,-1
3, 36223.jpg,8,722,372,47,121,-1,-1,-1,-1
3, 36223.jpg,9,930,379,42,105,-1,-1,-1,-1
3, 36223.jpg,10,522,328,42,87,-1,-1,-1,-1
4, 36224.jpg,1,828,311,54,91,-1,-1,-1,-1
4, 36224.jpg,2,987,347,39,99,-1,-1,-1,-1
4, 36224.jpg,3,852,371,49,110,-1,-1,-1,-1
4, 36224.jpg,4,986,419,43,112,-1,-1,-1,-1
4, 36224.jpg,5,644,300,38,92,-1,-1,-1,-1
4, 36224.jpg,6,611,368,35,116,-1,-1,-1,-1
4, 36224.jpg,7,405,346,49,111,-1,-1,-1,-1
4, 36224.jpg,8,717,369,48,124,-1,-1,-1,-1
4, 36224.jpg,9,930,379,42,105,-1,-1,-1,-1
4, 36224.jpg,10,523,329,41,86,-1,-1,-1,-1
5, 36225.jpg,1,832,311,55,95,-1,-1,-1,-1
5, 36225.jpg,2,983,348,41,103,-1,-1,-1,-1
5, 36225.jpg,3,849,354,49,110,-1,-1,-1,-1
5, 36225.jpg,4,986,419,41,107,-1,-1,-1,-1
5, 36225.jpg,5,643,302,38,90,-1,-1,-1,-1
5, 36225.jpg,6,607,367,38,119,-1,-1,-1,-1
5, 36225.jpg,7,402,346,49,112,-1,-1,-1,-1
5, 36225.jpg,8,713,369,49,125,-1,-1,-1,-1
5, 36225.jpg,9,931,380,42,104,-1,-1,-1,-1
5, 36225.jpg,10,526,330,42,86,-1,-1,-1,-1
6, 36226.jpg,1,839,320,56,98,-1,-1,-1,-1
6, 36226.jpg,2,983,348,41,105,-1,-1,-1,-1
6, 36226.jpg,3,858,371,45,100,-1,-1,-1,-1
6, 36226.jpg,4,985,420,42,109,-1,-1,-1,-1
6, 36226.jpg,5,642,305,36,88,-1,-1,-1,-1
6, 36226.jpg,6,603,364,40,123,-1,-1,-1,-1
6, 36226.jpg,7,400,347,48,111,-1,-1,-1,-1
6, 36226.jpg,8,710,370,50,124,-1,-1,-1,-1
6, 36226.jpg,9,931,380,43,104,-1,-1,-1,-1
6, 36226.jpg,10,528,330,42,86,-1,-1,-1,-1
7, 36227.jpg,1,843,330,56,100,-1,-1,-1,-1
7, 36227.jpg,2,981,347,39,99,-1,-1,-1,-1
7, 36227.jpg,3,861,374,43,98,-1,-1,-1,-1
7, 36227.jpg,4,981,419,42,109,-1,-1,-1,-1
7, 36227.jpg,5,639,305,38,90,-1,-1,-1,-1
7, 36227.jpg,6,599,364,42,126,-1,-1,-1,-1
7, 36227.jpg,7,397,350,47,107,-1,-1,-1,-1
7, 36227.jpg,8,705,367,50,127,-1,-1,-1,-1
7, 36227.jpg,9,948,378,42,98,-1,-1,-1,-1
7, 36227.jpg,10,530,330,42,87,-1,-1,-1,-1
8, 36228.jpg,1,845,331,54,99,-1,-1,-1,-1
8, 36228.jpg,2,979,345,42,105,-1,-1,-1,-1
8, 36228.jpg,3,863,374,42,97,-1,-1,-1,-1
8, 36228.jpg,4,977,415,42,108,-1,-1,-1,-1
8, 36228.jpg,5,638,306,39,92,-1,-1,-1,-1
8, 36228.jpg,6,596,367,43,123,-1,-1,-1,-1
8, 36228.jpg,7,393,350,47,106,-1,-1,-1,-1
8, 36228.jpg,8,700,365,52,129,-1,-1,-1,-1
8, 36228.jpg,9,954,381,44,98,-1,-1,-1,-1
8, 36228.jpg,10,532,330,43,88,-1,-1,-1,-1
9, 36229.jpg,1,846,334,53,99,-1,-1,-1,-1
9, 36229.jpg,2,983,347,38,97,-1,-1,-1,-1
9, 36229.jpg,3,861,370,44,103,-1,-1,-1,-1
9, 36229.jpg,4,976,414,42,108,-1,-1,-1,-1
9, 36229.jpg,5,637,307,39,94,-1,-1,-1,-1
9, 36229.jpg,6,593,369,43,119,-1,-1,-1,-1
9, 36229.jpg,7,390,350,47,106,-1,-1,-1,-1
9, 36229.jpg,8,699,374,45,113,-1,-1,-1,-1
9, 36229.jpg,9,955,386,46,100,-1,-1,-1,-1
9, 36229.jpg,10,533,328,43,90,-1,-1,-1,-1
10, 36230.jpg,1,847,339,51,96,-1,-1,-1,-1
10, 36230.jpg,2,983,347,37,96,-1,-1,-1,-1
10, 36230.jpg,3,859,367,46,107,-1,-1,-1,-1
10, 36230.jpg,4,979,385,45,121,-1,-1,-1,-1
10, 36230.jpg,5,636,307,39,95,-1,-1,-1,-1
10, 36230.jpg,6,592,371,43,116,-1,-1,-1,-1
10, 36230.jpg,7,387,349,48,108,-1,-1,-1,-1
10, 36230.jpg,8,696,374,45,112,-1,-1,-1,-1
10, 36230.jpg,9,952,391,50,105,-1,-1,-1,-1
10, 36230.jpg,10,534,327,43,90,-1,-1,-1,-1
11, 36231.jpg,1,847,340,49,94,-1,-1,-1,-1
11, 36231.jpg,2,981,348,35,89,-1,-1,-1,-1
11, 36231.jpg,3,858,367,47,108,-1,-1,-1,-1
11, 36231.jpg,4,974,395,47,123,-1,-1,-1,-1
11, 36231.jpg,5,635,308,39,94,-1,-1,-1,-1
11, 36231.jpg,6,588,370,44,117,-1,-1,-1,-1
11, 36231.jpg,7,384,350,50,107,-1,-1,-1,-1
11, 36231.jpg,8,691,380,40,101,-1,-1,-1,-1
11, 36231.jpg,9,942,384,49,104,-1,-1,-1,-1
11, 36231.jpg,10,536,327,42,89,-1,-1,-1,-1
11, 36231.jpg,12,692,353,32,75,-1,-1,-1,-1
12, 36232.jpg,1,849,342,48,92,-1,-1,-1,-1
12, 36232.jpg,2,981,348,33,87,-1,-1,-1,-1
12, 36232.jpg,3,858,367,47,107,-1,-1,-1,-1
12, 36232.jpg,4,974,400,44,121,-1,-1,-1,-1
12, 36232.jpg,5,633,307,39,93,-1,-1,-1,-1
12, 36232.jpg,6,583,363,49,127,-1,-1,-1,-1
12, 36232.jpg,7,383,350,51,107,-1,-1,-1,-1
12, 36232.jpg,8,690,369,35,89,-1,-1,-1,-1
12, 36232.jpg,9,950,394,53,110,-1,-1,-1,-1
12, 36232.jpg,10,537,326,43,91,-1,-1,-1,-1
12, 36232.jpg,12,691,353,31,73,-1,-1,-1,-1
13, 36233.jpg,1,852,344,47,90,-1,-1,-1,-1
13, 36233.jpg,2,974,359,40,104,-1,-1,-1,-1
13, 36233.jpg,3,859,366,47,108,-1,-1,-1,-1
13, 36233.jpg,4,973,402,42,120,-1,-1,-1,-1
13, 36233.jpg,5,631,308,38,90,-1,-1,-1,-1
13, 36233.jpg,6,580,360,49,129,-1,-1,-1,-1
13, 36233.jpg,7,379,351,53,108,-1,-1,-1,-1
13, 36233.jpg,8,681,361,44,115,-1,-1,-1,-1
13, 36233.jpg,9,952,395,54,115,-1,-1,-1,-1
13, 36233.jpg,10,538,327,43,91,-1,-1,-1,-1
14, 36234.jpg,1,851,342,46,89,-1,-1,-1,-1
14, 36234.jpg,2,961,360,41,105,-1,-1,-1,-1
14, 36234.jpg,4,968,407,40,114,-1,-1,-1,-1
14, 36234.jpg,5,626,308,39,92,-1,-1,-1,-1
14, 36234.jpg,6,577,360,47,126,-1,-1,-1,-1
14, 36234.jpg,7,377,352,53,106,-1,-1,-1,-1
14, 36234.jpg,8,676,364,46,117,-1,-1,-1,-1
14, 36234.jpg,9,954,397,55,116,-1,-1,-1,-1
14, 36234.jpg,10,539,329,42,90,-1,-1,-1,-1
14, 36234.jpg,12,682,358,30,70,-1,-1,-1,-1
15, 36235.jpg,1,854,328,41,79,-1,-1,-1,-1
15, 36235.jpg,2,967,359,40,104,-1,-1,-1,-1
15, 36235.jpg,3,855,367,46,104,-1,-1,-1,-1
15, 36235.jpg,4,961,396,43,119,-1,-1,-1,-1
15, 36235.jpg,5,622,308,41,94,-1,-1,-1,-1
15, 36235.jpg,6,574,359,47,124,-1,-1,-1,-1
15, 36235.jpg,7,373,351,52,105,-1,-1,-1,-1
15, 36235.jpg,8,669,370,46,112,-1,-1,-1,-1
15, 36235.jpg,10,539,330,42,90,-1,-1,-1,-1
15, 36235.jpg,12,677,353,32,73,-1,-1,-1,-1
16, 36236.jpg,1,852,320,46,88,-1,-1,-1,-1
16, 36236.jpg,2,959,356,43,109,-1,-1,-1,-1
16, 36236.jpg,3,864,372,43,101,-1,-1,-1,-1
16, 36236.jpg,4,960,397,42,117,-1,-1,-1,-1
16, 36236.jpg,5,617,310,41,95,-1,-1,-1,-1
16, 36236.jpg,6,573,362,45,120,-1,-1,-1,-1
16, 36236.jpg,7,367,350,53,105,-1,-1,-1,-1
16, 36236.jpg,8,665,370,46,112,-1,-1,-1,-1
16, 36236.jpg,10,538,332,43,90,-1,-1,-1,-1
16, 36236.jpg,12,674,352,31,72,-1,-1,-1,-1
17, 36237.jpg,1,850,319,47,93,-1,-1,-1,-1
17, 36237.jpg,2,952,353,43,107,-1,-1,-1,-1
17, 36237.jpg,3,868,373,41,99,-1,-1,-1,-1
17, 36237.jpg,4,957,396,43,117,-1,-1,-1,-1
17, 36237.jpg,5,614,312,42,95,-1,-1,-1,-1
17, 36237.jpg,6,568,361,45,118,-1,-1,-1,-1
17, 36237.jpg,7,363,348,52,107,-1,-1,-1,-1
17, 36237.jpg,8,662,373,46,109,-1,-1,-1,-1
17, 36237.jpg,10,538,332,42,90,-1,-1,-1,-1
18, 36238.jpg,1,857,320,48,97,-1,-1,-1,-1
18, 36238.jpg,2,940,362,46,112,-1,-1,-1,-1
18, 36238.jpg,3,861,358,43,104,-1,-1,-1,-1
18, 36238.jpg,5,613,314,43,94,-1,-1,-1,-1
18, 36238.jpg,6,562,357,46,121,-1,-1,-1,-1
18, 36238.jpg,7,358,347,50,105,-1,-1,-1,-1
18, 36238.jpg,8,657,365,50,117,-1,-1,-1,-1
18, 36238.jpg,10,539,333,41,88,-1,-1,-1,-1
19, 36239.jpg,1,854,320,46,95,-1,-1,-1,-1
19, 36239.jpg,2,941,357,45,108,-1,-1,-1,-1
19, 36239.jpg,3,864,363,43,104,-1,-1,-1,-1
19, 36239.jpg,5,609,315,44,96,-1,-1,-1,-1
19, 36239.jpg,6,554,354,44,113,-1,-1,-1,-1
19, 36239.jpg,7,351,345,52,109,-1,-1,-1,-1
19, 36239.jpg,8,653,363,51,118,-1,-1,-1,-1
19, 36239.jpg,10,539,334,41,87,-1,-1,-1,-1
20, 36240.jpg,1,859,323,49,105,-1,-1,-1,-1
20, 36240.jpg,2,938,358,45,108,-1,-1,-1,-1
20, 36240.jpg,3,856,354,46,112,-1,-1,-1,-1
20, 36240.jpg,4,950,383,46,126,-1,-1,-1,-1
20, 36240.jpg,5,608,314,46,97,-1,-1,-1,-1
20, 36240.jpg,6,556,365,44,112,-1,-1,-1,-1
20, 36240.jpg,7,346,343,53,111,-1,-1,-1,-1
20, 36240.jpg,8,650,368,47,109,-1,-1,-1,-1
20, 36240.jpg,10,542,335,40,83,-1,-1,-1,-1
20, 36240.jpg,12,657,338,30,70,-1,-1,-1,-1
21, 36241.jpg,1,854,323,46,101,-1,-1,-1,-1
21, 36241.jpg,2,941,358,41,95,-1,-1,-1,-1
21, 36241.jpg,3,862,360,43,107,-1,-1,-1,-1
21, 36241.jpg,4,948,380,46,128,-1,-1,-1,-1
21, 36241.jpg,5,605,316,46,97,-1,-1,-1,-1
21, 36241.jpg,6,552,357,49,122,-1,-1,-1,-1
21, 36241.jpg,7,342,344,53,109,-1,-1,-1,-1
21, 36241.jpg,8,646,371,46,105,-1,-1,-1,-1
21, 36241.jpg,10,543,335,40,83,-1,-1,-1,-1
21, 36241.jpg,12,655,344,29,69,-1,-1,-1,-1
22, 36242.jpg,1,856,325,45,99,-1,-1,-1,-1
22, 36242.jpg,2,939,359,41,95,-1,-1,-1,-1
22, 36242.jpg,3,864,361,43,107,-1,-1,-1,-1
22, 36242.jpg,4,946,380,43,118,-1,-1,-1,-1
22, 36242.jpg,5,602,317,47,95,-1,-1,-1,-1
22, 36242.jpg,6,551,354,50,124,-1,-1,-1,-1
22, 36242.jpg,7,339,344,53,107,-1,-1,-1,-1
22, 36242.jpg,8,642,371,44,102,-1,-1,-1,-1
22, 36242.jpg,10,547,332,41,87,-1,-1,-1,-1
22, 36242.jpg,12,651,344,29,67,-1,-1,-1,-1
23, 36243.jpg,1,858,326,43,98,-1,-1,-1,-1
23, 36243.jpg,2,946,351,38,89,-1,-1,-1,-1
23, 36243.jpg,3,865,359,42,110,-1,-1,-1,-1
23, 36243.jpg,4,943,370,42,113,-1,-1,-1,-1
23, 36243.jpg,5,600,318,46,94,-1,-1,-1,-1
23, 36243.jpg,6,549,354,47,116,-1,-1,-1,-1
23, 36243.jpg,7,336,346,52,104,-1,-1,-1,-1
23, 36243.jpg,8,638,368,44,104,-1,-1,-1,-1
23, 36243.jpg,10,549,333,40,83,-1,-1,-1,-1
24, 36244.jpg,1,860,326,40,93,-1,-1,-1,-1
24, 36244.jpg,2,945,351,37,87,-1,-1,-1,-1
24, 36244.jpg,3,866,361,41,109,-1,-1,-1,-1
24, 36244.jpg,4,943,368,42,112,-1,-1,-1,-1
24, 36244.jpg,5,597,317,47,95,-1,-1,-1,-1
24, 36244.jpg,6,546,350,48,120,-1,-1,-1,-1
24, 36244.jpg,7,335,348,51,100,-1,-1,-1,-1
24, 36244.jpg,8,635,369,43,102,-1,-1,-1,-1
24, 36244.jpg,10,550,334,40,82,-1,-1,-1,-1
24, 36244.jpg,18,843,350,35,98,-1,-1,-1,-1
25, 36245.jpg,1,862,327,40,92,-1,-1,-1,-1
25, 36245.jpg,3,863,365,37,103,-1,-1,-1,-1
25, 36245.jpg,4,936,368,42,112,-1,-1,-1,-1
25, 36245.jpg,5,592,317,48,97,-1,-1,-1,-1
25, 36245.jpg,6,541,344,52,132,-1,-1,-1,-1
25, 36245.jpg,7,331,347,52,103,-1,-1,-1,-1
25, 36245.jpg,8,630,368,43,105,-1,-1,-1,-1
25, 36245.jpg,18,841,353,35,98,-1,-1,-1,-1
26, 36246.jpg,1,864,335,41,97,-1,-1,-1,-1
26, 36246.jpg,2,936,349,37,87,-1,-1,-1,-1
26, 36246.jpg,3,863,365,37,103,-1,-1,-1,-1
26, 36246.jpg,4,933,365,43,112,-1,-1,-1,-1
26, 36246.jpg,5,590,317,48,98,-1,-1,-1,-1
26, 36246.jpg,6,539,344,51,131,-1,-1,-1,-1
26, 36246.jpg,7,326,348,54,103,-1,-1,-1,-1
26, 36246.jpg,8,624,371,42,102,-1,-1,-1,-1
26, 36246.jpg,9,930,397,49,107,-1,-1,-1,-1
26, 36246.jpg,18,838,353,36,99,-1,-1,-1,-1
27, 36247.jpg,1,865,332,37,87,-1,-1,-1,-1
27, 36247.jpg,2,933,351,38,91,-1,-1,-1,-1
27, 36247.jpg,3,857,355,39,104,-1,-1,-1,-1
27, 36247.jpg,5,587,318,49,99,-1,-1,-1,-1
27, 36247.jpg,6,537,344,52,132,-1,-1,-1,-1
27, 36247.jpg,7,322,348,56,104,-1,-1,-1,-1
27, 36247.jpg,8,613,357,43,107,-1,-1,-1,-1
27, 36247.jpg,9,929,401,45,102,-1,-1,-1,-1
27, 36247.jpg,18,833,352,36,100,-1,-1,-1,-1
28, 36248.jpg,1,869,336,34,82,-1,-1,-1,-1
28, 36248.jpg,2,931,355,38,93,-1,-1,-1,-1
28, 36248.jpg,3,856,354,39,104,-1,-1,-1,-1
28, 36248.jpg,5,585,318,49,100,-1,-1,-1,-1
28, 36248.jpg,6,537,347,49,127,-1,-1,-1,-1
28, 36248.jpg,7,315,348,57,106,-1,-1,-1,-1
28, 36248.jpg,8,602,347,44,107,-1,-1,-1,-1
28, 36248.jpg,9,928,402,45,101,-1,-1,-1,-1
28, 36248.jpg,18,842,358,37,100,-1,-1,-1,-1
29, 36249.jpg,1,870,337,34,80,-1,-1,-1,-1
29, 36249.jpg,2,927,353,34,79,-1,-1,-1,-1
29, 36249.jpg,3,851,365,38,96,-1,-1,-1,-1
29, 36249.jpg,5,582,321,48,100,-1,-1,-1,-1
29, 36249.jpg,6,534,349,49,126,-1,-1,-1,-1
29, 36249.jpg,7,310,348,57,105,-1,-1,-1,-1
29, 36249.jpg,8,604,363,43,103,-1,-1,-1,-1
29, 36249.jpg,9,924,377,47,107,-1,-1,-1,-1
29, 36249.jpg,18,830,354,38,101,-1,-1,-1,-1
30, 36250.jpg,2,925,354,32,76,-1,-1,-1,-1
30, 36250.jpg,3,846,366,40,96,-1,-1,-1,-1
30, 36250.jpg,5,584,324,47,97,-1,-1,-1,-1
30, 36250.jpg,6,531,353,47,121,-1,-1,-1,-1
30, 36250.jpg,7,306,347,57,105,-1,-1,-1,-1
30, 36250.jpg,8,603,370,42,102,-1,-1,-1,-1
30, 36250.jpg,9,922,361,45,102,-1,-1,-1,-1
30, 36250.jpg,18,825,353,37,100,-1,-1,-1,-1
31, 36251.jpg,1,869,329,32,73,-1,-1,-1,-1
31, 36251.jpg,3,845,366,40,96,-1,-1,-1,-1
31, 36251.jpg,4,917,393,39,102,-1,-1,-1,-1
31, 36251.jpg,5,579,326,45,95,-1,-1,-1,-1
31, 36251.jpg,6,528,355,46,119,-1,-1,-1,-1
31, 36251.jpg,7,299,345,56,105,-1,-1,-1,-1
31, 36251.jpg,8,592,356,48,115,-1,-1,-1,-1
31, 36251.jpg,9,920,355,43,98,-1,-1,-1,-1
31, 36251.jpg,18,832,358,38,98,-1,-1,-1,-1
32, 36252.jpg,1,870,329,31,71,-1,-1,-1,-1
32, 36252.jpg,4,914,394,39,101,-1,-1,-1,-1
32, 36252.jpg,5,563,333,52,110,-1,-1,-1,-1
32, 36252.jpg,6,526,355,45,118,-1,-1,-1,-1
32, 36252.jpg,7,293,347,55,103,-1,-1,-1,-1
32, 36252.jpg,8,587,355,48,116,-1,-1,-1,-1
32, 36252.jpg,9,919,354,42,100,-1,-1,-1,-1
32, 36252.jpg,18,835,359,40,98,-1,-1,-1,-1
33, 36253.jpg,1,864,333,33,77,-1,-1,-1,-1
33, 36253.jpg,4,911,385,42,108,-1,-1,-1,-1
33, 36253.jpg,5,567,337,56,119,-1,-1,-1,-1
33, 36253.jpg,6,534,349,47,120,-1,-1,-1,-1
33, 36253.jpg,7,288,346,54,103,-1,-1,-1,-1
33, 36253.jpg,9,917,356,40,94,-1,-1,-1,-1
33, 36253.jpg,18,835,360,40,98,-1,-1,-1,-1
34, 36254.jpg,1,864,333,33,76,-1,-1,-1,-1
34, 36254.jpg,3,862,345,38,91,-1,-1,-1,-1
34, 36254.jpg,4,907,381,44,110,-1,-1,-1,-1
34, 36254.jpg,5,551,343,55,117,-1,-1,-1,-1
34, 36254.jpg,6,524,354,46,117,-1,-1,-1,-1
34, 36254.jpg,7,281,346,53,102,-1,-1,-1,-1
34, 36254.jpg,8,579,356,44,107,-1,-1,-1,-1
34, 36254.jpg,9,912,354,34,80,-1,-1,-1,-1
34, 36254.jpg,18,833,365,41,95,-1,-1,-1,-1
35, 36255.jpg,3,854,348,36,91,-1,-1,-1,-1
35, 36255.jpg,4,902,378,47,113,-1,-1,-1,-1
35, 36255.jpg,5,546,345,57,120,-1,-1,-1,-1
35, 36255.jpg,6,518,357,46,115,-1,-1,-1,-1
35, 36255.jpg,7,277,347,52,102,-1,-1,-1,-1
35, 36255.jpg,8,574,355,44,107,-1,-1,-1,-1
35, 36255.jpg,9,906,354,38,90,-1,-1,-1,-1
35, 36255.jpg,10,574,335,40,83,-1,-1,-1,-1
35, 36255.jpg,18,833,365,44,98,-1,-1,-1,-1
36, 36256.jpg,1,859,334,32,75,-1,-1,-1,-1
36, 36256.jpg,3,852,350,41,100,-1,-1,-1,-1
36, 36256.jpg,4,898,381,48,113,-1,-1,-1,-1
36, 36256.jpg,6,528,352,46,113,-1,-1,-1,-1
36, 36256.jpg,7,271,347,53,103,-1,-1,-1,-1
36, 36256.jpg,9,903,353,41,97,-1,-1,-1,-1
36, 36256.jpg,10,574,338,39,84,-1,-1,-1,-1
36, 36256.jpg,18,833,366,44,98,-1,-1,-1,-1
37, 36257.jpg,1,858,334,32,75,-1,-1,-1,-1
37, 36257.jpg,2,914,371,42,101,-1,-1,-1,-1
37, 36257.jpg,3,855,348,42,102,-1,-1,-1,-1
37, 36257.jpg,4,887,388,45,109,-1,-1,-1,-1
37, 36257.jpg,5,539,351,55,113,-1,-1,-1,-1
37, 36257.jpg,6,517,357,46,113,-1,-1,-1,-1
37, 36257.jpg,7,264,347,54,102,-1,-1,-1,-1
37, 36257.jpg,8,567,361,39,101,-1,-1,-1,-1
37, 36257.jpg,9,900,350,41,97,-1,-1,-1,-1
37, 36257.jpg,10,575,339,39,83,-1,-1,-1,-1
37, 36257.jpg,21,799,352,42,98,-1,-1,-1,-1
38, 36258.jpg,2,916,372,42,101,-1,-1,-1,-1
38, 36258.jpg,3,853,344,38,92,-1,-1,-1,-1
38, 36258.jpg,4,876,381,45,105,-1,-1,-1,-1
38, 36258.jpg,5,535,354,55,113,-1,-1,-1,-1
38, 36258.jpg,6,513,359,46,111,-1,-1,-1,-1
38, 36258.jpg,7,260,348,54,102,-1,-1,-1,-1
38, 36258.jpg,8,554,356,39,103,-1,-1,-1,-1
38, 36258.jpg,18,840,368,44,100,-1,-1,-1,-1
38, 36258.jpg,21,795,351,41,97,-1,-1,-1,-1
39, 36259.jpg,2,913,374,41,101,-1,-1,-1,-1
39, 36259.jpg,3,851,343,37,92,-1,-1,-1,-1
39, 36259.jpg,4,869,376,49,114,-1,-1,-1,-1
39, 36259.jpg,6,513,358,48,114,-1,-1,-1,-1
39, 36259.jpg,7,254,350,54,100,-1,-1,-1,-1
39, 36259.jpg,8,553,356,38,98,-1,-1,-1,-1
39, 36259.jpg,18,825,363,45,100,-1,-1,-1,-1
39, 36259.jpg,21,792,351,42,97,-1,-1,-1,-1
40, 36260.jpg,2,912,373,41,101,-1,-1,-1,-1
40, 36260.jpg,3,851,338,33,82,-1,-1,-1,-1
40, 36260.jpg,4,864,372,50,114,-1,-1,-1,-1
40, 36260.jpg,6,523,356,47,109,-1,-1,-1,-1
40, 36260.jpg,7,249,350,54,100,-1,-1,-1,-1
40, 36260.jpg,8,548,355,38,97,-1,-1,-1,-1
40, 36260.jpg,18,824,364,45,100,-1,-1,-1,-1
40, 36260.jpg,21,788,352,42,96,-1,-1,-1,-1
