2, 12427.jpg,2,679,403,39,101,-1,-1,-1,-1
2, 12427.jpg,3,676,351,38,73,-1,-1,-1,-1
2, 12427.jpg,4,353,405,54,108,-1,-1,-1,-1
2, 12427.jpg,5,525,438,83,102,-1,-1,-1,-1
2, 12427.jpg,6,358,341,46,76,-1,-1,-1,-1
2, 12427.jpg,7,700,447,58,101,-1,-1,-1,-1
2, 12427.jpg,8,597,367,37,91,-1,-1,-1,-1
2, 12427.jpg,9,828,349,58,94,-1,-1,-1,-1
2, 12427.jpg,10,715,297,53,80,-1,-1,-1,-1
2, 12427.jpg,11,262,389,53,104,-1,-1,-1,-1
3, 12428.jpg,2,682,403,40,101,-1,-1,-1,-1
3, 12428.jpg,3,670,346,41,79,-1,-1,-1,-1
3, 12428.jpg,4,351,409,52,103,-1,-1,-1,-1
3, 12428.jpg,5,519,438,83,103,-1,-1,-1,-1
3, 12428.jpg,6,350,338,49,81,-1,-1,-1,-1
3, 12428.jpg,7,702,445,60,105,-1,-1,-1,-1
3, 12428.jpg,8,597,362,39,97,-1,-1,-1,-1
3, 12428.jpg,9,823,345,62,102,-1,-1,-1,-1
3, 12428.jpg,10,715,301,51,79,-1,-1,-1,-1
3, 12428.jpg,11,261,388,53,104,-1,-1,-1,-1
4, 12429.jpg,2,685,402,40,103,-1,-1,-1,-1
4, 12429.jpg,3,669,345,41,80,-1,-1,-1,-1
4, 12429.jpg,4,343,411,50,99,-1,-1,-1,-1
4, 12429.jpg,5,511,435,85,109,-1,-1,-1,-1
4, 12429.jpg,6,348,337,50,83,-1,-1,-1,-1
4, 12429.jpg,7,708,447,62,105,-1,-1,-1,-1
4, 12429.jpg,8,598,354,42,106,-1,-1,-1,-1
4, 12429.jpg,9,822,346,60,99,-1,-1,-1,-1
4, 12429.jpg,10,715,304,49,78,-1,-1,-1,-1
4, 12429.jpg,11,260,388,52,103,-1,-1,-1,-1
5, 12430.jpg,2,687,402,41,103,-1,-1,-1,-1
5, 12430.jpg,3,668,343,42,83,-1,-1,-1,-1
5, 12430.jpg,4,335,414,51,95,-1,-1,-1,-1
5, 12430.jpg,5,506,433,88,112,-1,-1,-1,-1
5, 12430.jpg,6,347,337,48,83,-1,-1,-1,-1
5, 12430.jpg,7,698,429,66,112,-1,-1,-1,-1
5, 12430.jpg,8,599,361,41,99,-1,-1,-1,-1
5, 12430.jpg,9,820,344,63,104,-1,-1,-1,-1
5, 12430.jpg,10,714,308,49,77,-1,-1,-1,-1
5, 12430.jpg,11,259,388,51,102,-1,-1,-1,-1
6, 12431.jpg,2,692,403,43,107,-1,-1,-1,-1
6, 12431.jpg,3,668,344,43,84,-1,-1,-1,-1
6, 12431.jpg,4,329,416,53,95,-1,-1,-1,-1
6, 12431.jpg,5,505,432,84,111,-1,-1,-1,-1
6, 12431.jpg,6,344,339,46,79,-1,-1,-1,-1
6, 12431.jpg,7,715,442,63,105,-1,-1,-1,-1
6, 12431.jpg,8,600,363,40,98,-1,-1,-1,-1
6, 12431.jpg,9,819,345,63,103,-1,-1,-1,-1
6, 12431.jpg,10,713,310,48,78,-1,-1,-1,-1
6, 12431.jpg,11,257,388,51,101,-1,-1,-1,-1
7, 12432.jpg,2,696,406,44,106,-1,-1,-1,-1
7, 12432.jpg,3,667,344,45,87,-1,-1,-1,-1
7, 12432.jpg,4,323,419,55,94,-1,-1,-1,-1
7, 12432.jpg,5,499,429,84,113,-1,-1,-1,-1
7, 12432.jpg,6,340,342,45,78,-1,-1,-1,-1
7, 12432.jpg,7,729,447,62,104,-1,-1,-1,-1
7, 12432.jpg,8,604,366,38,95,-1,-1,-1,-1
7, 12432.jpg,9,819,348,61,99,-1,-1,-1,-1
7, 12432.jpg,10,712,311,48,80,-1,-1,-1,-1
7, 12432.jpg,11,255,388,51,102,-1,-1,-1,-1
8, 12433.jpg,2,698,409,44,103,-1,-1,-1,-1
8, 12433.jpg,3,666,343,46,91,-1,-1,-1,-1
8, 12433.jpg,4,319,421,57,95,-1,-1,-1,-1
8, 12433.jpg,5,494,430,82,111,-1,-1,-1,-1
8, 12433.jpg,6,336,343,46,79,-1,-1,-1,-1
8, 12433.jpg,7,737,445,63,107,-1,-1,-1,-1
8, 12433.jpg,8,605,366,38,95,-1,-1,-1,-1
8, 12433.jpg,9,818,344,63,103,-1,-1,-1,-1
8, 12433.jpg,10,712,312,48,82,-1,-1,-1,-1
8, 12433.jpg,11,254,388,50,101,-1,-1,-1,-1
9, 12434.jpg,2,700,411,44,102,-1,-1,-1,-1
9, 12434.jpg,3,666,343,46,93,-1,-1,-1,-1
9, 12434.jpg,4,316,421,60,96,-1,-1,-1,-1
9, 12434.jpg,5,492,432,76,105,-1,-1,-1,-1
9, 12434.jpg,6,332,344,47,80,-1,-1,-1,-1
9, 12434.jpg,7,743,443,64,109,-1,-1,-1,-1
9, 12434.jpg,8,606,367,38,94,-1,-1,-1,-1
9, 12434.jpg,9,816,339,64,107,-1,-1,-1,-1
9, 12434.jpg,10,712,313,48,83,-1,-1,-1,-1
9, 12434.jpg,11,251,388,52,102,-1,-1,-1,-1
10, 12435.jpg,2,701,413,45,101,-1,-1,-1,-1
10, 12435.jpg,3,666,343,46,92,-1,-1,-1,-1
10, 12435.jpg,4,311,421,63,98,-1,-1,-1,-1
10, 12435.jpg,5,487,432,73,104,-1,-1,-1,-1
10, 12435.jpg,6,331,347,47,79,-1,-1,-1,-1
10, 12435.jpg,7,753,442,62,107,-1,-1,-1,-1
10, 12435.jpg,8,611,354,35,88,-1,-1,-1,-1
10, 12435.jpg,9,818,334,65,108,-1,-1,-1,-1
10, 12435.jpg,10,713,314,46,82,-1,-1,-1,-1
10, 12435.jpg,11,250,389,51,101,-1,-1,-1,-1
11, 12436.jpg,2,702,415,45,98,-1,-1,-1,-1
11, 12436.jpg,3,668,343,45,91,-1,-1,-1,-1
11, 12436.jpg,4,309,421,64,99,-1,-1,-1,-1
11, 12436.jpg,5,484,434,70,102,-1,-1,-1,-1
11, 12436.jpg,6,332,351,46,75,-1,-1,-1,-1
11, 12436.jpg,7,762,440,61,107,-1,-1,-1,-1
11, 12436.jpg,8,611,362,37,92,-1,-1,-1,-1
11, 12436.jpg,9,821,332,62,105,-1,-1,-1,-1
11, 12436.jpg,10,714,315,44,81,-1,-1,-1,-1
11, 12436.jpg,11,249,391,52,101,-1,-1,-1,-1
12, 12437.jpg,2,704,415,46,98,-1,-1,-1,-1
12, 12437.jpg,3,670,343,44,89,-1,-1,-1,-1
12, 12437.jpg,4,308,417,67,103,-1,-1,-1,-1
12, 12437.jpg,5,480,435,67,100,-1,-1,-1,-1
12, 12437.jpg,6,333,352,46,74,-1,-1,-1,-1
12, 12437.jpg,7,772,439,60,106,-1,-1,-1,-1
12, 12437.jpg,8,613,352,35,88,-1,-1,-1,-1
12, 12437.jpg,9,820,330,62,103,-1,-1,-1,-1
12, 12437.jpg,10,715,316,43,80,-1,-1,-1,-1
12, 12437.jpg,11,248,392,52,101,-1,-1,-1,-1
13, 12438.jpg,2,703,414,49,99,-1,-1,-1,-1
13, 12438.jpg,3,671,343,43,88,-1,-1,-1,-1
13, 12438.jpg,4,306,415,67,103,-1,-1,-1,-1
13, 12438.jpg,5,474,437,66,96,-1,-1,-1,-1
13, 12438.jpg,6,332,351,49,76,-1,-1,-1,-1
13, 12438.jpg,7,782,439,58,106,-1,-1,-1,-1
13, 12438.jpg,8,613,365,36,88,-1,-1,-1,-1
13, 12438.jpg,9,812,326,65,110,-1,-1,-1,-1
13, 12438.jpg,10,716,316,41,79,-1,-1,-1,-1
13, 12438.jpg,11,247,391,51,101,-1,-1,-1,-1
14, 12439.jpg,2,703,415,51,98,-1,-1,-1,-1
14, 12439.jpg,3,672,345,41,84,-1,-1,-1,-1
14, 12439.jpg,4,304,414,66,102,-1,-1,-1,-1
14, 12439.jpg,5,471,437,65,94,-1,-1,-1,-1
14, 12439.jpg,6,335,349,50,78,-1,-1,-1,-1
14, 12439.jpg,7,793,440,56,104,-1,-1,-1,-1
14, 12439.jpg,8,615,355,34,84,-1,-1,-1,-1
14, 12439.jpg,9,811,327,63,105,-1,-1,-1,-1
14, 12439.jpg,10,716,317,41,79,-1,-1,-1,-1
14, 12439.jpg,11,245,388,51,102,-1,-1,-1,-1
15, 12440.jpg,2,704,414,53,102,-1,-1,-1,-1
15, 12440.jpg,3,674,344,43,85,-1,-1,-1,-1
15, 12440.jpg,4,304,414,64,100,-1,-1,-1,-1
15, 12440.jpg,5,465,437,67,95,-1,-1,-1,-1
15, 12440.jpg,6,339,348,50,78,-1,-1,-1,-1
15, 12440.jpg,7,801,441,55,104,-1,-1,-1,-1
15, 12440.jpg,8,615,362,37,92,-1,-1,-1,-1
15, 12440.jpg,9,809,326,61,104,-1,-1,-1,-1
15, 12440.jpg,10,717,318,39,77,-1,-1,-1,-1
15, 12440.jpg,11,244,386,52,102,-1,-1,-1,-1
16, 12441.jpg,2,705,415,55,102,-1,-1,-1,-1
16, 12441.jpg,3,674,347,43,82,-1,-1,-1,-1
16, 12441.jpg,4,304,414,64,100,-1,-1,-1,-1
16, 12441.jpg,5,466,436,67,93,-1,-1,-1,-1
16, 12441.jpg,6,343,348,51,78,-1,-1,-1,-1
16, 12441.jpg,7,809,439,55,105,-1,-1,-1,-1
16, 12441.jpg,8,617,346,44,111,-1,-1,-1,-1
16, 12441.jpg,9,804,324,64,108,-1,-1,-1,-1
16, 12441.jpg,10,719,318,38,77,-1,-1,-1,-1
16, 12441.jpg,11,245,385,51,101,-1,-1,-1,-1
17, 12442.jpg,2,706,415,56,102,-1,-1,-1,-1
17, 12442.jpg,3,675,348,43,81,-1,-1,-1,-1
17, 12442.jpg,4,305,413,64,102,-1,-1,-1,-1
17, 12442.jpg,5,465,435,68,94,-1,-1,-1,-1
17, 12442.jpg,6,346,347,52,79,-1,-1,-1,-1
17, 12442.jpg,7,819,437,56,106,-1,-1,-1,-1
17, 12442.jpg,8,620,339,45,118,-1,-1,-1,-1
17, 12442.jpg,9,817,325,56,91,-1,-1,-1,-1
17, 12442.jpg,10,719,319,39,78,-1,-1,-1,-1
17, 12442.jpg,11,247,383,51,102,-1,-1,-1,-1
18, 12443.jpg,2,707,414,58,105,-1,-1,-1,-1
18, 12443.jpg,3,678,347,42,79,-1,-1,-1,-1
18, 12443.jpg,4,307,415,63,101,-1,-1,-1,-1
18, 12443.jpg,5,466,434,69,92,-1,-1,-1,-1
18, 12443.jpg,6,352,344,53,81,-1,-1,-1,-1
18, 12443.jpg,7,827,435,58,106,-1,-1,-1,-1
18, 12443.jpg,8,622,330,46,124,-1,-1,-1,-1
18, 12443.jpg,9,824,326,52,81,-1,-1,-1,-1
18, 12443.jpg,10,721,318,39,79,-1,-1,-1,-1
18, 12443.jpg,11,248,380,53,105,-1,-1,-1,-1
18, 12443.jpg,14,629,300,31,93,-1,-1,-1,-1
19, 12444.jpg,2,709,414,58,106,-1,-1,-1,-1
19, 12444.jpg,3,682,347,42,78,-1,-1,-1,-1
19, 12444.jpg,4,309,416,63,100,-1,-1,-1,-1
19, 12444.jpg,5,465,433,72,96,-1,-1,-1,-1
19, 12444.jpg,6,358,342,54,83,-1,-1,-1,-1
19, 12444.jpg,7,838,433,58,106,-1,-1,-1,-1
19, 12444.jpg,8,623,316,48,133,-1,-1,-1,-1
19, 12444.jpg,9,826,324,54,84,-1,-1,-1,-1
19, 12444.jpg,10,723,319,39,80,-1,-1,-1,-1
19, 12444.jpg,11,250,377,53,105,-1,-1,-1,-1
19, 12444.jpg,14,630,297,31,94,-1,-1,-1,-1
20, 12445.jpg,2,711,414,60,106,-1,-1,-1,-1
20, 12445.jpg,3,684,347,43,77,-1,-1,-1,-1
20, 12445.jpg,4,313,416,60,97,-1,-1,-1,-1
20, 12445.jpg,5,467,432,72,96,-1,-1,-1,-1
20, 12445.jpg,6,364,340,54,86,-1,-1,-1,-1
20, 12445.jpg,7,846,432,59,105,-1,-1,-1,-1
20, 12445.jpg,8,626,309,48,136,-1,-1,-1,-1
20, 12445.jpg,9,845,328,47,71,-1,-1,-1,-1
20, 12445.jpg,10,717,328,41,80,-1,-1,-1,-1
20, 12445.jpg,11,254,374,53,107,-1,-1,-1,-1
21, 12446.jpg,2,714,415,60,107,-1,-1,-1,-1
21, 12446.jpg,3,687,346,42,77,-1,-1,-1,-1
21, 12446.jpg,4,315,415,59,95,-1,-1,-1,-1
21, 12446.jpg,5,469,431,73,95,-1,-1,-1,-1
21, 12446.jpg,6,370,341,53,86,-1,-1,-1,-1
21, 12446.jpg,7,857,431,57,104,-1,-1,-1,-1
21, 12446.jpg,8,629,305,47,138,-1,-1,-1,-1
21, 12446.jpg,9,852,329,45,67,-1,-1,-1,-1
21, 12446.jpg,10,725,325,41,81,-1,-1,-1,-1
21, 12446.jpg,11,258,372,52,108,-1,-1,-1,-1
21, 12446.jpg,15,809,321,42,121,-1,-1,-1,-1
22, 12447.jpg,2,718,414,60,107,-1,-1,-1,-1
22, 12447.jpg,3,689,346,43,76,-1,-1,-1,-1
22, 12447.jpg,4,319,416,57,94,-1,-1,-1,-1
22, 12447.jpg,5,471,432,72,92,-1,-1,-1,-1
22, 12447.jpg,6,376,341,53,87,-1,-1,-1,-1
22, 12447.jpg,7,866,427,57,105,-1,-1,-1,-1
22, 12447.jpg,8,636,304,45,135,-1,-1,-1,-1
22, 12447.jpg,9,858,328,44,66,-1,-1,-1,-1
22, 12447.jpg,10,729,325,40,80,-1,-1,-1,-1
22, 12447.jpg,11,262,372,51,108,-1,-1,-1,-1
22, 12447.jpg,15,810,328,40,116,-1,-1,-1,-1
23, 12448.jpg,2,721,414,60,108,-1,-1,-1,-1
23, 12448.jpg,3,690,344,45,78,-1,-1,-1,-1
23, 12448.jpg,4,321,415,58,97,-1,-1,-1,-1
23, 12448.jpg,5,472,432,71,89,-1,-1,-1,-1
23, 12448.jpg,6,385,343,53,87,-1,-1,-1,-1
23, 12448.jpg,7,876,422,57,109,-1,-1,-1,-1
23, 12448.jpg,8,641,302,44,131,-1,-1,-1,-1
23, 12448.jpg,9,861,327,46,69,-1,-1,-1,-1
23, 12448.jpg,10,731,325,40,82,-1,-1,-1,-1
23, 12448.jpg,11,266,373,50,108,-1,-1,-1,-1
23, 12448.jpg,15,809,335,40,116,-1,-1,-1,-1
24, 12449.jpg,2,724,415,60,107,-1,-1,-1,-1
24, 12449.jpg,3,695,343,46,79,-1,-1,-1,-1
24, 12449.jpg,4,324,415,58,99,-1,-1,-1,-1
24, 12449.jpg,5,475,430,71,89,-1,-1,-1,-1
24, 12449.jpg,6,393,345,52,87,-1,-1,-1,-1
24, 12449.jpg,7,887,419,56,111,-1,-1,-1,-1
24, 12449.jpg,8,646,304,44,130,-1,-1,-1,-1
24, 12449.jpg,9,864,326,47,70,-1,-1,-1,-1
24, 12449.jpg,10,733,328,40,79,-1,-1,-1,-1
24, 12449.jpg,11,273,373,49,106,-1,-1,-1,-1
24, 12449.jpg,15,811,350,36,105,-1,-1,-1,-1
25, 12450.jpg,2,726,415,60,107,-1,-1,-1,-1
25, 12450.jpg,3,698,343,44,78,-1,-1,-1,-1
25, 12450.jpg,4,328,413,58,99,-1,-1,-1,-1
25, 12450.jpg,5,477,432,70,87,-1,-1,-1,-1
25, 12450.jpg,6,402,348,50,84,-1,-1,-1,-1
25, 12450.jpg,7,896,417,54,110,-1,-1,-1,-1
25, 12450.jpg,8,650,303,44,131,-1,-1,-1,-1
25, 12450.jpg,9,868,326,46,68,-1,-1,-1,-1
25, 12450.jpg,10,724,335,41,76,-1,-1,-1,-1
25, 12450.jpg,11,278,375,48,106,-1,-1,-1,-1
25, 12450.jpg,15,813,357,35,102,-1,-1,-1,-1
26, 12451.jpg,2,729,415,61,107,-1,-1,-1,-1
26, 12451.jpg,4,332,411,56,100,-1,-1,-1,-1
26, 12451.jpg,5,478,431,69,85,-1,-1,-1,-1
26, 12451.jpg,6,408,353,49,79,-1,-1,-1,-1
26, 12451.jpg,7,906,415,53,108,-1,-1,-1,-1
26, 12451.jpg,8,655,304,43,131,-1,-1,-1,-1
26, 12451.jpg,9,872,326,45,68,-1,-1,-1,-1
26, 12451.jpg,10,721,334,44,79,-1,-1,-1,-1
26, 12451.jpg,11,283,378,46,104,-1,-1,-1,-1
26, 12451.jpg,15,814,363,34,98,-1,-1,-1,-1
27, 12452.jpg,2,733,416,60,105,-1,-1,-1,-1
27, 12452.jpg,4,334,408,57,101,-1,-1,-1,-1
27, 12452.jpg,5,482,433,69,85,-1,-1,-1,-1
27, 12452.jpg,6,413,357,46,75,-1,-1,-1,-1
27, 12452.jpg,7,916,415,51,105,-1,-1,-1,-1
27, 12452.jpg,8,657,304,45,137,-1,-1,-1,-1
27, 12452.jpg,9,875,325,46,69,-1,-1,-1,-1
27, 12452.jpg,10,713,338,45,77,-1,-1,-1,-1
27, 12452.jpg,11,288,382,45,100,-1,-1,-1,-1
27, 12452.jpg,15,817,371,31,88,-1,-1,-1,-1
28, 12453.jpg,2,736,417,59,104,-1,-1,-1,-1
28, 12453.jpg,4,336,405,58,104,-1,-1,-1,-1
28, 12453.jpg,5,485,433,69,85,-1,-1,-1,-1
28, 12453.jpg,6,420,359,45,73,-1,-1,-1,-1
28, 12453.jpg,7,925,415,51,103,-1,-1,-1,-1
28, 12453.jpg,8,661,308,44,138,-1,-1,-1,-1
28, 12453.jpg,9,879,324,47,71,-1,-1,-1,-1
28, 12453.jpg,10,710,338,46,80,-1,-1,-1,-1
28, 12453.jpg,11,294,385,43,96,-1,-1,-1,-1
28, 12453.jpg,15,818,372,32,88,-1,-1,-1,-1
29, 12454.jpg,2,738,416,60,104,-1,-1,-1,-1
29, 12454.jpg,4,340,402,57,104,-1,-1,-1,-1
29, 12454.jpg,5,488,432,68,85,-1,-1,-1,-1
29, 12454.jpg,6,424,361,44,71,-1,-1,-1,-1
29, 12454.jpg,7,937,417,50,101,-1,-1,-1,-1
29, 12454.jpg,8,664,306,45,144,-1,-1,-1,-1
29, 12454.jpg,9,882,324,48,72,-1,-1,-1,-1
29, 12454.jpg,10,711,336,46,82,-1,-1,-1,-1
29, 12454.jpg,11,298,384,45,99,-1,-1,-1,-1
29, 12454.jpg,15,820,372,33,88,-1,-1,-1,-1
29, 12454.jpg,16,751,327,42,80,-1,-1,-1,-1
30, 12455.jpg,2,740,414,61,106,-1,-1,-1,-1
30, 12455.jpg,4,345,399,56,105,-1,-1,-1,-1
30, 12455.jpg,5,491,430,69,86,-1,-1,-1,-1
30, 12455.jpg,6,429,360,43,70,-1,-1,-1,-1
30, 12455.jpg,7,944,418,51,100,-1,-1,-1,-1
30, 12455.jpg,8,670,309,44,147,-1,-1,-1,-1
30, 12455.jpg,9,886,325,46,70,-1,-1,-1,-1
30, 12455.jpg,10,714,334,45,80,-1,-1,-1,-1
30, 12455.jpg,11,301,386,44,98,-1,-1,-1,-1
30, 12455.jpg,15,822,372,34,87,-1,-1,-1,-1
30, 12455.jpg,16,753,326,44,82,-1,-1,-1,-1
31, 12456.jpg,2,742,412,61,107,-1,-1,-1,-1
31, 12456.jpg,3,735,331,50,82,-1,-1,-1,-1
31, 12456.jpg,4,348,396,57,105,-1,-1,-1,-1
31, 12456.jpg,5,494,427,70,89,-1,-1,-1,-1
31, 12456.jpg,6,432,358,43,70,-1,-1,-1,-1
31, 12456.jpg,7,953,419,51,97,-1,-1,-1,-1
31, 12456.jpg,8,675,323,40,133,-1,-1,-1,-1
31, 12456.jpg,9,889,325,46,70,-1,-1,-1,-1
31, 12456.jpg,10,713,335,45,80,-1,-1,-1,-1
31, 12456.jpg,11,304,386,44,97,-1,-1,-1,-1
31, 12456.jpg,15,824,367,36,94,-1,-1,-1,-1
31, 12456.jpg,16,755,325,45,83,-1,-1,-1,-1
32, 12457.jpg,2,745,411,62,109,-1,-1,-1,-1
32, 12457.jpg,3,729,330,50,84,-1,-1,-1,-1
32, 12457.jpg,4,352,394,57,105,-1,-1,-1,-1
32, 12457.jpg,5,498,425,72,91,-1,-1,-1,-1
32, 12457.jpg,6,437,355,44,71,-1,-1,-1,-1
32, 12457.jpg,7,960,421,51,94,-1,-1,-1,-1
32, 12457.jpg,8,679,333,36,120,-1,-1,-1,-1
32, 12457.jpg,9,893,322,48,73,-1,-1,-1,-1
32, 12457.jpg,11,307,386,44,95,-1,-1,-1,-1
32, 12457.jpg,15,825,365,39,99,-1,-1,-1,-1
32, 12457.jpg,16,759,324,45,84,-1,-1,-1,-1
33, 12458.jpg,2,748,411,61,107,-1,-1,-1,-1
33, 12458.jpg,3,730,328,50,85,-1,-1,-1,-1
33, 12458.jpg,4,356,393,57,102,-1,-1,-1,-1
33, 12458.jpg,5,500,420,73,94,-1,-1,-1,-1
33, 12458.jpg,6,440,353,45,72,-1,-1,-1,-1
33, 12458.jpg,7,967,422,51,93,-1,-1,-1,-1
33, 12458.jpg,8,686,342,34,113,-1,-1,-1,-1
33, 12458.jpg,9,896,322,49,74,-1,-1,-1,-1
33, 12458.jpg,11,310,386,44,96,-1,-1,-1,-1
33, 12458.jpg,15,827,365,40,100,-1,-1,-1,-1
33, 12458.jpg,16,759,321,46,84,-1,-1,-1,-1
34, 12459.jpg,2,747,407,64,113,-1,-1,-1,-1
34, 12459.jpg,3,732,326,50,86,-1,-1,-1,-1
34, 12459.jpg,4,359,393,57,101,-1,-1,-1,-1
34, 12459.jpg,5,501,416,75,97,-1,-1,-1,-1
34, 12459.jpg,6,441,350,46,72,-1,-1,-1,-1
34, 12459.jpg,7,972,421,52,93,-1,-1,-1,-1
34, 12459.jpg,8,689,342,34,110,-1,-1,-1,-1
34, 12459.jpg,9,900,321,48,74,-1,-1,-1,-1
34, 12459.jpg,11,315,385,44,96,-1,-1,-1,-1
34, 12459.jpg,15,829,365,42,101,-1,-1,-1,-1
34, 12459.jpg,16,762,320,46,85,-1,-1,-1,-1
35, 12460.jpg,2,747,404,64,116,-1,-1,-1,-1
35, 12460.jpg,3,735,327,50,86,-1,-1,-1,-1
35, 12460.jpg,4,363,392,59,103,-1,-1,-1,-1
35, 12460.jpg,5,500,412,74,99,-1,-1,-1,-1
35, 12460.jpg,6,443,347,49,76,-1,-1,-1,-1
35, 12460.jpg,7,976,418,54,96,-1,-1,-1,-1
35, 12460.jpg,8,691,340,35,114,-1,-1,-1,-1
35, 12460.jpg,9,903,319,50,75,-1,-1,-1,-1
35, 12460.jpg,11,318,384,43,95,-1,-1,-1,-1
35, 12460.jpg,15,833,367,42,99,-1,-1,-1,-1
35, 12460.jpg,16,767,321,45,83,-1,-1,-1,-1
36, 12461.jpg,2,750,405,61,113,-1,-1,-1,-1
36, 12461.jpg,3,738,326,50,87,-1,-1,-1,-1
36, 12461.jpg,4,365,387,63,106,-1,-1,-1,-1
36, 12461.jpg,5,499,409,74,99,-1,-1,-1,-1
36, 12461.jpg,6,447,343,49,77,-1,-1,-1,-1
36, 12461.jpg,7,982,414,54,98,-1,-1,-1,-1
36, 12461.jpg,8,691,337,36,119,-1,-1,-1,-1
36, 12461.jpg,9,906,317,50,75,-1,-1,-1,-1
36, 12461.jpg,11,320,382,44,96,-1,-1,-1,-1
36, 12461.jpg,15,836,367,43,101,-1,-1,-1,-1
36, 12461.jpg,16,762,319,49,88,-1,-1,-1,-1
37, 12462.jpg,2,751,406,58,110,-1,-1,-1,-1
37, 12462.jpg,4,370,391,62,100,-1,-1,-1,-1
37, 12462.jpg,5,498,406,72,101,-1,-1,-1,-1
37, 12462.jpg,6,448,338,51,80,-1,-1,-1,-1
37, 12462.jpg,7,986,410,55,101,-1,-1,-1,-1
37, 12462.jpg,8,693,334,36,119,-1,-1,-1,-1
37, 12462.jpg,9,907,316,51,75,-1,-1,-1,-1
37, 12462.jpg,11,325,381,44,95,-1,-1,-1,-1
37, 12462.jpg,15,839,368,43,100,-1,-1,-1,-1
37, 12462.jpg,16,766,316,50,89,-1,-1,-1,-1
38, 12463.jpg,2,752,404,57,113,-1,-1,-1,-1
38, 12463.jpg,4,376,393,62,98,-1,-1,-1,-1
38, 12463.jpg,5,495,406,70,99,-1,-1,-1,-1
38, 12463.jpg,6,450,335,52,81,-1,-1,-1,-1
38, 12463.jpg,7,990,406,55,103,-1,-1,-1,-1
38, 12463.jpg,8,694,330,37,125,-1,-1,-1,-1
38, 12463.jpg,9,909,316,52,75,-1,-1,-1,-1
38, 12463.jpg,11,324,378,47,100,-1,-1,-1,-1
38, 12463.jpg,15,841,369,43,99,-1,-1,-1,-1
38, 12463.jpg,16,768,313,51,90,-1,-1,-1,-1
39, 12464.jpg,2,753,403,56,115,-1,-1,-1,-1
39, 12464.jpg,4,380,393,61,97,-1,-1,-1,-1
39, 12464.jpg,5,492,406,69,99,-1,-1,-1,-1
39, 12464.jpg,6,452,333,51,81,-1,-1,-1,-1
39, 12464.jpg,7,994,404,53,103,-1,-1,-1,-1
39, 12464.jpg,8,692,330,35,113,-1,-1,-1,-1
39, 12464.jpg,9,911,314,52,76,-1,-1,-1,-1
39, 12464.jpg,11,343,384,50,96,-1,-1,-1,-1
39, 12464.jpg,15,843,368,46,102,-1,-1,-1,-1
39, 12464.jpg,16,767,311,52,91,-1,-1,-1,-1
40, 12465.jpg,2,753,402,56,116,-1,-1,-1,-1
40, 12465.jpg,4,386,392,64,98,-1,-1,-1,-1
40, 12465.jpg,5,490,405,69,102,-1,-1,-1,-1
40, 12465.jpg,6,452,332,52,80,-1,-1,-1,-1
40, 12465.jpg,7,999,402,52,104,-1,-1,-1,-1
40, 12465.jpg,8,692,330,37,118,-1,-1,-1,-1
40, 12465.jpg,9,912,313,54,77,-1,-1,-1,-1
40, 12465.jpg,11,348,384,50,96,-1,-1,-1,-1
40, 12465.jpg,15,845,368,46,102,-1,-1,-1,-1
40, 12465.jpg,16,763,314,51,90,-1,-1,-1,-1
