2, 26982.jpg,1,854,336,35,84,-1,-1,-1,-1
2, 26982.jpg,2,646,328,34,100,-1,-1,-1,-1
2, 26982.jpg,3,690,336,24,89,-1,-1,-1,-1
2, 26982.jpg,5,483,350,59,67,-1,-1,-1,-1
2, 26982.jpg,7,733,386,60,118,-1,-1,-1,-1
2, 26982.jpg,8,357,360,48,81,-1,-1,-1,-1
2, 26982.jpg,9,438,434,55,89,-1,-1,-1,-1
3, 26983.jpg,1,848,353,39,93,-1,-1,-1,-1
3, 26983.jpg,2,648,326,30,87,-1,-1,-1,-1
3, 26983.jpg,3,693,332,23,83,-1,-1,-1,-1
3, 26983.jpg,5,479,348,62,70,-1,-1,-1,-1
3, 26983.jpg,7,730,378,63,125,-1,-1,-1,-1
3, 26983.jpg,8,357,360,48,80,-1,-1,-1,-1
3, 26983.jpg,9,433,434,56,91,-1,-1,-1,-1
4, 26984.jpg,1,851,340,35,82,-1,-1,-1,-1
4, 26984.jpg,2,651,335,27,78,-1,-1,-1,-1
4, 26984.jpg,3,693,330,24,86,-1,-1,-1,-1
4, 26984.jpg,5,474,347,62,70,-1,-1,-1,-1
4, 26984.jpg,7,728,370,64,128,-1,-1,-1,-1
4, 26984.jpg,8,355,357,51,84,-1,-1,-1,-1
4, 26984.jpg,9,428,432,57,94,-1,-1,-1,-1
4, 26984.jpg,11,825,392,52,87,-1,-1,-1,-1
4, 26984.jpg,12,646,419,32,95,-1,-1,-1,-1
5, 26985.jpg,1,851,363,35,84,-1,-1,-1,-1
5, 26985.jpg,2,647,344,31,94,-1,-1,-1,-1
5, 26985.jpg,3,695,330,25,90,-1,-1,-1,-1
5, 26985.jpg,5,470,345,60,70,-1,-1,-1,-1
5, 26985.jpg,7,725,366,64,128,-1,-1,-1,-1
5, 26985.jpg,8,353,356,50,85,-1,-1,-1,-1
5, 26985.jpg,9,425,430,58,96,-1,-1,-1,-1
5, 26985.jpg,11,818,401,51,85,-1,-1,-1,-1
5, 26985.jpg,12,647,411,37,108,-1,-1,-1,-1
6, 26986.jpg,1,850,372,35,84,-1,-1,-1,-1
6, 26986.jpg,2,647,344,31,94,-1,-1,-1,-1
6, 26986.jpg,3,695,329,28,100,-1,-1,-1,-1
6, 26986.jpg,5,466,343,59,70,-1,-1,-1,-1
6, 26986.jpg,7,723,365,58,121,-1,-1,-1,-1
6, 26986.jpg,8,350,357,50,84,-1,-1,-1,-1
6, 26986.jpg,9,420,430,59,97,-1,-1,-1,-1
6, 26986.jpg,11,824,394,54,90,-1,-1,-1,-1
6, 26986.jpg,12,644,400,41,123,-1,-1,-1,-1
7, 26987.jpg,1,845,383,36,82,-1,-1,-1,-1
7, 26987.jpg,3,695,328,29,104,-1,-1,-1,-1
7, 26987.jpg,5,461,341,59,72,-1,-1,-1,-1
7, 26987.jpg,7,718,363,57,119,-1,-1,-1,-1
7, 26987.jpg,8,346,359,49,84,-1,-1,-1,-1
7, 26987.jpg,9,416,430,59,97,-1,-1,-1,-1
7, 26987.jpg,11,820,402,51,87,-1,-1,-1,-1
7, 26987.jpg,12,645,399,41,125,-1,-1,-1,-1
8, 26988.jpg,1,844,391,35,80,-1,-1,-1,-1
8, 26988.jpg,3,697,326,27,94,-1,-1,-1,-1
8, 26988.jpg,5,457,340,58,72,-1,-1,-1,-1
8, 26988.jpg,7,717,360,58,125,-1,-1,-1,-1
8, 26988.jpg,8,343,360,48,83,-1,-1,-1,-1
8, 26988.jpg,9,412,430,59,98,-1,-1,-1,-1
8, 26988.jpg,11,829,395,51,85,-1,-1,-1,-1
8, 26988.jpg,12,645,398,41,126,-1,-1,-1,-1
8, 26988.jpg,13,847,343,47,97,-1,-1,-1,-1
9, 26989.jpg,2,652,350,36,107,-1,-1,-1,-1
9, 26989.jpg,3,698,325,27,94,-1,-1,-1,-1
9, 26989.jpg,5,453,339,55,70,-1,-1,-1,-1
9, 26989.jpg,7,707,356,55,123,-1,-1,-1,-1
9, 26989.jpg,8,341,361,48,84,-1,-1,-1,-1
9, 26989.jpg,9,405,431,59,98,-1,-1,-1,-1
9, 26989.jpg,11,823,402,50,86,-1,-1,-1,-1
9, 26989.jpg,12,648,406,38,117,-1,-1,-1,-1
9, 26989.jpg,13,844,363,48,96,-1,-1,-1,-1
10, 26990.jpg,2,652,350,31,93,-1,-1,-1,-1
10, 26990.jpg,3,697,334,30,104,-1,-1,-1,-1
10, 26990.jpg,5,451,340,51,67,-1,-1,-1,-1
10, 26990.jpg,7,711,361,55,122,-1,-1,-1,-1
10, 26990.jpg,8,339,363,48,85,-1,-1,-1,-1
10, 26990.jpg,9,400,430,59,99,-1,-1,-1,-1
10, 26990.jpg,11,821,405,50,87,-1,-1,-1,-1
10, 26990.jpg,12,651,398,36,111,-1,-1,-1,-1
10, 26990.jpg,13,846,367,44,86,-1,-1,-1,-1
11, 26991.jpg,2,656,363,31,93,-1,-1,-1,-1
11, 26991.jpg,3,699,328,29,101,-1,-1,-1,-1
11, 26991.jpg,5,445,341,50,66,-1,-1,-1,-1
11, 26991.jpg,7,701,352,57,129,-1,-1,-1,-1
11, 26991.jpg,8,336,366,47,85,-1,-1,-1,-1
11, 26991.jpg,9,396,430,58,99,-1,-1,-1,-1
11, 26991.jpg,11,829,396,54,92,-1,-1,-1,-1
11, 26991.jpg,12,652,398,38,118,-1,-1,-1,-1
11, 26991.jpg,13,857,377,42,82,-1,-1,-1,-1
12, 26992.jpg,2,657,355,29,81,-1,-1,-1,-1
12, 26992.jpg,3,700,328,29,101,-1,-1,-1,-1
12, 26992.jpg,5,438,342,53,69,-1,-1,-1,-1
12, 26992.jpg,7,697,349,56,131,-1,-1,-1,-1
12, 26992.jpg,8,334,369,47,86,-1,-1,-1,-1
12, 26992.jpg,9,389,430,59,100,-1,-1,-1,-1
12, 26992.jpg,11,833,396,54,91,-1,-1,-1,-1
12, 26992.jpg,12,653,396,39,120,-1,-1,-1,-1
12, 26992.jpg,13,859,386,42,82,-1,-1,-1,-1
13, 26993.jpg,2,658,356,29,80,-1,-1,-1,-1
13, 26993.jpg,5,432,344,53,68,-1,-1,-1,-1
13, 26993.jpg,7,703,361,54,128,-1,-1,-1,-1
13, 26993.jpg,8,331,374,47,85,-1,-1,-1,-1
13, 26993.jpg,9,384,431,59,99,-1,-1,-1,-1
13, 26993.jpg,11,834,394,54,91,-1,-1,-1,-1
13, 26993.jpg,12,655,380,35,107,-1,-1,-1,-1
13, 26993.jpg,13,865,381,42,82,-1,-1,-1,-1
13, 26993.jpg,15,843,326,48,85,-1,-1,-1,-1
14, 26994.jpg,2,661,353,27,72,-1,-1,-1,-1
14, 26994.jpg,3,707,327,27,90,-1,-1,-1,-1
14, 26994.jpg,5,431,348,51,64,-1,-1,-1,-1
14, 26994.jpg,7,707,370,53,126,-1,-1,-1,-1
14, 26994.jpg,8,331,379,45,83,-1,-1,-1,-1
14, 26994.jpg,9,380,433,59,97,-1,-1,-1,-1
14, 26994.jpg,11,828,403,55,94,-1,-1,-1,-1
14, 26994.jpg,12,656,391,38,114,-1,-1,-1,-1
14, 26994.jpg,13,870,380,42,81,-1,-1,-1,-1
14, 26994.jpg,15,843,326,48,86,-1,-1,-1,-1
15, 26995.jpg,2,661,352,27,70,-1,-1,-1,-1
15, 26995.jpg,3,710,329,31,100,-1,-1,-1,-1
15, 26995.jpg,5,431,351,50,61,-1,-1,-1,-1
15, 26995.jpg,7,710,378,51,121,-1,-1,-1,-1
15, 26995.jpg,8,331,382,44,78,-1,-1,-1,-1
15, 26995.jpg,9,377,433,60,97,-1,-1,-1,-1
15, 26995.jpg,11,828,407,54,94,-1,-1,-1,-1
15, 26995.jpg,12,658,394,39,117,-1,-1,-1,-1
15, 26995.jpg,13,865,365,46,88,-1,-1,-1,-1
15, 26995.jpg,15,844,329,47,83,-1,-1,-1,-1
16, 26996.jpg,2,662,352,26,68,-1,-1,-1,-1
16, 26996.jpg,3,714,327,33,108,-1,-1,-1,-1
16, 26996.jpg,5,433,355,49,56,-1,-1,-1,-1
16, 26996.jpg,7,705,377,56,134,-1,-1,-1,-1
16, 26996.jpg,8,331,384,43,78,-1,-1,-1,-1
16, 26996.jpg,9,375,432,61,98,-1,-1,-1,-1
16, 26996.jpg,11,830,410,52,93,-1,-1,-1,-1
16, 26996.jpg,12,660,389,39,120,-1,-1,-1,-1
16, 26996.jpg,13,873,371,47,88,-1,-1,-1,-1
16, 26996.jpg,15,843,329,49,86,-1,-1,-1,-1
17, 26997.jpg,2,663,351,31,83,-1,-1,-1,-1
17, 26997.jpg,3,714,328,36,112,-1,-1,-1,-1
17, 26997.jpg,5,433,355,50,56,-1,-1,-1,-1
17, 26997.jpg,7,705,384,54,129,-1,-1,-1,-1
17, 26997.jpg,8,330,386,44,79,-1,-1,-1,-1
17, 26997.jpg,9,372,431,63,99,-1,-1,-1,-1
17, 26997.jpg,11,832,414,49,90,-1,-1,-1,-1
17, 26997.jpg,12,661,395,39,123,-1,-1,-1,-1
17, 26997.jpg,13,868,364,48,90,-1,-1,-1,-1
17, 26997.jpg,15,844,330,48,84,-1,-1,-1,-1
18, 26998.jpg,2,663,351,31,82,-1,-1,-1,-1
18, 26998.jpg,3,717,329,34,107,-1,-1,-1,-1
18, 26998.jpg,5,435,355,52,55,-1,-1,-1,-1
18, 26998.jpg,7,707,386,53,126,-1,-1,-1,-1
18, 26998.jpg,8,329,391,43,77,-1,-1,-1,-1
18, 26998.jpg,9,370,428,65,102,-1,-1,-1,-1
18, 26998.jpg,11,835,414,48,91,-1,-1,-1,-1
18, 26998.jpg,12,663,399,39,123,-1,-1,-1,-1
18, 26998.jpg,13,867,360,50,93,-1,-1,-1,-1
19, 26999.jpg,2,665,348,33,85,-1,-1,-1,-1
19, 26999.jpg,3,721,333,35,107,-1,-1,-1,-1
19, 26999.jpg,5,437,353,53,57,-1,-1,-1,-1
19, 26999.jpg,7,708,396,49,117,-1,-1,-1,-1
19, 26999.jpg,8,330,396,42,72,-1,-1,-1,-1
19, 26999.jpg,9,367,427,66,100,-1,-1,-1,-1
19, 26999.jpg,11,837,411,48,93,-1,-1,-1,-1
19, 26999.jpg,12,666,404,38,116,-1,-1,-1,-1
19, 26999.jpg,13,879,368,50,93,-1,-1,-1,-1
19, 26999.jpg,15,847,330,53,93,-1,-1,-1,-1
20, 27000.jpg,2,665,348,30,77,-1,-1,-1,-1
20, 27000.jpg,3,723,335,37,110,-1,-1,-1,-1
20, 27000.jpg,5,437,351,57,59,-1,-1,-1,-1
20, 27000.jpg,7,713,390,48,117,-1,-1,-1,-1
20, 27000.jpg,8,329,402,41,67,-1,-1,-1,-1
20, 27000.jpg,9,365,425,66,102,-1,-1,-1,-1
20, 27000.jpg,11,838,408,49,96,-1,-1,-1,-1
20, 27000.jpg,12,669,406,38,115,-1,-1,-1,-1
20, 27000.jpg,13,885,370,50,94,-1,-1,-1,-1
20, 27000.jpg,15,849,330,53,95,-1,-1,-1,-1
21, 27001.jpg,2,665,346,31,77,-1,-1,-1,-1
21, 27001.jpg,3,724,324,32,95,-1,-1,-1,-1
21, 27001.jpg,5,437,349,59,60,-1,-1,-1,-1
21, 27001.jpg,7,716,387,48,113,-1,-1,-1,-1
21, 27001.jpg,8,322,407,42,66,-1,-1,-1,-1
21, 27001.jpg,9,363,425,64,99,-1,-1,-1,-1
21, 27001.jpg,11,840,404,50,100,-1,-1,-1,-1
21, 27001.jpg,12,672,411,35,110,-1,-1,-1,-1
21, 27001.jpg,13,892,369,51,97,-1,-1,-1,-1
21, 27001.jpg,15,853,331,51,92,-1,-1,-1,-1
22, 27002.jpg,2,664,343,32,80,-1,-1,-1,-1
22, 27002.jpg,3,723,331,38,111,-1,-1,-1,-1
22, 27002.jpg,5,436,346,62,63,-1,-1,-1,-1
22, 27002.jpg,7,717,388,47,112,-1,-1,-1,-1
22, 27002.jpg,8,318,412,41,64,-1,-1,-1,-1
22, 27002.jpg,9,361,424,63,97,-1,-1,-1,-1
22, 27002.jpg,11,842,407,49,98,-1,-1,-1,-1
22, 27002.jpg,12,672,408,36,110,-1,-1,-1,-1
22, 27002.jpg,13,895,368,51,99,-1,-1,-1,-1
22, 27002.jpg,15,854,330,52,94,-1,-1,-1,-1
23, 27003.jpg,2,663,339,33,83,-1,-1,-1,-1
23, 27003.jpg,3,724,331,39,113,-1,-1,-1,-1
23, 27003.jpg,5,436,344,63,63,-1,-1,-1,-1
23, 27003.jpg,7,717,388,47,110,-1,-1,-1,-1
23, 27003.jpg,8,315,418,41,60,-1,-1,-1,-1
23, 27003.jpg,9,357,422,62,97,-1,-1,-1,-1
23, 27003.jpg,11,848,409,45,93,-1,-1,-1,-1
23, 27003.jpg,12,672,402,37,116,-1,-1,-1,-1
23, 27003.jpg,13,897,368,52,100,-1,-1,-1,-1
23, 27003.jpg,15,856,330,51,92,-1,-1,-1,-1
24, 27004.jpg,2,662,335,34,83,-1,-1,-1,-1
24, 27004.jpg,3,724,328,39,111,-1,-1,-1,-1
24, 27004.jpg,5,437,343,64,64,-1,-1,-1,-1
24, 27004.jpg,7,718,394,45,104,-1,-1,-1,-1
24, 27004.jpg,8,309,424,38,53,-1,-1,-1,-1
24, 27004.jpg,9,353,420,61,96,-1,-1,-1,-1
24, 27004.jpg,11,851,404,46,97,-1,-1,-1,-1
24, 27004.jpg,12,672,395,38,120,-1,-1,-1,-1
24, 27004.jpg,13,903,366,50,100,-1,-1,-1,-1
24, 27004.jpg,15,860,329,50,93,-1,-1,-1,-1
25, 27005.jpg,2,661,332,35,80,-1,-1,-1,-1
25, 27005.jpg,3,728,324,34,96,-1,-1,-1,-1
25, 27005.jpg,5,440,341,64,63,-1,-1,-1,-1
25, 27005.jpg,7,719,395,43,101,-1,-1,-1,-1
25, 27005.jpg,8,307,431,37,49,-1,-1,-1,-1
25, 27005.jpg,9,351,420,57,92,-1,-1,-1,-1
25, 27005.jpg,11,854,405,45,97,-1,-1,-1,-1
25, 27005.jpg,12,674,392,38,122,-1,-1,-1,-1
25, 27005.jpg,13,907,363,50,101,-1,-1,-1,-1
25, 27005.jpg,15,862,328,51,94,-1,-1,-1,-1
26, 27006.jpg,2,659,329,36,79,-1,-1,-1,-1
26, 27006.jpg,3,731,320,29,80,-1,-1,-1,-1
26, 27006.jpg,5,442,340,64,62,-1,-1,-1,-1
26, 27006.jpg,7,723,392,44,102,-1,-1,-1,-1
26, 27006.jpg,8,299,436,44,54,-1,-1,-1,-1
26, 27006.jpg,9,349,419,56,92,-1,-1,-1,-1
26, 27006.jpg,11,855,401,46,102,-1,-1,-1,-1
26, 27006.jpg,12,674,388,39,126,-1,-1,-1,-1
26, 27006.jpg,13,912,361,49,102,-1,-1,-1,-1
26, 27006.jpg,15,866,327,50,93,-1,-1,-1,-1
27, 27007.jpg,2,656,326,40,83,-1,-1,-1,-1
27, 27007.jpg,3,730,327,35,97,-1,-1,-1,-1
27, 27007.jpg,5,444,339,64,62,-1,-1,-1,-1
27, 27007.jpg,7,725,384,47,107,-1,-1,-1,-1
27, 27007.jpg,8,297,440,42,53,-1,-1,-1,-1
27, 27007.jpg,9,333,426,53,78,-1,-1,-1,-1
27, 27007.jpg,11,857,397,46,106,-1,-1,-1,-1
27, 27007.jpg,12,673,384,39,126,-1,-1,-1,-1
27, 27007.jpg,13,919,359,48,102,-1,-1,-1,-1
27, 27007.jpg,15,869,327,50,95,-1,-1,-1,-1
28, 27008.jpg,2,653,324,43,84,-1,-1,-1,-1
28, 27008.jpg,3,734,330,36,97,-1,-1,-1,-1
28, 27008.jpg,5,445,339,65,62,-1,-1,-1,-1
28, 27008.jpg,7,725,376,50,118,-1,-1,-1,-1
28, 27008.jpg,9,318,428,57,76,-1,-1,-1,-1
28, 27008.jpg,11,858,396,47,108,-1,-1,-1,-1
28, 27008.jpg,12,673,381,41,131,-1,-1,-1,-1
28, 27008.jpg,13,925,357,47,102,-1,-1,-1,-1
28, 27008.jpg,15,872,327,49,95,-1,-1,-1,-1
29, 27009.jpg,2,653,321,43,82,-1,-1,-1,-1
29, 27009.jpg,3,735,326,38,101,-1,-1,-1,-1
29, 27009.jpg,5,448,340,63,60,-1,-1,-1,-1
29, 27009.jpg,7,727,374,50,120,-1,-1,-1,-1
29, 27009.jpg,9,299,424,58,75,-1,-1,-1,-1
29, 27009.jpg,11,861,395,46,108,-1,-1,-1,-1
29, 27009.jpg,12,675,387,39,124,-1,-1,-1,-1
29, 27009.jpg,13,931,356,46,104,-1,-1,-1,-1
29, 27009.jpg,15,874,326,49,97,-1,-1,-1,-1
30, 27010.jpg,2,650,322,45,82,-1,-1,-1,-1
30, 27010.jpg,3,734,320,35,93,-1,-1,-1,-1
30, 27010.jpg,5,448,341,64,61,-1,-1,-1,-1
30, 27010.jpg,7,729,375,47,116,-1,-1,-1,-1
30, 27010.jpg,9,286,427,60,76,-1,-1,-1,-1
30, 27010.jpg,11,862,399,43,104,-1,-1,-1,-1
30, 27010.jpg,12,676,389,38,122,-1,-1,-1,-1
30, 27010.jpg,13,935,358,45,103,-1,-1,-1,-1
30, 27010.jpg,15,875,327,49,98,-1,-1,-1,-1
31, 27011.jpg,2,646,321,48,86,-1,-1,-1,-1
31, 27011.jpg,3,734,319,34,88,-1,-1,-1,-1
31, 27011.jpg,5,449,342,63,58,-1,-1,-1,-1
31, 27011.jpg,7,730,378,45,111,-1,-1,-1,-1
31, 27011.jpg,9,276,422,68,85,-1,-1,-1,-1
31, 27011.jpg,11,862,397,43,107,-1,-1,-1,-1
31, 27011.jpg,12,676,389,37,121,-1,-1,-1,-1
31, 27011.jpg,13,940,359,45,103,-1,-1,-1,-1
31, 27011.jpg,15,876,327,48,99,-1,-1,-1,-1
31, 27011.jpg,16,333,424,56,83,-1,-1,-1,-1
32, 27012.jpg,2,638,319,51,90,-1,-1,-1,-1
32, 27012.jpg,3,735,318,31,83,-1,-1,-1,-1
32, 27012.jpg,5,448,342,66,60,-1,-1,-1,-1
32, 27012.jpg,7,731,377,43,108,-1,-1,-1,-1
32, 27012.jpg,9,271,419,70,90,-1,-1,-1,-1
32, 27012.jpg,11,864,400,42,102,-1,-1,-1,-1
32, 27012.jpg,12,675,383,40,128,-1,-1,-1,-1
32, 27012.jpg,13,944,361,44,103,-1,-1,-1,-1
32, 27012.jpg,15,876,330,47,98,-1,-1,-1,-1
32, 27012.jpg,16,326,424,53,81,-1,-1,-1,-1
33, 27013.jpg,2,635,318,51,91,-1,-1,-1,-1
33, 27013.jpg,3,735,316,30,78,-1,-1,-1,-1
33, 27013.jpg,5,447,340,69,62,-1,-1,-1,-1
33, 27013.jpg,7,731,377,41,103,-1,-1,-1,-1
33, 27013.jpg,9,264,418,71,90,-1,-1,-1,-1
33, 27013.jpg,11,866,395,43,107,-1,-1,-1,-1
33, 27013.jpg,12,673,385,38,122,-1,-1,-1,-1
33, 27013.jpg,13,948,362,43,103,-1,-1,-1,-1
33, 27013.jpg,15,877,329,45,98,-1,-1,-1,-1
33, 27013.jpg,16,320,425,55,82,-1,-1,-1,-1
34, 27014.jpg,2,630,318,52,91,-1,-1,-1,-1
34, 27014.jpg,3,733,317,35,90,-1,-1,-1,-1
34, 27014.jpg,5,446,338,72,64,-1,-1,-1,-1
34, 27014.jpg,7,731,377,40,100,-1,-1,-1,-1
34, 27014.jpg,9,259,430,63,81,-1,-1,-1,-1
34, 27014.jpg,11,867,393,44,110,-1,-1,-1,-1
34, 27014.jpg,12,671,385,38,121,-1,-1,-1,-1
34, 27014.jpg,13,951,363,43,102,-1,-1,-1,-1
34, 27014.jpg,15,877,329,45,97,-1,-1,-1,-1
34, 27014.jpg,16,315,426,56,85,-1,-1,-1,-1
35, 27015.jpg,2,623,318,52,90,-1,-1,-1,-1
35, 27015.jpg,3,734,328,37,95,-1,-1,-1,-1
35, 27015.jpg,5,451,336,72,64,-1,-1,-1,-1
35, 27015.jpg,7,732,377,39,98,-1,-1,-1,-1
35, 27015.jpg,9,251,430,64,81,-1,-1,-1,-1
35, 27015.jpg,11,869,392,43,109,-1,-1,-1,-1
35, 27015.jpg,12,669,386,39,121,-1,-1,-1,-1
35, 27015.jpg,13,956,363,44,102,-1,-1,-1,-1
35, 27015.jpg,15,878,330,43,94,-1,-1,-1,-1
35, 27015.jpg,16,294,425,58,86,-1,-1,-1,-1
36, 27016.jpg,2,615,319,52,89,-1,-1,-1,-1
36, 27016.jpg,3,733,324,36,94,-1,-1,-1,-1
36, 27016.jpg,5,452,336,74,65,-1,-1,-1,-1
36, 27016.jpg,7,730,367,41,102,-1,-1,-1,-1
36, 27016.jpg,11,870,392,42,107,-1,-1,-1,-1
36, 27016.jpg,12,669,388,39,121,-1,-1,-1,-1
36, 27016.jpg,13,959,363,45,103,-1,-1,-1,-1
36, 27016.jpg,15,879,332,41,92,-1,-1,-1,-1
36, 27016.jpg,16,277,428,59,83,-1,-1,-1,-1
37, 27017.jpg,2,608,321,51,86,-1,-1,-1,-1
37, 27017.jpg,3,734,325,36,94,-1,-1,-1,-1
37, 27017.jpg,5,459,334,72,66,-1,-1,-1,-1
37, 27017.jpg,7,737,367,40,102,-1,-1,-1,-1
37, 27017.jpg,9,248,434,65,80,-1,-1,-1,-1
37, 27017.jpg,11,871,392,42,107,-1,-1,-1,-1
37, 27017.jpg,12,668,389,39,121,-1,-1,-1,-1
37, 27017.jpg,13,960,361,47,105,-1,-1,-1,-1
37, 27017.jpg,15,876,335,42,91,-1,-1,-1,-1
37, 27017.jpg,16,268,429,58,82,-1,-1,-1,-1
38, 27018.jpg,2,603,319,51,87,-1,-1,-1,-1
38, 27018.jpg,3,731,324,35,91,-1,-1,-1,-1
38, 27018.jpg,5,466,334,70,66,-1,-1,-1,-1
38, 27018.jpg,7,733,364,42,105,-1,-1,-1,-1
38, 27018.jpg,9,244,438,61,75,-1,-1,-1,-1
38, 27018.jpg,11,871,394,42,105,-1,-1,-1,-1
38, 27018.jpg,12,666,391,40,120,-1,-1,-1,-1
38, 27018.jpg,13,961,362,47,104,-1,-1,-1,-1
38, 27018.jpg,15,878,336,40,86,-1,-1,-1,-1
39, 27019.jpg,1,875,372,39,84,-1,-1,-1,-1
39, 27019.jpg,2,596,318,51,85,-1,-1,-1,-1
39, 27019.jpg,3,731,325,35,91,-1,-1,-1,-1
39, 27019.jpg,5,472,333,69,68,-1,-1,-1,-1
39, 27019.jpg,7,733,363,43,106,-1,-1,-1,-1
39, 27019.jpg,9,238,439,61,74,-1,-1,-1,-1
39, 27019.jpg,11,873,393,41,106,-1,-1,-1,-1
39, 27019.jpg,12,666,391,41,122,-1,-1,-1,-1
39, 27019.jpg,13,963,361,48,104,-1,-1,-1,-1
39, 27019.jpg,15,879,337,39,85,-1,-1,-1,-1
39, 27019.jpg,17,282,422,60,90,-1,-1,-1,-1
40, 27020.jpg,1,877,371,38,84,-1,-1,-1,-1
40, 27020.jpg,2,591,316,51,86,-1,-1,-1,-1
40, 27020.jpg,3,731,317,32,84,-1,-1,-1,-1
40, 27020.jpg,5,475,333,68,71,-1,-1,-1,-1
40, 27020.jpg,7,743,365,38,99,-1,-1,-1,-1
40, 27020.jpg,9,236,444,62,74,-1,-1,-1,-1
40, 27020.jpg,11,874,402,39,96,-1,-1,-1,-1
40, 27020.jpg,12,662,391,42,120,-1,-1,-1,-1
40, 27020.jpg,13,968,360,46,103,-1,-1,-1,-1
40, 27020.jpg,15,883,337,39,83,-1,-1,-1,-1
40, 27020.jpg,17,291,417,64,98,-1,-1,-1,-1
